247.84682	18.345789	16.066572	4.3713552	0.76421977	2006-05-30 00:00:00
303.6991	14.237817	11.203944	5.4830302	0.63285985	2006-05-31 00:00:00
342.05028	12.575739	8.8627145	3.659984	0.52431543	2006-06-01 00:00:00
362.37202	13.365289	6.9260752	3.9778518	0.4647044	2006-06-02 00:00:00
284.12653	15.884912	10.851282	5.0421477	0.6938494	2006-06-03 00:00:00
159.94115	17.139581	13.408339	6.7464159	0.96765225	2006-06-04 00:00:00
355.59044	11.507593	7.4661115	5.9940723	0.49293199	2006-06-05 00:00:00
374.83685	11.451624	7.3138754	4.427912	0.41931508	2006-06-06 00:00:00
172.57652	11.369073	9.8264874	3.4976724	0.95050342	2006-06-07 00:00:00
209.15115	11.00802	8.2498382	2.4786155	0.88100297	2006-06-08 00:00:00
47.535334	12.491998	13.361316	2.5897311	1	2006-06-09 00:00:00
161.69577	15.478143	15.783245	3.1673301	0.962617	2006-06-10 00:00:00
290.11459	15.815302	13.932263	2.8167363	0.6724394	2006-06-11 00:00:00
259.41104	15.124719	13.442744	2.0127681	0.75522	2006-06-12 00:00:00
189.43922	14.191766	14.150643	3.5197369	0.91068592	2006-06-13 00:00:00
210.66031	13.604395	13.455112	4.950565	0.86788086	2006-06-14 00:00:00
215.87357	12.972528	11.372785	6.4075034	0.86190455	2006-06-15 00:00:00
55.408249	10.555688	11.8433	3.6855387	1	2006-06-16 00:00:00
128.56551	10.930658	11.775271	3.7942497	1	2006-06-17 00:00:00
36.223151	9.9063049	11.572849	5.2077369	1	2006-06-18 00:00:00
152.95484	12.270441	13.42283	3.1689602	0.98449653	2006-06-19 00:00:00
58.839623	11.603143	13.198301	4.8014631	1	2006-06-20 00:00:00
108.25878	8.7647034	9.59796	5.6488648	1	2006-06-21 00:00:00
390.11066	11.796564	8.6869557	2.8507038	0.34920736	2006-06-22 00:00:00
390.80048	12.510034	9.3128536	1.5923506	0.33813173	2006-06-23 00:00:00
374.45466	14.971552	10.626819	2.6549936	0.40485611	2006-06-24 00:00:00
383.24422	15.49917	10.249471	2.8797894	0.36575766	2006-06-25 00:00:00
339.27393	16.236536	10.687141	4.1753926	0.53979001	2006-06-26 00:00:00
130.89449	18.084467	14.397537	5.4265248	1	2006-06-27 00:00:00
255.78105	18.028162	16.283343	2.6529348	0.7543585	2006-06-28 00:00:00
72.438683	15.621057	15.130784	2.6059218	1	2006-06-29 00:00:00
229.12851	16.54635	15.386627	1.7151342	0.82008958	2006-06-30 00:00:00
272.43087	18.01568	15.842481	1.809588	0.7109066	2006-07-01 00:00:00
243.4174	17.854883	16.091224	1.943601	0.78304837	2006-07-02 00:00:00
216.38094	17.695398	16.337688	2.0761974	0.84490728	2006-07-03 00:00:00
375.25402	17.166864	12.190653	2.7765388	0.37029569	2006-07-04 00:00:00
308.60485	17.516504	13.306316	2.5481661	0.61450704	2006-07-05 00:00:00
281.02601	18.195917	16.339174	1.3559417	0.68037324	2006-07-06 00:00:00
237.54406	18.543573	17.531749	1.0980342	0.78879506	2006-07-07 00:00:00
291.34699	19.47973	18.014673	2.0250678	0.64024042	2006-07-08 00:00:00
183.49221	19.92196	18.703721	5.4860244	0.90766109	2006-07-09 00:00:00
278.86407	20.146356	18.270218	3.5074428	0.67287785	2006-07-10 00:00:00
109.67405	17.339838	17.855319	3.4510446	1	2006-07-11 00:00:00
85.406962	14.074792	14.381146	2.2175956	1	2006-07-12 00:00:00
354.79626	15.903375	13.580362	3.5222322	0.42633426	2006-07-13 00:00:00
322.46231	16.838403	13.717693	1.9706854	0.5492176	2006-07-14 00:00:00
286.45322	17.417413	14.510299	2.5995834	0.65765582	2006-07-15 00:00:00
224.85507	20.109705	19.613701	4.4603538	0.80296078	2006-07-16 00:00:00
299.91026	22.066705	17.309594	5.6080348	0.5978666	2006-07-17 00:00:00
248.62652	21.049066	18.095545	4.8959613	0.74342079	2006-07-18 00:00:00
274.41959	20.205194	19.327637	3.0835758	0.66353756	2006-07-19 00:00:00
217.93265	20.724756	20.254566	5.2701165	0.81210382	2006-07-20 00:00:00
197.66394	20.852502	20.529355	5.2139061	0.85886162	2006-07-21 00:00:00
167.84191	20.554346	18.929205	6.7298913	0.92839223	2006-07-22 00:00:00
331.0332	17.448694	14.529958	2.8379232	0.47959017	2006-07-23 00:00:00
44.264975	15.017267	14.133348	3.3596918	1	2006-07-24 00:00:00
131.38999	14.160272	14.691304	3.328055	1	2006-07-25 00:00:00
278.68299	14.699884	14.178417	2.263653	0.65379502	2006-07-26 00:00:00
128.86193	17.205927	17.466352	4.4321634	1	2006-07-27 00:00:00
240.86672	21.35943	20.672555	6.0808532	0.73342207	2006-07-28 00:00:00
208.66714	20.837213	20.437937	5.7958335	0.81818345	2006-07-29 00:00:00
83.117986	19.740625	21.313736	4.6912502	1	2006-07-30 00:00:00
262.6439	19.77276	19.636403	2.1880252	0.66369201	2006-07-31 00:00:00
214.97492	19.541223	19.656476	4.9879185	0.79309086	2006-08-01 00:00:00
158.61385	19.978021	20.091844	6.7765389	0.92911302	2006-08-02 00:00:00
118.45408	19.210626	20.270526	5.370143	1	2006-08-03 00:00:00
174.63561	18.786218	19.078567	1.9739506	0.89041303	2006-08-04 00:00:00
160.46436	18.501306	19.011529	1.602639	0.92229641	2006-08-05 00:00:00
98.503384	19.079736	20.796752	4.532199	1	2006-08-06 00:00:00
158.47523	19.788385	20.697894	5.4709904	0.92032155	2006-08-07 00:00:00
200.25868	19.290918	19.542067	2.565537	0.81600882	2006-08-08 00:00:00
268.83847	19.369775	17.813723	2.3351144	0.60993218	2006-08-09 00:00:00
220.4098	19.986261	17.734723	3.6118899	0.76015512	2006-08-10 00:00:00
236.53325	20.59881	19.474941	4.1943969	0.70205273	2006-08-11 00:00:00
180.61384	20.193781	21.759618	4.7239709	0.8522286	2006-08-12 00:00:00
210.97854	19.697778	19.775627	3.8360212	0.77107209	2006-08-13 00:00:00
322.01104	18.54754	15.725219	2.0386318	0.34706972	2006-08-14 00:00:00
213.94601	19.275568	17.638187	4.0937637	0.76256523	2006-08-15 00:00:00
266.82085	19.33291	18.951973	2.5514883	0.57435812	2006-08-16 00:00:00
166.02843	18.534143	17.900007	4.2020226	0.88668717	2006-08-17 00:00:00
317.81762	14.707422	11.628874	5.1530085	0.3704049	2006-08-18 00:00:00
259.14947	12.216028	10.439003	1.860591	0.62933092	2006-08-19 00:00:00
8.3546021	12.637598	13.617713	3.8252346	1	2006-08-20 00:00:00
151.55644	13.556238	13.65385	5.9589662	0.92207545	2006-08-21 00:00:00
154.59988	12.274408	11.211959	5.6050598	0.91705517	2006-08-22 00:00:00
207.33466	12.636438	11.531561	3.2643972	0.77153455	2006-08-23 00:00:00
286.43123	13.404108	11.941739	1.128371	0.47301231	2006-08-24 00:00:00
238.79777	13.783929	12.787875	3.4570652	0.65558798	2006-08-25 00:00:00
95.715568	12.921442	13.072446	4.0665597	1	2006-08-26 00:00:00
101.49751	16.399377	16.139249	5.4705116	1	2006-08-27 00:00:00
249.17004	16.098627	14.21598	2.392641	0.58943616	2006-08-28 00:00:00
269.52105	15.362238	13.842127	2.0228085	0.49305403	2006-08-29 00:00:00
20.725358	14.14834	15.08137	2.8038502	1	2006-08-30 00:00:00
76.588834	14.004266	15.136216	2.6449256	1	2006-08-31 00:00:00
246.32809	13.627069	12.56761	3.0308722	0.57880016	2006-09-01 00:00:00
229.6677	13.065363	11.665766	2.0423808	0.64253341	2006-09-02 00:00:00
191.26092	13.404169	12.339696	0.88858572	0.76808039	2006-09-03 00:00:00
260.38457	13.863275	12.194804	1.8292725	0.48720802	2006-09-04 00:00:00
173.70058	14.596124	12.577474	2.545024	0.81321077	2006-09-05 00:00:00
210.72704	12.435175	11.613267	3.2664231	0.68607077	2006-09-06 00:00:00
50.249524	12.089075	12.766453	3.9130386	1	2006-09-07 00:00:00
65.692484	12.461145	13.334013	4.0653663	1	2006-09-08 00:00:00
219.4908	12.123285	11.322065	3.4787343	0.63116103	2006-09-09 00:00:00
231.67926	11.345911	10.23955	3.2480607	0.57584845	2006-09-10 00:00:00
235.70083	11.341333	10.564034	2.7507518	0.54535013	2006-09-11 00:00:00
250.31507	11.77157	11.495154	1.6566181	0.44898648	2006-09-12 00:00:00
223.21277	12.337549	11.8527	2.3451002	0.56449568	2006-09-13 00:00:00
195.48306	12.905786	12.219418	2.9848024	0.6772221	2006-09-14 00:00:00
122.67663	11.320306	11.020553	2.685246	0.92693308	2006-09-15 00:00:00
176.8172	11.138147	10.999567	2.8554106	0.74204759	2006-09-16 00:00:00
24.329662	11.75155	12.909045	3.5833558	1	2006-09-17 00:00:00
30.554235	12.883051	14.48249	2.1232454	1	2006-09-18 00:00:00
81.127132	13.056177	13.952378	2.9350204	1	2006-09-19 00:00:00
246.8933	12.192896	11.341624	2.9681966	0.32153961	2006-09-20 00:00:00
242.18594	11.988123	10.916741	2.2089856	0.34671438	2006-09-21 00:00:00
158.38384	12.609766	11.503143	1.6517433	0.77370972	2006-09-22 00:00:00
185.38941	12.946344	11.090066	4.0038514	0.65555259	2006-09-23 00:00:00
256.17873	8.6026855	7.5322345	3.6777237	0.14570001	2006-09-24 00:00:00
243.65849	7.1067444	7.9679756	1.4723877	0.27696927	2006-09-25 00:00:00
195.63887	10.471216	10.86812	1.7392946	0.57693911	2006-09-26 00:00:00
178.9659	13.016321	13.243745	2.1395184	0.63945646	2006-09-27 00:00:00
116.76193	13.977655	13.662018	3.7795318	0.88972002	2006-09-28 00:00:00
233.76237	9.8944031	8.9818842	3.7543065	0.2566539	2006-09-29 00:00:00
235.3072	7.6525513	8.3239724	1.2970877	0.21262085	2006-09-30 00:00:00
216.41803	7.9775024	8.6922109	2.7098944	0.3829753	2006-10-01 00:00:00
206.2625	10.152521	10.528241	2.5235537	0.42753886	2006-10-02 00:00:00
93.896429	10.960687	12.035949	2.3693464	0.95334093	2006-10-03 00:00:00
30.585154	11.652032	13.263265	1.9857903	1	2006-10-04 00:00:00
113.24683	12.442255	12.958002	3.4634214	0.87012303	2006-10-05 00:00:00
212.00224	7.4735352	5.6957773	6.3065607	0.34450917	2006-10-06 00:00:00
210.06237	5.2923828	5.1650724	4.8751005	0.34536776	2006-10-07 00:00:00
199.0641	7.3950134	7.061814	4.1369595	0.4024425	2006-10-08 00:00:00
208.83506	5.2578979	5.2104079	5.2185899	0.30438463	2006-10-09 00:00:00
184.3026	2.0549866	4.0856329	5.85253	0.50552407	2006-10-10 00:00:00
62.184925	4.8485962	7.2241785	5.4757036	1	2006-10-11 00:00:00
125.74034	6.2950378	7.8705852	3.9758964	0.78786642	2006-10-12 00:00:00
86.536033	5.7225281	7.4803705	3.9005042	0.94886004	2006-10-13 00:00:00
109.57082	6.5180298	7.9912806	3.2829838	0.8471823	2006-10-14 00:00:00
188.85875	5.0949036	6.7046014	2.9970258	0.34125252	2006-10-15 00:00:00
181.92046	4.0589844	6.3132832	4.0891038	0.39268364	2006-10-16 00:00:00
194.45194	1.7975708	4.5239658	3.2051304	0.23618083	2006-10-17 00:00:00
53.083346	1.4933411	5.4253298	2.4044362	1	2006-10-18 00:00:00
124.84464	4.1710144	6.5516242	3.7522664	0.74160365	2006-10-19 00:00:00
113.88853	0.36577759	4.8278074	1.8888657	0.79678925	2006-10-20 00:00:00
106.26413	2.4877869	5.6277036	2.4826443	0.82490939	2006-10-21 00:00:00
14.000707	9.3442932	10.652846	4.9150443	1	2006-10-22 00:00:00
71.857606	10.357965	10.386987	5.8784859	0.95658811	2006-10-23 00:00:00
94.361658	5.4553162	6.8911588	5.3614304	0.85257331	2006-10-24 00:00:00
32.518263	2.7270752	6.3673414	3.1538175	1	2006-10-25 00:00:00
134.20534	1.7355591	5.8230488	3.3412953	0.60316028	2006-10-26 00:00:00
73.411237	12.121179	11.334725	6.7955503	0.93085888	2006-10-27 00:00:00
113.6229	6.3659912	6.2660246	6.2465536	0.71902237	2006-10-28 00:00:00
140.32045	2.797937	5.3326876	4.1854917	0.51857749	2006-10-29 00:00:00
149.37223	1.0129333	4.8417502	3.4295984	0.41804102	2006-10-30 00:00:00
158.44866	0.3401123	4.149191	4.0184512	0.28407423	2006-10-31 00:00:00
153.12394	-1.5093445	4.0231704	2.6503557	0.33718997	2006-11-01 00:00:00
148.7438	0.15889893	4.4965531	2.4838278	0.36525613	2006-11-02 00:00:00
132.87471	2.7776428	5.7063361	2.2262206	0.50832603	2006-11-03 00:00:00
23.276598	5.6272522	8.2071703	3.2793224	1	2006-11-04 00:00:00
33.531138	13.284357	13.645168	5.721306	1	2006-11-05 00:00:00
111.74793	5.8667236	5.8689534	4.883116	0.64905209	2006-11-06 00:00:00
100.83347	2.4786926	5.3614467	3.8284342	0.72215015	2006-11-07 00:00:00
97.182951	2.1697327	5.5329164	2.8222527	0.73860381	2006-11-08 00:00:00
27.404166	5.2130981	8.2904997	2.6799802	1	2006-11-09 00:00:00
34.125538	8.8685547	10.527969	3.4421007	1	2006-11-10 00:00:00
124.2597	1.6085754	5.1178492	4.4625146	0.47591422	2006-11-11 00:00:00
106.41084	0.22609863	4.9232567	3.2934862	0.63507138	2006-11-12 00:00:00
78.993356	-0.98352661	4.3380883	1.9000844	0.8302573	2006-11-13 00:00:00
54.019503	0.44802246	5.3476943	2.2002078	0.97332069	2006-11-14 00:00:00
60.635314	1.0698792	6.0711879	1.7182737	0.92973941	2006-11-15 00:00:00
16.89631	2.7316833	7.1271583	3.9881862	1	2006-11-16 00:00:00
50.216945	0.73833618	5.8813941	4.2531702	0.98414679	2006-11-17 00:00:00
6.8489355	1.4511658	6.243156	6.8251734	1	2006-11-18 00:00:00
59.428958	-0.73312988	5.1217652	5.503434	0.9234983	2006-11-19 00:00:00
97.803681	-4.5755676	4.2010264	2.08821	0.63655382	2006-11-20 00:00:00
26.585349	-3.0188965	4.6395844	3.9722744	1	2006-11-21 00:00:00
15.732273	-2.0066284	5.0217017	7.4540499	1	2006-11-22 00:00:00
56.07933	-0.38739624	5.3769221	7.4248924	0.9294563	2006-11-23 00:00:00
74.917921	-3.2456421	4.8031981	2.5798077	0.79502138	2006-11-24 00:00:00
62.997244	-2.4480957	5.0240771	2.4049929	0.87641738	2006-11-25 00:00:00
52.109244	-1.6505493	5.2540653	2.2196144	0.9458031	2006-11-26 00:00:00
27.661609	1.234491	6.584561	2.2590693	1	2006-11-27 00:00:00
71.925945	0.25319824	5.5498215	4.0019979	0.79533959	2006-11-28 00:00:00
84.338114	-4.2348694	3.650251	4.3147806	0.69344253	2006-11-29 00:00:00
56.001365	-1.9752258	4.6380854	3.0564338	0.90883966	2006-11-30 00:00:00
102.78966	-6.5329651	3.0080963	4.154383	0.48501472	2006-12-01 00:00:00
94.906899	-5.9218506	3.4112546	2.497468	0.56839734	2006-12-02 00:00:00
36.392769	-2.4567932	4.7173726	2.3150892	1	2006-12-03 00:00:00
28.717432	0.86275635	6.1025371	4.4960418	1	2006-12-04 00:00:00
84.780684	-2.4525513	4.3462364	3.3290373	0.65127422	2006-12-05 00:00:00
27.631176	-1.6182312	4.9774272	2.254542	1	2006-12-06 00:00:00
90.127859	-2.981543	4.0895292	4.3722861	0.5851224	2006-12-07 00:00:00
33.718254	-5.3943237	3.5799643	3.0941702	1	2006-12-08 00:00:00
21.585026	5.0802246	8.2556676	4.7320726	1	2006-12-09 00:00:00
41.535994	6.4814392	8.6339927	4.6988405	0.98115524	2006-12-10 00:00:00
76.17197	-1.4106506	3.4089511	6.5477077	0.7167302	2006-12-11 00:00:00
78.970033	-4.4100708	2.2588046	5.0974818	0.69346161	2006-12-12 00:00:00
53.257995	-5.5190491	2.0697814	5.4359446	0.90771209	2006-12-13 00:00:00
96.079157	-6.1985535	2.2714189	4.0706102	0.4938751	2006-12-14 00:00:00
81.532355	-3.2872681	3.2337064	2.2352199	0.65553143	2006-12-15 00:00:00
39.57356	-0.78546753	4.5244802	4.0772248	0.99724067	2006-12-16 00:00:00
6.397205	1.2194458	5.5215139	6.2091658	1	2006-12-17 00:00:00
97.061329	-13.488196	1.3467685	9.170243	0.48033629	2006-12-18 00:00:00
53.450091	-12.405707	1.5650226	4.150143	0.90363502	2006-12-19 00:00:00
92.616136	-15.384375	1.1049028	5.4754164	0.54023829	2006-12-20 00:00:00
33.981504	-10.539191	2.1713902	3.2316781	1	2006-12-21 00:00:00
89.183848	-5.6714539	3.6242804	3.8952573	0.56245806	2006-12-22 00:00:00
86.390266	-9.4088501	2.6984082	2.7224734	0.60285624	2006-12-23 00:00:00
24.380958	-2.8218445	4.7199702	2.8419776	1	2006-12-24 00:00:00
71.268959	-2.7639526	4.3215305	4.9984475	0.74924954	2006-12-25 00:00:00
97.184856	-10.826941	2.2319465	4.0749614	0.47779063	2006-12-26 00:00:00
11.317763	-2.5260986	4.5576867	5.2207053	1	2006-12-27 00:00:00
94.969598	-0.41202393	4.4175346	4.1881607	0.49598312	2006-12-28 00:00:00
89.694706	-4.5420593	3.3175804	3.8383377	0.57539187	2006-12-29 00:00:00
90.077304	-8.561438	2.058696	5.4708544	0.58432262	2006-12-30 00:00:00
98.07023	-9.6937927	1.9479556	4.7035572	0.4917621	2006-12-31 00:00:00
