Results from FLAKE simulations.
 No     time         Ts            Tm            Tb            ufr_a         ufr_w         Wconv         Qw            Q_se          Q_la          I_w           Q_lwa         Q_lww         h_ML          C_T           H_B1          T_B1          Qbot          H_ice         H_snow        T_ice         T_snow   
        0   0.00000       17.2000       17.2000       8.00000      0.161753      0.558209E-02   0.00000      -100.740       8.60428      -43.4372       230.498       0.00000      -398.938       11.5500      0.500000       5.00000       4.00000      0.873600       0.00000       0.00000       0.00000       0.00000    
        1   1.00000       17.4295       17.4295       17.4295      0.222958      0.769083E-02  0.627357E-02  -257.638      -30.2518      -133.805       282.440       0.00000      -400.201       11.5500      0.500000       5.00000       4.00000       2.93300       0.00000       0.00000       0.00000       0.00000    
        2   2.00000       17.4683       17.4683       17.4683      0.134061      0.462401E-02  0.423187E-02  -256.362      -31.5789      -116.638       318.107       0.00000      -400.415       11.5500      0.500000       5.00000       4.00000       2.94148       0.00000       0.00000       0.00000       0.00000    
        3   3.00000       17.5729       17.5729       17.5729      0.148561      0.512307E-02  0.582548E-02  -290.883      -29.7396      -151.390       337.006       0.00000      -400.992       11.5500      0.500000       5.00000       4.00000       2.96433       0.00000       0.00000       0.00000       0.00000    
        4   4.00000       17.6497       17.6497       17.6497      0.199048      0.686310E-02  0.570091E-02  -232.903      -15.5605      -133.715       264.238       0.00000      -401.415       11.5500      0.500000       5.00000       4.00000       2.98109       0.00000       0.00000       0.00000       0.00000    
        5   5.00000       17.7001       17.7001       17.7001      0.288993      0.996336E-02  0.717471E-02  -174.416      -5.97789      -117.854       148.745       0.00000      -401.694       11.5500      0.500000       5.00000       4.00000       2.99210       0.00000       0.00000       0.00000       0.00000    
        6   6.00000       17.6490       17.6490       17.6490      0.252668      0.871189E-02  0.929762E-02  -385.420      -62.1409      -208.105       330.699       0.00000      -401.412       11.5500      0.500000       5.00000       4.00000       2.98094       0.00000       0.00000       0.00000       0.00000    
        7   7.00000       17.5461       17.5461       17.5461      0.171002      0.589726E-02  0.734605E-02  -332.722      -48.5009      -164.862       348.598       0.00000      -400.844       11.5500      0.500000       5.00000       4.00000       2.95847       0.00000       0.00000       0.00000       0.00000    
        8   8.00000       17.5690       17.5690       17.5690      0.127212      0.438690E-02  0.812393E-02  -211.569      -38.1752      -102.937       160.496       0.00000      -400.970       11.5500      0.500000       5.00000       4.00000       2.96347       0.00000       0.00000       0.00000       0.00000    
        9   9.00000       17.4727       17.4727       17.4727      0.837207E-01  0.288766E-02  0.585963E-02  -182.522      -26.0188      -76.7667       194.511       0.00000      -400.439       11.5500      0.500000       5.00000       4.00000       2.94244       0.00000       0.00000       0.00000       0.00000    
       10   10.0000       17.4888       17.4888       17.4888      0.875669E-01  0.302022E-02  0.822229E-02  -126.267      -20.9811      -45.3263       44.2079       0.00000      -400.527       11.5500      0.500000       5.00000       4.00000       2.94594       0.00000       0.00000       0.00000       0.00000    
       11   11.0000       17.3373       17.3373       17.3373      0.110181      0.380131E-02   0.00000      -98.9228      -9.83466      -34.5677       150.377       0.00000      -399.693       11.5500      0.500000       5.00000       4.00000       2.91288       0.00000       0.00000       0.00000       0.00000    
       12   12.0000       17.4237       17.4237       17.4237      0.953018E-01  0.328742E-02   0.00000      -136.064      -7.31347      -44.2341       269.807       0.00000      -400.169       11.5500      0.500000       5.00000       4.00000       2.93175       0.00000       0.00000       0.00000       0.00000    
       13   13.0000       17.6791       17.6566       17.4237      0.641180E-01  0.221063E-02   0.00000      -120.929      -7.55688      -32.6606       241.252       0.00000      -401.578       9.51857      0.500000       5.00000       4.00000       2.93175       0.00000       0.00000       0.00000       0.00000    
       14   14.0000       17.9428       17.8656       17.4237      0.126922      0.437369E-02  0.544586E-02  -155.051      -22.8798      -63.7993       176.178       0.00000      -403.036       8.11669      0.500000       5.00000       4.00000       2.93175       0.00000       0.00000       0.00000       0.00000    
       15   15.0000       17.9793       17.8980       17.4340      0.195898      0.675010E-02  0.717677E-02  -215.471      -38.2386      -101.701       195.914       0.00000      -403.238       8.19323      0.512953       5.00000       4.00000       2.93398       0.00000       0.00000       0.00000       0.00000    
       16   16.0000       17.8967       17.8579       17.4103      0.274232      0.945083E-02  0.899514E-02  -283.717      -51.5035      -154.357       200.762       0.00000      -402.781       9.82972      0.535634       5.00000       4.00000       2.92881       0.00000       0.00000       0.00000       0.00000    
       17   17.0000       17.7048       17.7048       17.7048      0.136043      0.469018E-02  0.100200E-01  -204.063      -46.8889      -89.9738       51.5297       0.00000      -401.720       11.5500      0.500000       5.00000       4.00000       2.99313       0.00000       0.00000       0.00000       0.00000    
       18   18.0000       17.4278       17.4278       17.4278      0.140781      0.485618E-02  0.860747E-02  -198.092      -43.9489      -89.6413       119.566       0.00000      -400.192       11.5500      0.500000       5.00000       4.00000       2.93263       0.00000       0.00000       0.00000       0.00000    
       19   19.0000       17.2827       17.2827       17.2827      0.210793      0.727328E-02  0.111030E-01  -256.836      -68.0047      -122.008       33.6875       0.00000      -399.393       11.5500      0.500000       5.00000       4.00000       2.90094       0.00000       0.00000       0.00000       0.00000    
       20   20.0000       16.8801       16.8801       16.8801      0.111808      0.386090E-02  0.535002E-02  -135.649      -24.9850      -51.2897       142.248       0.00000      -397.183       11.5500      0.500000       5.00000       4.00000       2.81300       0.00000       0.00000       0.00000       0.00000    
       21   21.0000       16.8867       16.8867       16.8867      0.188790      0.651914E-02  0.945077E-02  -188.776      -45.2618      -84.0837       54.7208       0.00000      -397.219       11.5500      0.500000       5.00000       4.00000       2.81447       0.00000       0.00000       0.00000       0.00000    
       22   22.0000       16.6430       16.6430       16.6430      0.234525      0.810228E-02  0.106585E-01  -291.844      -77.3404      -148.521       100.681       0.00000      -395.885       11.5500      0.500000       5.00000       4.00000       2.76122       0.00000       0.00000       0.00000       0.00000    
       23   23.0000       16.2975       16.2975       16.2975      0.983453E-01  0.339989E-02   0.00000      -212.737      -21.4607      -76.3911       362.803       0.00000      -394.001       11.5500      0.500000       5.00000       4.00000       2.68578       0.00000       0.00000       0.00000       0.00000    
       24   24.0000       16.5772       16.5599       16.2975      0.526190E-01  0.181810E-02   0.00000      -173.045      -12.1667      -46.6219       363.444       0.00000      -395.526       10.1215      0.500000       5.00000       4.00000       2.68578       0.00000       0.00000       0.00000       0.00000    
       25   25.0000       16.9813       16.8941       16.2975      0.890353E-01  0.307392E-02   0.00000      -172.750      -8.53320      -60.3224       348.243       0.00000      -397.738       8.60372      0.500000       5.00000       4.00000       2.68578       0.00000       0.00000       0.00000       0.00000    
       26   26.0000       17.4167       17.2018       16.2975      0.983522E-01  0.339269E-02   0.00000      -189.283      -9.03557      -74.0194       356.417       0.00000      -400.130       7.11347      0.500000       5.00000       4.00000       2.68578       0.00000       0.00000       0.00000       0.00000    
       27   27.0000       17.8351       17.4945       16.2975      0.156176      0.538291E-02  0.501537E-02  -223.509      -11.7166      -116.207       315.525       0.00000      -402.440       6.43326      0.500000       5.00000       4.00000       2.68578       0.00000       0.00000       0.00000       0.00000    
       28   28.0000       18.0283       17.6535       16.3501      0.217153      0.748177E-02  0.616595E-02  -139.338      0.520284      -94.4618       121.732       0.00000      -403.510       6.43327      0.504135       5.00000       4.00000       2.69726       0.00000       0.00000       0.00000       0.00000    
       29   29.0000       17.9336       17.6173       16.3156      0.870506E-01  0.299979E-02   0.00000      -100.016      0.386145      -28.3902       237.876       0.00000      -402.985       7.13826      0.511747       5.00000       4.00000       2.68973       0.00000       0.00000       0.00000       0.00000    
       30   30.0000       18.3930       17.8580       16.3156      0.872602E-01  0.300430E-02  0.606851E-02  -107.278      -11.4708      -40.6456       67.3680       0.00000      -405.535       5.71978      0.510186       5.00000       4.00000       2.68973       0.00000       0.00000       0.00000       0.00000    
       31   31.0000       18.2092       17.7821       16.2588      0.552370E-01  0.190245E-02   0.00000      -99.6469      -4.28719      -23.2087       213.090       0.00000      -404.513       6.62819      0.513864       5.00000       4.00000       2.67733       0.00000       0.00000       0.00000       0.00000    
       32   32.0000       18.5381       17.9793       16.2588      0.573874E-01  0.197524E-02   0.00000      -104.449      -1.37920      -23.6715       253.361       0.00000      -406.343       6.03414      0.513381       5.00000       4.00000       2.67733       0.00000       0.00000       0.00000       0.00000    
       33   33.0000       18.9944       18.2397       16.2588      0.615573E-01  0.211686E-02   0.00000      -105.927      -3.20936      -26.9528       226.378       0.00000      -408.892       5.33791      0.512977       5.00000       4.00000       2.67733       0.00000       0.00000       0.00000       0.00000    
       34   34.0000       19.3259       18.4494       16.2588      0.658128E-01  0.226172E-02  0.242414E-02  -106.537      -4.89748      -29.7904       201.234       0.00000      -410.751       5.11095      0.512626       5.00000       4.00000       2.67733       0.00000       0.00000       0.00000       0.00000    
       35   35.0000       19.5400       18.6132       16.2995      0.943248E-01  0.324019E-02  0.409482E-02  -198.981      -10.6286      -76.9722       348.986       0.00000      -411.955       5.11096      0.513036       5.00000       4.00000       2.68622       0.00000       0.00000       0.00000       0.00000    
       36   36.0000       19.8852       18.8754       16.3626      0.849243E-01  0.291528E-02  0.431582E-02  -170.872      -9.46332      -64.6066       287.003       0.00000      -413.902       5.11096      0.514167       5.00000       4.00000       2.69998       0.00000       0.00000       0.00000       0.00000    
       37   37.0000       20.1531       19.0774       16.4091      0.450332E-01  0.154508E-02   0.00000      -123.692      -4.69174      -28.5248       261.354       0.00000      -415.417       5.11097      0.515364       5.00000       4.00000       2.71014       0.00000       0.00000       0.00000       0.00000    
       38   38.0000       20.5155       19.3176       16.4091      0.374354E-01  0.128348E-02  0.174732E-02  -111.771      -4.68378      -25.7121       220.916       0.00000      -417.474       5.01085      0.515216       5.00000       4.00000       2.71014       0.00000       0.00000       0.00000       0.00000    
       39   39.0000       20.7652       19.5071       16.4538      0.639692E-01  0.219210E-02   0.00000      -126.940      -3.72322      -30.7104       270.953       0.00000      -418.896       5.01086      0.515391       5.00000       4.00000       2.71991       0.00000       0.00000       0.00000       0.00000    
       40   40.0000       21.1553       19.7587       16.4538      0.221476      0.758366E-02  0.669453E-02  -176.082      -11.4438      -96.7052       170.648       0.00000      -421.125       4.88941      0.515123       5.00000       4.00000       2.71991       0.00000       0.00000       0.00000       0.00000    
       41   41.0000       21.0480       19.7441       16.4102      0.124632      0.426850E-02  0.436660E-02  -158.467      -5.30147      -64.1457       259.344       0.00000      -420.510       5.28254      0.518093       5.00000       4.00000       2.71039       0.00000       0.00000       0.00000       0.00000    
       42   42.0000       21.2798       19.9189       16.4490      0.123977      0.424411E-02  0.724869E-02  -160.987      -23.2033      -71.7184       101.997       0.00000      -421.838       5.28255      0.519181       5.00000       4.00000       2.71886       0.00000       0.00000       0.00000       0.00000    
       43   43.0000       20.9785       19.8089       16.3690      0.733552E-01  0.251268E-02  0.759123E-02  -157.115      -23.7558      -58.7694       79.4285       0.00000      -420.114       5.93674      0.522108       5.00000       4.00000       2.70140       0.00000       0.00000       0.00000       0.00000    
       44   44.0000       20.6483       19.6657       16.2906      0.127713      0.437750E-02  0.623810E-02  -255.576      -28.8898      -107.006       329.961       0.00000      -418.230       6.59901      0.526009       5.00000       4.00000       2.68426       0.00000       0.00000       0.00000       0.00000    
       45   45.0000       20.8128       19.7933       16.3196      0.634578E-01  0.217437E-02   0.00000      -173.486      -11.6972      -52.3839       299.890       0.00000      -419.167       6.59902      0.529303       5.00000       4.00000       2.69060       0.00000       0.00000       0.00000       0.00000    
       46   46.0000       21.1242       20.0135       16.3196      0.876226E-01  0.300052E-02  0.496850E-02  -187.270      -15.3117      -71.2097       266.401       0.00000      -420.946       6.50213      0.528910       5.00000       4.00000       2.69060       0.00000       0.00000       0.00000       0.00000    
       47   47.0000       21.2976       20.1496       16.3493      0.169242      0.579345E-02  0.535789E-02  -160.026      -9.15585      -71.9173       209.115       0.00000      -421.939       6.50214      0.530827       5.00000       4.00000       2.69709       0.00000       0.00000       0.00000       0.00000    
       48   48.0000       21.4069       20.2322       16.3675      0.226384      0.774783E-02  0.566730E-02  -207.853       6.17680      -124.721       278.917       0.00000      -422.566       6.50215      0.533385       5.00000       4.00000       2.70106       0.00000       0.00000       0.00000       0.00000    
       49   49.0000       21.5705       20.3538       16.3951      0.190473      0.651668E-02  0.620543E-02  -191.955      -4.38246      -105.017       231.223       0.00000      -423.506       6.50216      0.537910       5.00000       4.00000       2.70710       0.00000       0.00000       0.00000       0.00000    
       50   50.0000       21.6598       20.4189       16.4084      0.106490      0.364272E-02  0.213138E-02  -154.300      -7.30179      -53.9392       255.210       0.00000      -424.019       6.50567      0.541059       5.00000       4.00000       2.71000       0.00000       0.00000       0.00000       0.00000    
       51   51.0000       21.8820       20.5937       16.4397      0.210037      0.718156E-02  0.632261E-02  -177.085      -10.3715      -87.5686       202.677       0.00000      -425.299       6.50568      0.542035       5.00000       4.00000       2.71683       0.00000       0.00000       0.00000       0.00000    
       52   52.0000       21.9273       20.6343       16.4470      0.207030      0.707810E-02  0.639166E-02  -167.627      -9.54305      -83.8454       183.827       0.00000      -425.561       6.55673      0.545746       5.00000       4.00000       2.71843       0.00000       0.00000       0.00000       0.00000    
       53   53.0000       21.9428       20.6583       16.4506      0.288862      0.987553E-02  0.807325E-02  -208.643      -14.5675      -126.154       156.093       0.00000      -425.650       6.63314      0.549391       5.00000       4.00000       2.71921       0.00000       0.00000       0.00000       0.00000    
       54   54.0000       21.7183       20.5598       16.4275      0.977578E-01  0.334361E-02  0.535263E-02  -223.497      -19.7958      -86.8804       307.861       0.00000      -424.356       7.00664      0.556641       5.00000       4.00000       2.71416       0.00000       0.00000       0.00000       0.00000    
       55   55.0000       21.9049       20.7051       16.4496      0.121339      0.414860E-02  0.999935E-02  -232.054      -39.9078      -115.193       41.1664       0.00000      -425.431       7.00665      0.559094       5.00000       4.00000       2.71899       0.00000       0.00000       0.00000       0.00000    
       56   56.0000       21.2632       20.3603       16.3901      0.119952      0.410644E-02  0.889911E-02  -216.202      -40.8088      -99.4418       122.193       0.00000      -421.742       7.77894      0.567497       5.00000       4.00000       2.70600       0.00000       0.00000       0.00000       0.00000    
       57   57.0000       20.9569       20.1880       16.3768      0.749949E-01  0.256895E-02  0.463657E-02  -193.034      -22.0174      -61.0711       259.175       0.00000      -419.990       8.18888      0.576917       5.00000       4.00000       2.70310       0.00000       0.00000       0.00000       0.00000    
       58   58.0000       21.0947       20.3009       16.3918      0.169783      0.581432E-02  0.842812E-02  -191.439      -30.2229      -95.7902       119.842       0.00000      -420.778       8.18889      0.580069       5.00000       4.00000       2.70638       0.00000       0.00000       0.00000       0.00000    
       59   59.0000       20.8689       20.1685       16.3950      0.251759      0.862552E-02   0.00000      -137.548       4.85387      -64.1586       224.006       0.00000      -419.487       8.48706      0.590320       5.00000       4.00000       2.70707       0.00000       0.00000       0.00000       0.00000    
       60   60.0000       21.3343       20.3176       16.3950      0.237281      0.812194E-02  0.544581E-02  -157.054      -4.77782      -77.2924       194.060       0.00000      -422.150       7.43414      0.577618       5.00000       4.00000       2.70707       0.00000       0.00000       0.00000       0.00000    
       61   61.0000       21.4193       20.3786       16.4126      0.180848      0.618925E-02  0.733617E-02  -128.549      -13.6160      -55.6200       77.2997       0.00000      -422.638       7.44207      0.584445       5.00000       4.00000       2.71091       0.00000       0.00000       0.00000       0.00000    
       62   62.0000       21.2412       20.2825       16.4128      0.699752E-01  0.239565E-02   0.00000      -126.152      -4.68502      -29.1935       244.259       0.00000      -421.617       7.66272      0.589984       5.00000       4.00000       2.71095       0.00000       0.00000       0.00000       0.00000    
       63   63.0000       21.7614       20.4879       16.4128      0.196353      0.671529E-02  0.692317E-02  -193.444      -19.0876      -89.7651       199.927       0.00000      -424.604       6.88359      0.589329       5.00000       4.00000       2.71095       0.00000       0.00000       0.00000       0.00000    
       64   64.0000       21.7413       20.4946       16.4191      0.291558      0.997173E-02  0.774376E-02  -188.638      -18.5867      -101.332       147.511       0.00000      -424.489       6.98928      0.593248       5.00000       4.00000       2.71232       0.00000       0.00000       0.00000       0.00000    
       65   65.0000       21.5704       20.4164       16.4295      0.216152      0.739525E-02  0.776574E-02  -165.109      -21.5807      -81.6800       110.162       0.00000      -423.506       7.24101      0.601687       5.00000       4.00000       2.71461       0.00000       0.00000       0.00000       0.00000    
       66   66.0000       21.3689       20.3137       16.4355      0.629982E-01  0.215624E-02  0.334453E-02  -112.075      -7.41397      -29.8175       162.411       0.00000      -422.349       7.48248      0.607372       5.00000       4.00000       2.71591       0.00000       0.00000       0.00000       0.00000    
       67   67.0000       21.4780       20.3985       16.4409      0.525008E-01  0.179655E-02  0.402194E-02  -109.015      -7.80720      -28.3782       149.232       0.00000      -422.974       7.48248      0.608549       5.00000       4.00000       2.71709       0.00000       0.00000       0.00000       0.00000    
       68   68.0000       21.5651       20.4652       16.4468      0.173635      0.594067E-02  0.759662E-02  -145.413      -19.5656      -63.6176       91.6081       0.00000      -423.475       7.48249      0.610232       5.00000       4.00000       2.71839       0.00000       0.00000       0.00000       0.00000    
       69   69.0000       21.3775       20.3645       16.4566      0.220817      0.755776E-02  0.670054E-02  -154.569      -14.7096      -71.6191       147.382       0.00000      -422.398       7.69129      0.616175       5.00000       4.00000       2.72052       0.00000       0.00000       0.00000       0.00000    
       70   70.0000       21.3303       20.3468       16.4713      0.852247E-01  0.291720E-02  0.282381E-02  -126.771      -8.10909      -37.9343       186.241       0.00000      -422.127       7.79543      0.622688       5.00000       4.00000       2.72373       0.00000       0.00000       0.00000       0.00000    
       71   71.0000       21.4580       20.4478       16.4753      0.761601E-01  0.260626E-02   0.00000      -151.162      -7.34341      -44.6168       250.020       0.00000      -422.860       7.79544      0.623706       5.00000       4.00000       2.72461       0.00000       0.00000       0.00000       0.00000    
       72   72.0000       21.7824       20.6189       16.4753      0.130070      0.444823E-02  0.631063E-02  -180.973      -11.0005      -83.7185       204.981       0.00000      -424.726       7.48487      0.622906       5.00000       4.00000       2.72461       0.00000       0.00000       0.00000       0.00000    
       73   73.0000       21.8233       20.6568       16.4864      0.156551      0.535339E-02  0.565296E-02  -176.991      -8.83868      -78.8364       219.976       0.00000      -424.961       7.52317      0.626921       5.00000       4.00000       2.72702       0.00000       0.00000       0.00000       0.00000    
       74   74.0000       21.9201       20.7284       16.4960      0.182540      0.624090E-02  0.609032E-02  -151.906      -14.0727      -60.5503       167.971       0.00000      -425.519       7.52318      0.630177       5.00000       4.00000       2.72912       0.00000       0.00000       0.00000       0.00000    
       75   75.0000       21.9420       20.7521       16.5071      0.140455      0.480184E-02  0.620182E-02  -172.616      -14.7562      -70.6767       196.210       0.00000      -425.645       7.56206      0.634107       5.00000       4.00000       2.73155       0.00000       0.00000       0.00000       0.00000    
       76   76.0000       21.9831       20.7892       16.5185      0.653568E-01  0.223422E-02   0.00000      -183.174      -10.2368      -52.0159       299.470       0.00000      -425.882       7.59501      0.638039       5.00000       4.00000       2.73404       0.00000       0.00000       0.00000       0.00000    
       77   77.0000       22.3158       20.9913       16.5185      0.153155      0.523211E-02  0.789359E-02  -221.401      -21.5859      -108.176       198.970       0.00000      -427.806       7.41091      0.637524       5.00000       4.00000       2.73404       0.00000       0.00000       0.00000       0.00000    
       78   78.0000       22.2075       20.9464       16.5365      0.851761E-01  0.291043E-02  0.347333E-02  -168.549      -11.4250      -50.8795       248.143       0.00000      -427.179       7.55776      0.643319       5.00000       4.00000       2.73796       0.00000       0.00000       0.00000       0.00000    
       79   79.0000       22.3855       21.0832       16.5398      0.158741      0.542217E-02  0.863490E-02  -220.000      -28.2118      -109.830       154.406       0.00000      -428.210       7.55777      0.644519       5.00000       4.00000       2.73868       0.00000       0.00000       0.00000       0.00000    
       80   80.0000       22.1522       20.9615       16.5641      0.208281      0.711767E-02  0.107624E-01  -422.917      -66.8823      -220.269       295.570       0.00000      -426.859       7.77417      0.651799       5.00000       4.00000       2.74401       0.00000       0.00000       0.00000       0.00000    
       81   81.0000       21.7187       20.7297       16.6077      0.615162E-01  0.210404E-02  0.811479E-02  -257.620      -35.9769      -96.3904       241.009       0.00000      -424.359       8.18609      0.664418       5.00000       4.00000       2.75351       0.00000       0.00000       0.00000       0.00000    
       82   82.0000       21.6349       20.6951       16.6358      0.143301      0.490216E-02  0.115873E-01  -279.761      -61.0814      -135.827       7.76978       0.00000      -423.876       8.32550      0.673396       5.00000       4.00000       2.75967       0.00000       0.00000       0.00000       0.00000    
       83   83.0000       20.8710       20.2058       16.7064      0.251214      0.860681E-02  0.111345E-01  -336.799      -72.9480      -178.325       140.947       0.00000      -419.500       8.88814      0.693136       5.00000       4.00000       2.77508       0.00000       0.00000       0.00000       0.00000    
       84   84.0000       20.3358       19.8519       16.7813      0.232383      0.797013E-02  0.115426E-01  -362.927      -77.6606      -198.018       143.778       0.00000      -416.453       9.36118      0.718282       5.00000       4.00000       2.79144       0.00000       0.00000       0.00000       0.00000    
       85   85.0000       19.7760       19.4566       16.7936      0.117198      0.402404E-02  0.859640E-02  -246.088      -40.3536      -106.380       192.821       0.00000      -413.285       9.82771      0.718282       5.00000       4.00000       2.79411       0.00000       0.00000       0.00000       0.00000    
       86   86.0000       19.6284       19.3567       16.7973      0.395629E-01  0.135880E-02  0.333935E-02  -200.806      -20.7544      -59.4975       266.381       0.00000      -412.453       10.0065      0.718282       5.00000       4.00000       2.79493       0.00000       0.00000       0.00000       0.00000    
       87   87.0000       19.7522       19.4684       16.7959      0.125277      0.430165E-02  0.787873E-02  -242.633      -35.8889      -100.520       222.082       0.00000      -413.151       10.0065      0.718282       5.00000       4.00000       2.79461       0.00000       0.00000       0.00000       0.00000    
       88   88.0000       19.6822       19.4267       16.7981      0.153716      0.527889E-02  0.101571E-01  -236.232      -48.9620      -116.426       89.0155       0.00000      -412.756       10.1258      0.718282       5.00000       4.00000       2.79511       0.00000       0.00000       0.00000       0.00000    
       89   89.0000       19.3321       19.1595       16.8056      0.221927      0.762666E-02  0.883108E-02  -181.348      -27.4998      -95.8799       94.3927       0.00000      -410.786       10.4519      0.718282       5.00000       4.00000       2.79675       0.00000       0.00000       0.00000       0.00000    
       90   90.0000       19.1267       18.9996       16.8102      0.788844E-01  0.271201E-02   0.00000      -158.804      -11.2132      -47.8999       231.728       0.00000      -409.633       10.6682      0.718282       5.00000       4.00000       2.79774       0.00000       0.00000       0.00000       0.00000    
       91   91.0000       19.3358       19.1245       16.8102      0.648777E-01  0.222954E-02   0.00000      -164.125      -11.8845      -41.9009       250.655       0.00000      -410.807       10.1823      0.706721       5.00000       4.00000       2.79774       0.00000       0.00000       0.00000       0.00000    
       92   92.0000       19.5932       19.2735       16.8102      0.966289E-01  0.331899E-02  0.925211E-02  -150.049      -25.2033      -58.3457       19.2746       0.00000      -412.255       9.66235      0.702861       5.00000       4.00000       2.79774       0.00000       0.00000       0.00000       0.00000    
       93   93.0000       19.2713       19.0356       16.8434      0.899433E-01  0.309132E-02  0.798070E-02  -138.314      -22.6183      -50.5538       71.2276       0.00000      -410.445       9.98872      0.718282       5.00000       4.00000       2.80499       0.00000       0.00000       0.00000       0.00000    
       94   94.0000       19.1050       18.9111       16.8470      0.106353      0.365654E-02  0.662292E-02  -217.337      -28.0651      -79.8530       229.085       0.00000      -409.512       10.1689      0.718282       5.00000       4.00000       2.80579       0.00000       0.00000       0.00000       0.00000    
       95   95.0000       19.1117       18.9269       16.8477      0.663158E-01  0.227997E-02  0.534429E-02  -182.896      -20.0025      -56.5895       213.591       0.00000      -409.549       10.2378      0.718282       5.00000       4.00000       2.80594       0.00000       0.00000       0.00000       0.00000    
       96   96.0000       19.1644       18.9765       16.8475      0.322706E-01  0.110937E-02  0.587224E-02  -164.822      -18.7348      -52.4485       177.873       0.00000      -409.844       10.2463      0.718282       5.00000       4.00000       2.80589       0.00000       0.00000       0.00000       0.00000    
       97   97.0000       19.1789       18.9947       16.8478      0.597294E-01  0.205326E-02  0.328954E-02  -184.551      -16.9252      -52.2035       242.158       0.00000      -409.926       10.2798      0.718282       5.00000       4.00000       2.80597       0.00000       0.00000       0.00000       0.00000    
       98   98.0000       19.2848       19.0922       16.8466      0.857492E-01  0.294709E-02  0.674524E-02  -169.758      -19.1147      -65.1071       161.542       0.00000      -410.520       10.2798      0.718282       5.00000       4.00000       2.80569       0.00000       0.00000       0.00000       0.00000    
       99   99.0000       19.2512       19.0726       16.8479      0.117144      0.402638E-02  0.842016E-02  -242.847      -38.5571      -98.8476       195.976       0.00000      -410.332       10.3546      0.718282       5.00000       4.00000       2.80597       0.00000       0.00000       0.00000       0.00000    
      100   100.000       19.1265       18.9840       16.8511      0.146575      0.503918E-02  0.105605E-01  -226.042      -49.0531      -106.665       46.7321       0.00000      -409.632       10.5429      0.718282       5.00000       4.00000       2.80668       0.00000       0.00000       0.00000       0.00000    
      101   101.000       18.7253       18.6596       16.8596      0.153379      0.527727E-02  0.100787E-01  -210.015      -45.4079      -97.6909       61.0940       0.00000      -407.388       10.9838      0.718282       5.00000       4.00000       2.80853       0.00000       0.00000       0.00000       0.00000    
      102   102.000       18.4033       18.3894       16.8664      0.126366      0.435061E-02  0.820495E-02  -242.892      -38.3001      -97.9318       204.126       0.00000      -405.592       11.4046      0.718282       5.00000       4.00000       2.81003       0.00000       0.00000       0.00000       0.00000    
      103   103.000       18.3153       18.3153       18.3153      0.116402      0.400825E-02  0.822656E-02  -252.298      -39.3385      -99.5167       215.462       0.00000      -405.103       11.5500      0.500000       5.00000       4.00000       3.12645       0.00000       0.00000       0.00000       0.00000    
      104   104.000       18.2440       18.2440       18.2440      0.950161E-01  0.327229E-02  0.712566E-02  -224.913      -31.7016      -77.8303       219.202       0.00000      -404.707       11.5500      0.500000       5.00000       4.00000       3.11089       0.00000       0.00000       0.00000       0.00000    
      105   105.000       18.2282       18.2282       18.2282      0.550081E-01  0.189450E-02  0.461826E-02  -193.897      -21.7353      -51.9442       232.793       0.00000      -404.619       11.5500      0.500000       5.00000       4.00000       3.10744       0.00000       0.00000       0.00000       0.00000    
      106   106.000       18.2919       18.2919       18.2919      0.781037E-01  0.268959E-02  0.570658E-02  -188.217      -22.1064      -55.4780       207.588       0.00000      -404.973       11.5500      0.500000       5.00000       4.00000       3.12134       0.00000       0.00000       0.00000       0.00000    
      107   107.000       18.3207       18.3207       18.3207      0.104331      0.359256E-02  0.726421E-02  -199.318      -27.2802      -72.6381       181.799       0.00000      -405.133       11.5500      0.500000       5.00000       4.00000       3.12765       0.00000       0.00000       0.00000       0.00000    
      108   108.000       18.2839       18.2839       18.2839      0.922910E-01  0.317819E-02  0.842047E-02  -181.140      -31.0155      -72.5513       114.089       0.00000      -404.929       11.5500      0.500000       5.00000       4.00000       3.11961       0.00000       0.00000       0.00000       0.00000    
      109   109.000       18.1589       18.1589       18.1589      0.994369E-01  0.342511E-02  0.808222E-02  -209.605      -33.8219      -77.3518       164.440       0.00000      -404.234       11.5500      0.500000       5.00000       4.00000       3.09230       0.00000       0.00000       0.00000       0.00000    
      110   110.000       18.0729       18.0729       18.0729      0.131022      0.451382E-02  0.101923E-01  -186.028      -39.9253      -80.5983       22.6266       0.00000      -403.757       11.5500      0.500000       5.00000       4.00000       3.07352       0.00000       0.00000       0.00000       0.00000    
      111   111.000       17.7764       17.7764       17.7764      0.689386E-01  0.237638E-02  0.805921E-02  -106.963      -15.7934      -30.8460       28.4154       0.00000      -402.115       11.5500      0.500000       5.00000       4.00000       3.00876       0.00000       0.00000       0.00000       0.00000    
      112   112.000       17.6311       17.6311       17.6311      0.101764      0.350892E-02  0.764071E-02  -131.180      -22.4634      -49.7373       75.4482       0.00000      -401.313       11.5500      0.500000       5.00000       4.00000       2.97703       0.00000       0.00000       0.00000       0.00000    
      113   113.000       17.5265       17.5265       17.5265      0.103590      0.357261E-02  0.639070E-02  -219.198      -26.7528      -71.0549       229.611       0.00000      -400.736       11.5500      0.500000       5.00000       4.00000       2.95419       0.00000       0.00000       0.00000       0.00000    
      114   114.000       17.5397       17.5397       17.5397      0.726026E-01  0.250385E-02  0.482700E-02  -191.206      -19.0595      -51.0505       225.233       0.00000      -400.808       11.5500      0.500000       5.00000       4.00000       2.95707       0.00000       0.00000       0.00000       0.00000    
      115   115.000       17.5950       17.5950       17.5950      0.545283E-01  0.188032E-02  0.589270E-02  -146.609      -15.5780      -43.9834       147.297       0.00000      -401.113       11.5500      0.500000       5.00000       4.00000       2.96914       0.00000       0.00000       0.00000       0.00000    
      116   116.000       17.5909       17.5909       17.5909      0.149772      0.516466E-02  0.853840E-02  -234.798      -33.0553      -104.601       172.412       0.00000      -401.091       11.5500      0.500000       5.00000       4.00000       2.96824       0.00000       0.00000       0.00000       0.00000    
      117   117.000       17.4744       17.4744       17.4744      0.136476      0.470727E-02  0.965699E-02  -332.401      -58.6165      -133.776       238.246       0.00000      -400.448       11.5500      0.500000       5.00000       4.00000       2.94281       0.00000       0.00000       0.00000       0.00000    
      118   118.000       17.3014       17.3014       17.3014      0.503798E-01  0.173826E-02  0.784824E-02  -255.111      -39.7313      -74.9316       226.602       0.00000      -399.496       11.5500      0.500000       5.00000       4.00000       2.90502       0.00000       0.00000       0.00000       0.00000    
      119   119.000       17.2454       17.2454       17.2454      0.574406E-01  0.198210E-02  0.635726E-02  -182.901      -23.1582      -49.1939       181.944       0.00000      -399.187       11.5500      0.500000       5.00000       4.00000       2.89279       0.00000       0.00000       0.00000       0.00000    
      120   120.000       17.2384       17.2384       17.2384      0.693625E-01  0.239352E-02  0.460357E-02  -144.054      -13.7182      -33.9943       166.438       0.00000      -399.149       11.5500      0.500000       5.00000       4.00000       2.89127       0.00000       0.00000       0.00000       0.00000    
      121   121.000       17.2731       17.2731       17.2731      0.138466      0.477778E-02  0.752009E-02  -155.037      -21.8351      -65.3384       108.589       0.00000      -399.340       11.5500      0.500000       5.00000       4.00000       2.89884       0.00000       0.00000       0.00000       0.00000    
      122   122.000       17.1852       17.1852       17.1852      0.139363      0.480955E-02  0.912756E-02  -295.880      -49.0054      -116.274       217.399       0.00000      -398.857       11.5500      0.500000       5.00000       4.00000       2.87964       0.00000       0.00000       0.00000       0.00000    
      123   123.000       17.0402       17.0402       17.0402      0.451137E-01  0.155736E-02  0.762385E-02  -243.862      -35.6726      -68.8423       218.836       0.00000      -398.060       11.5500      0.500000       5.00000       4.00000       2.84798       0.00000       0.00000       0.00000       0.00000    
      124   124.000       16.9905       16.9905       16.9905      0.939533E-01  0.324366E-02  0.826586E-02  -251.685      -41.3213      -79.6993       201.269       0.00000      -397.788       11.5500      0.500000       5.00000       4.00000       2.83712       0.00000       0.00000       0.00000       0.00000    
      125   125.000       16.8955       16.8955       16.8955      0.855356E-01  0.295359E-02  0.699542E-02  -206.496      -27.8305      -58.6186       191.824       0.00000      -397.267       11.5500      0.500000       5.00000       4.00000       2.81639       0.00000       0.00000       0.00000       0.00000    
      126   126.000       16.8643       16.8643       16.8643      0.789946E-01  0.272789E-02  0.727264E-02  -133.944      -22.2985      -44.1291       87.3237       0.00000      -397.096       11.5500      0.500000       5.00000       4.00000       2.80957       0.00000       0.00000       0.00000       0.00000    
      127   127.000       16.7763       16.7763       16.7763      0.640492E-01  0.221217E-02  0.777290E-02  -104.198      -15.9114      -29.6145       28.4442       0.00000      -396.614       11.5500      0.500000       5.00000       4.00000       2.79034       0.00000       0.00000       0.00000       0.00000    
      128   128.000       16.6364       16.6364       16.6364      0.124603      0.430479E-02  0.750565E-02  -155.713      -25.2868      -58.6996       105.320       0.00000      -395.849       11.5500      0.500000       5.00000       4.00000       2.75978       0.00000       0.00000       0.00000       0.00000    
      129   129.000       16.5417       16.5417       16.5417      0.271400      0.937807E-02  0.118745E-01  -450.354      -95.2007      -222.226       197.162       0.00000      -395.332       11.5500      0.500000       5.00000       4.00000       2.73910       0.00000       0.00000       0.00000       0.00000    
      130   130.000       16.0857       16.0857       16.0857      0.195346      0.675606E-02  0.113926E-01  -423.948      -95.6327      -188.435       195.358       0.00000      -392.849       11.5500      0.500000       5.00000       4.00000       2.63953       0.00000       0.00000       0.00000       0.00000    
      131   131.000       15.6738       15.6738       15.6738      0.157765      0.546071E-02  0.972435E-02  -318.418      -62.3974      -131.619       185.130       0.00000      -390.616       11.5500      0.500000       5.00000       4.00000       2.54957       0.00000       0.00000       0.00000       0.00000    
      132   132.000       15.4318       15.4318       15.4318      0.212841      0.737053E-02  0.111490E-01  -420.531      -95.3413      -186.938       194.217       0.00000      -389.309       11.5500      0.500000       5.00000       4.00000       2.49671       0.00000       0.00000       0.00000       0.00000    
      133   133.000       15.0242       15.0242       15.0242      0.248106      0.859854E-02  0.120248E-01  -484.820      -132.239      -213.819       171.401       0.00000      -387.114       11.5500      0.500000       5.00000       4.00000       2.40770       0.00000       0.00000       0.00000       0.00000    
      134   134.000       14.4617       14.4617       14.4617      0.226068      0.784336E-02  0.106419E-01  -302.481      -93.5066      -145.474       57.8320       0.00000      -384.100       11.5500      0.500000       5.00000       4.00000       2.28483       0.00000       0.00000       0.00000       0.00000    
      135   135.000       14.0218       14.0218       14.0218      0.149801      0.520172E-02  0.871329E-02  -237.517      -56.0467      -95.9013       116.939       0.00000      -381.756       11.5500      0.500000       5.00000       4.00000       2.18877       0.00000       0.00000       0.00000       0.00000    
      136   136.000       13.8032       13.8032       13.8032      0.146405      0.508597E-02  0.882736E-02  -218.890      -57.5450      -96.0533       80.4785       0.00000      -380.594       11.5500      0.500000       5.00000       4.00000       2.14101       0.00000       0.00000       0.00000       0.00000    
      137   137.000       13.5528       13.5528       13.5528      0.117875      0.409686E-02  0.775747E-02  -187.577      -40.9386      -71.2928       101.901       0.00000      -379.268       11.5500      0.500000       5.00000       4.00000       2.08633       0.00000       0.00000       0.00000       0.00000    
      138   138.000       13.3964       13.3964       13.3964      0.105886      0.368128E-02  0.764011E-02  -240.920      -43.5702      -73.9167       175.639       0.00000      -378.441       11.5500      0.500000       5.00000       4.00000       2.05218       0.00000       0.00000       0.00000       0.00000    
      139   139.000       13.2765       13.2765       13.2765      0.155787      0.541742E-02  0.894077E-02  -302.255      -69.4713      -109.342       169.186       0.00000      -377.808       11.5500      0.500000       5.00000       4.00000       2.02598       0.00000       0.00000       0.00000       0.00000    
      140   140.000       13.0358       13.0358       13.0358      0.115894      0.403201E-02  0.877376E-02  -306.026      -65.0071      -98.5544       180.840       0.00000      -376.539       11.5500      0.500000       5.00000       4.00000       1.97341       0.00000       0.00000       0.00000       0.00000    
      141   141.000       12.8092       12.8092       12.8092      0.819522E-01  0.285242E-02  0.811205E-02  -173.579      -46.1571      -62.1694       49.3675       0.00000      -375.349       11.5500      0.500000       5.00000       4.00000       1.92394       0.00000       0.00000       0.00000       0.00000    
      142   142.000       12.5846       12.5846       12.5846      0.139631      0.486207E-02  0.827051E-02  -236.585      -57.7620      -89.4467       116.106       0.00000      -374.170       11.5500      0.500000       5.00000       4.00000       1.87487       0.00000       0.00000       0.00000       0.00000    
      143   143.000       12.3666       12.3666       12.3666      0.626572E-01  0.218270E-02  0.787071E-02  -211.694      -49.9711      -64.6223       105.916       0.00000      -373.030       11.5500      0.500000       5.00000       4.00000       1.82727       0.00000       0.00000       0.00000       0.00000    
      144   144.000       12.1749       12.1749       12.1749      0.847245E-01  0.295253E-02  0.729822E-02  -182.233      -40.6300      -58.2905       98.8256       0.00000      -372.029       11.5500      0.500000       5.00000       4.00000       1.78540       0.00000       0.00000       0.00000       0.00000    
      145   145.000       12.0231       12.0231       12.0231      0.192795      0.672060E-02  0.715155E-02  -112.083      -23.6366      -48.4676       13.0207       0.00000      -371.238       11.5500      0.500000       5.00000       4.00000       1.75225       0.00000       0.00000       0.00000       0.00000    
      146   146.000       11.8436       11.8436       11.8436      0.242546      0.845777E-02  0.603978E-02  -114.116      -15.0003      -56.9004       66.8276       0.00000      -370.304       11.5500      0.500000       5.00000       4.00000       1.71304       0.00000       0.00000       0.00000       0.00000    
      147   147.000       11.7563       11.7563       11.7563      0.218303      0.761368E-02  0.835980E-02  -235.934      -60.5257      -107.269       87.7563       0.00000      -369.851       11.5500      0.500000       5.00000       4.00000       1.69397       0.00000       0.00000       0.00000       0.00000    
      148   148.000       11.4893       11.4893       11.4893      0.112801      0.393614E-02  0.785755E-02  -168.230      -49.3940      -65.8386       30.2420       0.00000      -368.466       11.5500      0.500000       5.00000       4.00000       1.63567       0.00000       0.00000       0.00000       0.00000    
      149   149.000       11.2406       11.2406       11.2406      0.121334      0.423592E-02  0.768914E-02  -236.219      -57.6724      -74.0272       124.811       0.00000      -367.180       11.5500      0.500000       5.00000       4.00000       1.58135       0.00000       0.00000       0.00000       0.00000    
      150   150.000       11.0393       11.0393       11.0393      0.288968      0.100922E-01  0.224318E-02  -55.9031       11.8203      -32.0068       68.2725       0.00000      -366.142       11.5500      0.500000       5.00000       4.00000       1.53739       0.00000       0.00000       0.00000       0.00000    
      151   151.000       11.0586       11.0586       11.0586      0.265460      0.927082E-02  0.802445E-02  -244.867      -49.6614      -117.736       105.669       0.00000      -366.241       11.5500      0.500000       5.00000       4.00000       1.54160       0.00000       0.00000       0.00000       0.00000    
      152   152.000       10.8079       10.8079       10.8079      0.159903      0.558709E-02  0.796727E-02  -266.303      -62.1611      -95.9422       130.498       0.00000      -364.951       11.5500      0.500000       5.00000       4.00000       1.48685       0.00000       0.00000       0.00000       0.00000    
      153   153.000       10.5633       10.5633       10.5633      0.125324      0.438094E-02  0.770087E-02  -262.202      -59.9307      -80.5277       138.916       0.00000      -363.695       11.5500      0.500000       5.00000       4.00000       1.43343       0.00000       0.00000       0.00000       0.00000    
      154   154.000       10.3412       10.3412       10.3412      0.152726      0.534109E-02  0.823694E-02  -310.172      -75.0652      -102.357       147.357       0.00000      -362.557       11.5500      0.500000       5.00000       4.00000       1.38491       0.00000       0.00000       0.00000       0.00000    
      155   155.000       10.0487       10.0487       10.0487      0.921274E-01  0.322368E-02  0.726344E-02  -250.896      -53.6311      -62.4486       142.405       0.00000      -361.063       11.5500      0.500000       5.00000       4.00000       1.32103       0.00000       0.00000       0.00000       0.00000    
      156   156.000       9.85302       9.85302       9.85302      0.847698E-01  0.296734E-02  0.666193E-02  -219.031      -41.0466      -52.6127       138.332       0.00000      -360.066       11.5500      0.500000       5.00000       4.00000       1.27830       0.00000       0.00000       0.00000       0.00000    
      157   157.000       9.70696       9.70696       9.70696      0.736484E-01  0.257876E-02  0.561528E-02  -164.104      -25.0112      -37.0514       123.573       0.00000      -359.324       11.5500      0.500000       5.00000       4.00000       1.24640       0.00000       0.00000       0.00000       0.00000    
      158   158.000       9.63251       9.63251       9.63251      0.116289      0.407238E-02  0.582422E-02  -95.0653      -23.1785      -35.4091       21.6472       0.00000      -358.945       11.5500      0.500000       5.00000       4.00000       1.23014       0.00000       0.00000       0.00000       0.00000    
      159   159.000       9.49955       9.49955       9.49955       0.00000      0.102616E-03   0.00000      -15.1307      0.513386E-01  0.411650E-01   31.1840       0.00000      -358.271       11.5500      0.500000       5.00000       4.00000       1.20110       0.00000       0.00000       0.00000       0.00000    
      160   160.000       9.52613       9.52599       9.49955      0.192039      0.672648E-02  0.661545E-02  -197.830      -32.5733      -86.7261       103.926       0.00000      -358.406       11.4288      0.500000       5.00000       4.00000       1.20110       0.00000       0.00000       0.00000       0.00000    
      161   161.000       9.35656       9.35656       9.35656      0.142523      0.499373E-02  0.681472E-02  -204.019      -48.5618      -73.2288       93.7751       0.00000      -357.546       11.5500      0.500000       5.00000       4.00000       1.16987       0.00000       0.00000       0.00000       0.00000    
      162   162.000       9.15810       9.15810       9.15810      0.979608E-01  0.343367E-02  0.598454E-02  -162.192      -34.3066      -48.3262       90.3801       0.00000      -356.543       11.5500      0.500000       5.00000       4.00000       1.12653       0.00000       0.00000       0.00000       0.00000    
      163   163.000       9.02815       9.02815       9.02815      0.906863E-01  0.317948E-02  0.499203E-02  -74.8605      -17.1096      -23.3395       25.4859       0.00000      -355.887       11.5500      0.500000       5.00000       4.00000       1.09815       0.00000       0.00000       0.00000       0.00000    
      164   164.000       8.93825       8.93825       8.93825      0.120331      0.421955E-02  0.280743E-02  -34.3382     -0.413118      -8.63791       31.7368       0.00000      -355.433       11.5500      0.500000       5.00000       4.00000       1.07851       0.00000       0.00000       0.00000       0.00000    
      165   165.000       8.93168       8.93168       8.93168      0.173027      0.606747E-02  0.712017E-02  -252.228      -60.8634      -84.8725       115.562       0.00000      -355.400       11.5500      0.500000       5.00000       4.00000       1.07708       0.00000       0.00000       0.00000       0.00000    
      166   166.000       8.68631       8.68631       8.68631      0.118845      0.416946E-02  0.652738E-02  -208.511      -50.7090      -61.3847       98.9621       0.00000      -354.165       11.5500      0.500000       5.00000       4.00000       1.02349       0.00000       0.00000       0.00000       0.00000    
      167   167.000       8.48934       8.48934       8.48934      0.625504E-01  0.219529E-02  0.588947E-02  -158.008      -37.0508      -42.8950       73.4638       0.00000      -353.176       11.5500      0.500000       5.00000       4.00000      0.980472       0.00000       0.00000       0.00000       0.00000    
      168   168.000       8.33699       8.33699       8.33699      0.728807E-01  0.255860E-02  0.522716E-02  -112.096      -29.0527      -33.6710       50.2381       0.00000      -352.413       11.5500      0.500000       5.00000       4.00000      0.947199       0.00000       0.00000       0.00000       0.00000    
      169   169.000       8.22511       8.22511       8.22511      0.568697E-01  0.199693E-02  0.487634E-02  -104.539      -25.4862      -27.8999       56.3908       0.00000      -351.853       11.5500      0.500000       5.00000       4.00000      0.922764       0.00000       0.00000       0.00000       0.00000    
      170   170.000       8.13769       8.13769       8.13769      0.149204      0.524005E-02  0.584485E-02  -119.872      -39.8013      -44.1355       15.7136       0.00000      -351.416       11.5500      0.500000       5.00000       4.00000      0.903672       0.00000       0.00000       0.00000       0.00000    
      171   171.000       7.95056       7.95056       7.95056      0.162724      0.571693E-02  0.606384E-02  -161.872      -57.3127      -61.8770       46.7018       0.00000      -350.481       11.5500      0.500000       5.00000       4.00000      0.862803       0.00000       0.00000       0.00000       0.00000    
      172   172.000       7.74389       7.74389       7.74389      0.297385      0.104521E-01  0.671405E-02  -185.430      -70.7840      -77.5505       6.36951       0.00000      -349.452       11.5500      0.500000       5.00000       4.00000      0.817665       0.00000       0.00000       0.00000       0.00000    
      173   173.000       7.42351       7.42351       7.42351      0.226757      0.797463E-02  0.649232E-02  -220.784      -81.5260      -83.6411       55.2689       0.00000      -347.860       11.5500      0.500000       5.00000       4.00000      0.747694       0.00000       0.00000       0.00000       0.00000    
      174   174.000       7.12736       7.12736       7.12736      0.694043E-01  0.244221E-02  0.556575E-02  -192.695      -49.0897      -40.2138       90.9574       0.00000      -346.394       11.5500      0.500000       5.00000       4.00000      0.683016       0.00000       0.00000       0.00000       0.00000    
      175   175.000       6.94491       6.94491       6.94491      0.150449      0.529587E-02  0.604850E-02  -186.520      -74.7822      -64.9072       24.7244       0.00000      -345.493       11.5500      0.500000       5.00000       4.00000      0.643169       0.00000       0.00000       0.00000       0.00000    
      176   176.000       6.65559       6.65559       6.65559      0.333665      0.117517E-01  0.642101E-02  -233.373      -101.741      -89.4603       14.6310       0.00000      -344.068       11.5500      0.500000       5.00000       4.00000      0.579980       0.00000       0.00000       0.00000       0.00000    
      177   177.000       6.26495       6.26495       6.26495      0.330785      0.116589E-01  0.549570E-02  -203.068      -77.9825      -77.7510       52.1538       0.00000      -342.150       11.5500      0.500000      0.367129       6.36310     -0.291942       0.00000       0.00000       0.00000       0.00000    
      178   178.000       5.99667       5.99667       5.99667      0.885300E-01  0.312196E-02  0.438870E-02  -147.501      -41.5218      -33.0742       69.6737       0.00000      -340.838       11.5500      0.500000      0.244233       6.45713      -2.05882       0.00000       0.00000       0.00000       0.00000    
      179   179.000       5.86169       5.86169       5.86169      0.811328E-01  0.286184E-02  0.398225E-02  -120.248      -33.9419      -28.0225       58.5874       0.00000      -340.179       11.5500      0.500000      0.440946       6.30468      -1.09706       0.00000       0.00000       0.00000       0.00000    
      180   180.000       5.75380       5.75380       5.75380      0.734799E-01  0.259243E-02  0.358184E-02  -95.3022      -27.0934      -23.3202       48.4616       0.00000      -339.653       11.5500      0.500000      0.458423       6.29143      -1.28066       0.00000       0.00000       0.00000       0.00000    
      181   181.000       5.67264       5.67264       5.67264      0.740101E-01  0.261154E-02  0.308656E-02  -58.7186      -16.1995      -15.0868       25.7253       0.00000      -339.258       11.5500      0.500000      0.491917       6.26608      -1.31737       0.00000       0.00000       0.00000       0.00000    
      182   182.000       5.61622       5.61622       5.61622      0.149848      0.528816E-02  0.406526E-02  -143.449      -40.0159      -42.9226       66.8911       0.00000      -338.984       11.5500      0.500000      0.531786       6.23602      -1.27274       0.00000       0.00000       0.00000       0.00000    
      183   183.000       5.48210       5.48210       5.48210      0.166809      0.588820E-02  0.495161E-02  -241.576      -79.7971      -71.3146       78.4344       0.00000      -338.332       11.5500      0.500000      0.536317       6.23262      -1.52813       0.00000       0.00000       0.00000       0.00000    
      184   184.000       5.19423       5.19423       5.19423      0.107977      0.381361E-02  0.362674E-02  -128.119      -39.4887      -37.4930       52.0813       0.00000      -336.936       11.5500      0.500000      0.497080       6.26206      -2.34583       0.00000       0.00000       0.00000       0.00000    
      185   185.000       5.06296       5.06296       5.06296      0.159759      0.564388E-02  0.467184E-02  -284.662      -92.3768      -74.1256       95.5944       0.00000      -336.301       11.5500      0.500000      0.540503       6.22934      -2.35647       0.00000       0.00000       0.00000       0.00000    
      186   186.000       4.73038       4.73038       4.73038      0.855511E-01  0.302423E-02  0.343116E-02  -188.502      -46.5496      -36.4239       88.2634       0.00000      -334.695       11.5500      0.500000      0.522557       6.24279      -3.16052       0.00000       0.00000       0.00000       0.00000    
      187   187.000       4.55745       4.55745       4.55745      0.771474E-01  0.272806E-02  0.247124E-02  -84.6173      -27.1594      -23.4238       33.8453       0.00000      -333.863       11.5500      0.500000      0.567657       6.20891      -3.17691       0.00000       0.00000       0.00000       0.00000    
      188   188.000       4.47267       4.47267       4.47267      0.172525      0.610176E-02  0.240684E-02  -84.0081      -30.2682      -31.1990       26.7072       0.00000      -333.456       11.5500      0.500000      0.626664       6.16480      -2.94864       0.00000       0.00000       0.00000       0.00000    
      189   189.000       4.37585       4.37585       4.37585      0.119775      0.423692E-02  0.263381E-02  -164.051      -41.7789      -39.6533       78.8460       0.00000      -332.991       11.5500      0.500000      0.672793       6.13054      -2.84802       0.00000       0.00000       0.00000       0.00000    
      190   190.000       4.22914       4.22914       4.22914      0.743690E-01  0.263146E-02  0.179106E-02  -71.4733      -21.6930      -19.7174       25.6970       0.00000      -332.287       11.5500      0.500000      0.700486       6.11009      -2.93226       0.00000       0.00000       0.00000       0.00000    
      191   191.000       4.15282       4.15282       4.15282      0.168476      0.596221E-02  0.221379E-02  -205.193      -59.1320      -55.3268       83.8189       0.00000      -331.921       11.5500      0.500000      0.744161       6.07794      -2.82497       0.00000       0.00000       0.00000       0.00000    
      192   192.000       3.94165       3.94165       3.94165      0.110369      0.390743E-02   0.00000      -135.773      -53.0700      -41.5865       31.3580       0.00000      -330.912       11.5500      0.500000      0.749530       6.07401      -3.10667       0.00000       0.00000       0.00000       0.00000    
      193   193.000       3.76120       3.76120       3.76120      0.178059      0.630606E-02  0.127734E-02   6.00420       11.2448       3.65339       20.0741       0.00000      -330.050       11.5500      0.500000      0.766900       6.06129      -3.27514       0.00000       0.00000       0.00000       0.00000    
      194   194.000       3.81347       3.81347       3.81347       0.00000      0.940138E-04  0.116141E-02  -8.47714      0.369863E-01  0.144528E-01   38.6285       0.00000      -330.300       11.5500      0.500000      0.837644       6.00962      -2.86303       0.00000       0.00000       0.00000       0.00000    
      195   195.000       3.87226       3.87226       3.87226      0.281810      0.997832E-02   0.00000      -217.081      -59.0137      -83.2794       70.8399       0.00000      -330.580       11.5500      0.500000      0.903775       5.96173      -2.52463       0.00000       0.00000       0.00000       0.00000    
      196   196.000       3.61627       3.61627       3.61627      0.205423      0.727718E-02   0.00000      -253.136      -76.8270      -87.2676       73.4421       0.00000      -329.360       11.5500      0.500000      0.881223       5.97793      -2.92654       0.00000       0.00000       0.00000       0.00000    
      197   197.000       3.30140       3.30140       3.30140      0.223571      0.792486E-02   0.00000      -243.338      -88.9449      -92.0485       49.5299       0.00000      -327.864       11.5500      0.500000      0.854309       5.99732      -3.44599       0.00000       0.00000       0.00000       0.00000    
      198   198.000       2.96234       2.96234       2.96234      0.154863      0.549293E-02   0.00000      -248.191      -71.4662      -66.6531       89.3536       0.00000      -326.258       11.5500      0.500000      0.834568       6.01158      -3.98982       0.00000       0.00000       0.00000       0.00000    
      199   199.000       2.68651       2.68651       2.68651      0.736908E-01  0.261517E-02   0.00000      -128.177      -22.0892      -24.9607       75.8251       0.00000      -324.956       11.5500      0.500000      0.838082       6.00904      -4.32917       0.00000       0.00000       0.00000       0.00000    
      200   200.000       2.60012       2.60095       2.68651      0.152287      0.540533E-02   0.00000      -84.6394      -25.8163      -34.9989       36.8034       0.00000      -324.550       11.3260      0.500000      0.896779       5.96654      -3.99406       0.00000       0.00000       0.00000       0.00000    
      201   201.000       2.51036       2.52286       2.68651      0.260510      0.924821E-02   0.00000      -59.3271      -13.9470      -31.1208       5.94940       0.00000      -324.127       9.91122      0.500000      0.950626       5.92783      -3.72335       0.00000       0.00000       0.00000       0.00000    
      202   202.000       2.43441       2.43441       2.43441      0.438338      0.155634E-01   0.00000      -448.798      -200.122      -118.350       90.2670       0.00000      -323.770       11.5500      0.500000      0.948465       5.92937      -4.02386       0.00000       0.00000       0.00000       0.00000    
      203   203.000       1.80298       1.80298       1.80298      0.160460      0.570410E-02   0.00000      -253.426      -115.418      -70.7744       49.7086       0.00000      -320.813       11.5500      0.500000      0.875960       5.98116      -5.20865       0.00000       0.00000       0.00000       0.00000    
      204   204.000       1.44940       1.44940       1.44940      0.229023      0.814692E-02   0.00000      -393.578      -174.424      -94.6233       86.1330       0.00000      -319.166       11.5500      0.500000      0.878007       5.97969      -5.63443       0.00000       0.00000       0.00000       0.00000    
      205   205.000      0.911825      0.911825      0.911825      0.117081      0.416915E-02   0.00000      -155.252      -70.0891      -43.1071       31.6028       0.00000      -316.674       11.5500      0.500000      0.856385       5.99526      -6.48203       0.00000       0.00000       0.00000       0.00000    
      206   206.000      0.703130      0.703130      0.703130      0.145339      0.517745E-02   0.00000      -166.442      -47.2799      -33.5947       82.9410       0.00000      -315.711       11.5500      0.500000      0.891340       5.97001      -6.45258       0.00000       0.00000       0.00000       0.00000    
      207   207.000      0.565872      0.565872      0.565872      0.946925E-01  0.337415E-02   0.00000      -172.623      -49.2001      -29.2395       80.3429       0.00000      -315.078       11.5500      0.500000      0.933312       5.93983      -6.28767       0.00000       0.00000       0.00000       0.00000    
      208   208.000      0.410550      0.412686      0.565872      0.970921E-01  0.346068E-02   0.00000      -43.7359      -16.0736      -12.6269       22.6743       0.00000      -314.363       11.2323      0.500000      0.991003       5.89855      -5.87615       0.00000       0.00000       0.00000       0.00000    
      209   209.000      0.334483      0.385632      0.565872      0.197309      0.703378E-02   0.00000      -111.388      -29.0621      -29.2502       66.2801       0.00000      -314.014       6.44369      0.500000       1.04476       5.86036      -5.53387       0.00000       0.00000       0.00000       0.00000    
      210   210.000      0.287651      0.315125      0.546330      0.155785      0.555398E-02   0.00000      -250.176      -88.2736      -51.3855       90.3819       0.00000      -313.799       9.25777      0.535154       1.09208       5.82697      -5.28024       0.00000       0.00000       0.00000       0.00000    
      211   211.000       0.00000      0.398931E-01  0.546330      0.208292      0.743004E-02   0.00000       0.00000      -24.5498      -24.2287       10.5255       0.00000      -312.481       8.71712      0.500000       1.13976       5.79354      -5.02733       0.00000       0.00000       0.00000       0.00000    
      212   212.000       0.00000      0.675903E-01  0.551147      0.182000      0.649828E-02   0.00000       0.00000      0.717410      -24.6793       0.00000       0.00000      -310.255       8.71712      0.500000       1.18593       5.76136      -4.79754      0.179246E-01   0.00000     -0.487647     -0.487647    
      213   213.000       0.00000      0.761351E-01  0.620824      0.171119      0.610571E-02   0.00000       0.00000      -40.0233      -44.4521       0.00000       0.00000      -311.829       8.71712      0.500000       1.24119       5.72308      -4.48897      0.221396E-01   0.00000     -0.142485     -0.142485    
      214   214.000       0.00000      0.841303E-01  0.686018      0.242792      0.868974E-02   0.00000       0.00000      -83.7909      -71.3254       0.00000       0.00000      -304.605       8.71712      0.500000       1.29376       5.68694      -4.22103      0.465521E-01   0.00000      -1.73770      -1.73770    
      215   215.000       0.00000      0.916483E-01  0.747322      0.206314      0.747328E-02   0.00000       0.00000      -18.9650      -22.6892       0.00000       0.00000      -277.642       8.71712      0.500000       1.34397       5.65265      -3.98567      0.987814E-01   0.00000      -7.95404      -7.95404    
