296.95468	22.229883	10.625954	3.9385004	0.65343854	2006-05-30 00:00:00
245.18017	22.549524	13.129597	4.700945	0.78132454	2006-05-31 00:00:00
215.04426	19.131464	15.368708	3.9825582	0.84647173	2006-06-01 00:00:00
363.20615	15.965997	9.4553613	2.2651851	0.44148996	2006-06-02 00:00:00
360.15872	18.099451	9.3713679	2.4608668	0.45715167	2006-06-03 00:00:00
361.1657	17.732416	9.2156478	2.8728782	0.4565529	2006-06-04 00:00:00
255.3209	17.189935	10.231757	3.9518895	0.77106204	2006-06-05 00:00:00
45.830053	13.175775	12.587822	3.8492452	1	2006-06-06 00:00:00
344.08942	14.961023	13.507945	2.5473844	0.49769568	2006-06-07 00:00:00
261.99648	20.107416	16.58702	4.2387306	0.73549581	2006-06-08 00:00:00
121.68924	12.446161	10.392328	7.1729836	1	2006-06-09 00:00:00
326.33775	14.407861	8.9979622	6.9052018	0.58884881	2006-06-10 00:00:00
340.0845	16.362695	9.2446478	4.7761473	0.54405756	2006-06-11 00:00:00
330.00164	16.289148	10.538019	3.779229	0.57053632	2006-06-12 00:00:00
202.25673	21.050958	11.996534	3.6200608	0.88873076	2006-06-13 00:00:00
299.45808	21.267145	12.357342	3.4773621	0.65468511	2006-06-14 00:00:00
367.12765	17.585809	8.7162326	4.2552516	0.45197644	2006-06-15 00:00:00
209.9832	19.915613	10.983702	4.4549504	0.87548463	2006-06-16 00:00:00
166.40058	20.064081	18.33495	5.0029999	0.95027911	2006-06-17 00:00:00
366.89948	13.538934	10.873022	3.0405261	0.43703873	2006-06-18 00:00:00
124.22579	15.187769	12.906123	3.3206928	1	2006-06-19 00:00:00
151.27968	19.253046	20.538489	5.7174592	0.9769037	2006-06-20 00:00:00
219.26604	21.123132	21.371295	6.4199445	0.82952715	2006-06-21 00:00:00
187.18997	19.252527	21.022493	2.5764308	0.90204258	2006-06-22 00:00:00
79.202778	18.160455	20.168462	2.2733938	1	2006-06-23 00:00:00
38.38899	17.230585	19.226031	3.7220685	1	2006-06-24 00:00:00
254.92948	17.297815	18.662486	2.739787	0.74982924	2006-06-25 00:00:00
337.36239	18.267664	18.156443	1.6989206	0.49922701	2006-06-26 00:00:00
337.7571	21.531183	19.090908	2.8334101	0.49052443	2006-06-27 00:00:00
337.33262	23.538171	18.391319	3.0792457	0.49592211	2006-06-28 00:00:00
336.33933	24.605554	17.746259	3.9488984	0.50293019	2006-06-29 00:00:00
312.32873	25.693201	18.943434	3.5370916	0.57978774	2006-06-30 00:00:00
312.42884	27.118555	20.209411	4.475907	0.57149675	2006-07-01 00:00:00
312.13494	26.606012	20.606805	3.7407807	0.56911095	2006-07-02 00:00:00
305.13328	26.124536	19.935105	3.2527946	0.59479372	2006-07-03 00:00:00
248.80232	26.149805	21.202985	2.576471	0.75156628	2006-07-04 00:00:00
262.50855	23.058679	20.030307	3.8097042	0.71830686	2006-07-05 00:00:00
323.9649	21.152124	16.80673	3.1406898	0.54365315	2006-07-06 00:00:00
76.099788	21.181909	22.360082	3.3876636	1	2006-07-07 00:00:00
283.1556	24.288751	26.082846	2.0127813	0.62857723	2006-07-08 00:00:00
278.03851	24.709436	21.563049	2.7977901	0.66296199	2006-07-09 00:00:00
102.70827	20.851587	20.875615	4.0460533	1	2006-07-10 00:00:00
175.65236	20.245905	22.946304	2.0737992	0.91458843	2006-07-11 00:00:00
209.38558	22.322473	23.479859	1.8928842	0.83520077	2006-07-12 00:00:00
215.89605	22.391748	24.321732	4.1888498	0.81590511	2006-07-13 00:00:00
292.06783	19.373712	17.970256	2.6041206	0.62703317	2006-07-14 00:00:00
294.19377	21.511285	18.526793	2.4044528	0.61536195	2006-07-15 00:00:00
331.48628	21.292627	14.913509	3.5433418	0.50267988	2006-07-16 00:00:00
214.47207	22.277704	16.843785	3.4401058	0.83422562	2006-07-17 00:00:00
144.22139	20.940088	22.968211	3.9360792	0.97572597	2006-07-18 00:00:00
296.60153	23.399286	23.686384	3.0227019	0.56962089	2006-07-19 00:00:00
293.20351	24.857233	22.925228	4.5655275	0.58264891	2006-07-20 00:00:00
333.15407	19.58703	14.069222	3.1621935	0.483039	2006-07-21 00:00:00
57.651239	20.02926	14.460783	2.828694	1	2006-07-22 00:00:00
234.92439	22.3966	23.110145	5.1004053	0.75335937	2006-07-23 00:00:00
275.15605	21.767969	20.817223	3.0264677	0.64094227	2006-07-24 00:00:00
170.51219	23.237756	21.015442	3.4881981	0.91457098	2006-07-25 00:00:00
305.69698	22.463892	19.710903	4.249702	0.53297735	2006-07-26 00:00:00
329.16224	20.531641	15.208986	2.3581006	0.46303628	2006-07-27 00:00:00
297.54366	21.519556	14.33819	2.9539095	0.58536019	2006-07-28 00:00:00
264.83385	23.91012	19.45237	4.3898031	0.66417787	2006-07-29 00:00:00
282.75559	25.793359	23.637219	4.2259369	0.58003855	2006-07-30 00:00:00
229.20983	24.405847	22.560099	4.8900344	0.75205235	2006-07-31 00:00:00
322.07274	19.881921	15.110601	3.9691226	0.45587065	2006-08-01 00:00:00
258.33068	22.201532	16.859002	4.0116971	0.67610737	2006-08-02 00:00:00
193.22001	24.403436	19.623017	3.6702212	0.84533116	2006-08-03 00:00:00
224.32388	24.047052	21.542969	2.5197418	0.75386511	2006-08-04 00:00:00
315.6995	22.2828	16.506756	3.0199296	0.45033099	2006-08-05 00:00:00
308.83319	16.568781	11.148059	3.9426652	0.51240225	2006-08-06 00:00:00
315.97564	16.390527	11.394272	2.8035755	0.47480009	2006-08-07 00:00:00
26.174349	17.750757	14.421672	3.1280465	1	2006-08-08 00:00:00
268.54749	21.976801	20.456588	4.416751	0.5975522	2006-08-09 00:00:00
311.74043	18.999323	15.285056	3.8102899	0.44400733	2006-08-10 00:00:00
281.49162	20.345636	15.45652	2.3585534	0.5657697	2006-08-11 00:00:00
196.98006	22.038965	19.253161	5.323077	0.81499995	2006-08-12 00:00:00
315.59557	14.929132	11.540379	4.5649903	0.431803	2006-08-13 00:00:00
301.21389	17.111444	11.98582	2.793487	0.48786803	2006-08-14 00:00:00
161.75416	20.951746	13.953885	3.1946054	0.91042515	2006-08-15 00:00:00
212.08944	21.684808	17.153879	1.5740136	0.76604943	2006-08-16 00:00:00
253.82048	21.193414	19.518416	2.2960971	0.61531834	2006-08-17 00:00:00
287.46037	20.4414	18.409022	2.7959388	0.47406713	2006-08-18 00:00:00
293.02996	20.574152	17.557635	2.3839636	0.44380039	2006-08-19 00:00:00
184.63539	21.881799	18.088451	1.0112641	0.82796972	2006-08-20 00:00:00
29.482592	19.347681	18.020138	1.7429169	1	2006-08-21 00:00:00
188.46069	16.759668	16.092612	2.5555129	0.81600154	2006-08-22 00:00:00
292.13104	17.537958	14.44284	1.4105036	0.43443054	2006-08-23 00:00:00
289.47265	20.986871	14.554283	2.0901975	0.43720159	2006-08-24 00:00:00
285.81319	23.083398	15.0157	2.291546	0.44234855	2006-08-25 00:00:00
293.39217	24.178094	15.098734	1.6707335	0.38692412	2006-08-26 00:00:00
293.9228	24.932458	15.208164	1.8432927	0.36926087	2006-08-27 00:00:00
290.7836	23.834222	15.590796	3.3586797	0.37187788	2006-08-28 00:00:00
122.39827	23.114374	18.261375	4.6303135	0.96757062	2006-08-29 00:00:00
245.08323	21.88418	20.391581	2.0021246	0.55633078	2006-08-30 00:00:00
175.77169	22.234277	16.563315	2.7991259	0.81734861	2006-08-31 00:00:00
203.22171	19.827173	14.24481	2.0022648	0.73255768	2006-09-01 00:00:00
269.24242	16.340784	10.764228	3.7964595	0.47468481	2006-09-02 00:00:00
284.07839	13.209375	8.7809498	3.8082393	0.39574995	2006-09-03 00:00:00
284.4066	14.205743	8.418921	1.9041063	0.38244989	2006-09-04 00:00:00
277.5082	18.443323	10.220851	3.4555606	0.39361419	2006-09-05 00:00:00
229.36934	19.896906	11.758559	2.4320745	0.61264416	2006-09-06 00:00:00
278.5603	20.225702	13.420298	1.7106752	0.31701851	2006-09-07 00:00:00
273.43945	18.768365	12.291145	3.4940568	0.3505984	2006-09-08 00:00:00
115.44941	16.593683	13.903447	4.3145822	0.96452497	2006-09-09 00:00:00
184.05317	19.597864	19.275335	4.7501186	0.72908004	2006-09-10 00:00:00
229.9523	19.165613	16.756033	3.672934	0.5349757	2006-09-11 00:00:00
81.46823	17.04577	14.23996	3.4042804	1	2006-09-12 00:00:00
18.2937	15.556512	16.478512	4.2728973	1	2006-09-13 00:00:00
268.63598	10.94964	10.066581	6.1086216	0.26818122	2006-09-14 00:00:00
192.91067	8.6133362	8.4457501	2.281036	0.69669225	2006-09-15 00:00:00
30.000339	11.498254	11.772017	3.568299	1	2006-09-16 00:00:00
207.37811	14.399835	14.547481	2.9035224	0.58843405	2006-09-17 00:00:00
162.18561	12.487421	12.381298	4.3589666	0.77997152	2006-09-18 00:00:00
206.84188	12.285242	11.903269	2.4428156	0.58656308	2006-09-19 00:00:00
22.518036	11.852045	12.912593	7.4854474	1	2006-09-20 00:00:00
163.90779	14.39068	14.650824	6.0182684	0.74743329	2006-09-21 00:00:00
106.95591	13.39953	13.589703	4.4856616	0.94680427	2006-09-22 00:00:00
208.36534	12.258997	11.702629	4.8150498	0.53674072	2006-09-23 00:00:00
214.55682	10.058099	9.7089929	3.2937599	0.50203344	2006-09-24 00:00:00
158.12236	6.9996582	7.9281586	5.2179894	0.76816139	2006-09-25 00:00:00
94.171706	7.9442688	8.8779565	3.5738958	0.9821339	2006-09-26 00:00:00
143.31011	11.957025	12.432003	6.1707888	0.79876069	2006-09-27 00:00:00
143.05708	7.9305969	8.8029154	5.6336539	0.80496992	2006-09-28 00:00:00
121.39838	6.5351807	8.292603	4.0124145	0.88129904	2006-09-29 00:00:00
182.34613	5.8145691	7.8138992	3.6949528	0.62020694	2006-09-30 00:00:00
102.28366	5.3616272	7.1572217	2.2294088	0.94150531	2006-10-01 00:00:00
27.751682	9.6125427	10.79615	6.0202095	1	2006-10-02 00:00:00
189.05213	7.4050842	8.0265733	4.2783462	0.54711528	2006-10-03 00:00:00
203.68569	5.3578735	6.7264676	4.4030264	0.44494179	2006-10-04 00:00:00
207.36601	3.9091125	6.102058	2.7735108	0.40338509	2006-10-05 00:00:00
17.213221	6.7091309	8.6094328	2.85412	1	2006-10-06 00:00:00
92.625301	14.940088	15.209753	4.2849123	0.93575892	2006-10-07 00:00:00
65.366828	8.1612793	9.8131134	4.7115827	1	2006-10-08 00:00:00
63.016974	3.1719604	6.6100924	4.5801093	1	2006-10-09 00:00:00
160.71007	3.0244995	6.3179497	3.7310482	0.63611308	2006-10-10 00:00:00
177.90165	3.4878784	5.4187879	2.3505976	0.52396794	2006-10-11 00:00:00
38.618437	7.3988586	8.5752797	4.0337208	1	2006-10-12 00:00:00
19.309678	10.802484	12.11803	3.2476272	1	2006-10-13 00:00:00
67.20649	13.96676	14.876571	1.8237777	1	2006-10-14 00:00:00
96.582915	15.432336	15.551543	3.1726803	0.87931761	2006-10-15 00:00:00
44.292418	16.035089	15.901707	6.4935808	1	2006-10-16 00:00:00
41.803852	14.111414	14.482824	3.7769094	1	2006-10-17 00:00:00
16.403806	7.5422913	9.5947742	4.2503628	1	2006-10-18 00:00:00
55.758172	5.5888	8.0759239	5.2289565	1	2006-10-19 00:00:00
91.918968	5.5949341	7.5435264	5.3945961	0.89280431	2006-10-20 00:00:00
46.838829	5.6538635	8.1726001	3.9052098	1	2006-10-21 00:00:00
37.807821	5.6242004	8.5687219	2.0070777	1	2006-10-22 00:00:00
130.8861	8.5005737	9.7963393	1.8050588	0.6378485	2006-10-23 00:00:00
114.78079	5.3125549	7.3961582	3.0872777	0.74045671	2006-10-24 00:00:00
153.76468	3.6454102	6.1499077	1.6372452	0.45389017	2006-10-25 00:00:00
78.927837	4.7160278	6.8828345	2.6318446	0.91825629	2006-10-26 00:00:00
132.65983	4.6238647	6.5839368	4.7903234	0.59821249	2006-10-27 00:00:00
98.871295	1.35177	5.045341	2.4087183	0.81007725	2006-10-28 00:00:00
77.774864	8.5273376	9.6584927	5.1193035	0.9034501	2006-10-29 00:00:00
80.654089	4.2739197	6.9943363	5.790021	0.89012431	2006-10-30 00:00:00
54.760172	0.12005005	4.9671887	3.4442847	1	2006-10-31 00:00:00
64.375433	6.6718384	7.6881591	3.9721216	0.96215534	2006-11-01 00:00:00
33.421234	5.7039734	7.6806898	3.1517924	1	2006-11-02 00:00:00
84.045096	2.9647461	6.5840951	6.6103449	0.85111483	2006-11-03 00:00:00
140.39989	-0.53269043	4.3540433	5.2876792	0.42555513	2006-11-04 00:00:00
85.444526	-1.3573059	3.6310034	2.8389675	0.84042931	2006-11-05 00:00:00
50.611137	2.9705444	6.2356636	3.7979596	1	2006-11-06 00:00:00
45.251868	10.018915	10.268759	5.4314618	1	2006-11-07 00:00:00
59.083672	13.48623	12.398912	6.4614465	0.95348763	2006-11-08 00:00:00
81.527169	4.8823486	6.4660655	5.0383329	0.83106866	2006-11-09 00:00:00
22.367951	0.60720215	5.4347266	3.6035568	1	2006-11-10 00:00:00
68.721659	9.9264771	9.831695	7.1919372	0.88964295	2006-11-11 00:00:00
66.474897	0.61394653	4.5021862	6.700987	0.91173504	2006-11-12 00:00:00
110.56798	-2.0784668	3.1322768	4.3367082	0.59948679	2006-11-13 00:00:00
125.31738	-2.6568665	2.457987	4.6640253	0.439552	2006-11-14 00:00:00
32.34796	-1.899115	3.1762293	6.6536056	1	2006-11-15 00:00:00
17.959922	-1.4119934	5.5099244	6.9151898	1	2006-11-16 00:00:00
91.841423	-0.24152222	4.9348718	7.127587	0.70882916	2006-11-17 00:00:00
47.717267	0.89333496	5.0692049	2.8755798	0.99695652	2006-11-18 00:00:00
14.901446	3.9375854	7.3368051	2.7513732	1	2006-11-19 00:00:00
33.15546	7.4382263	9.1557089	4.0571701	1	2006-11-20 00:00:00
55.318418	1.2364441	5.2041635	3.5607488	0.94166083	2006-11-21 00:00:00
52.472569	1.1429688	5.7935483	3.6900615	0.95483476	2006-11-22 00:00:00
73.612602	-1.9620728	3.8727685	5.4853341	0.81343161	2006-11-23 00:00:00
95.964266	1.2081543	5.1105228	2.429677	0.61249139	2006-11-24 00:00:00
60.252686	3.0703064	5.5731634	2.2486912	0.89391211	2006-11-25 00:00:00
56.017961	-0.92841187	4.6967125	5.1458402	0.92128288	2006-11-26 00:00:00
104.72483	-4.0460266	2.5068551	2.5930737	0.50695588	2006-11-27 00:00:00
24.962125	-0.70529785	5.3118615	2.6318818	1	2006-11-28 00:00:00
28.020551	3.4544006	7.5914385	2.106805	1	2006-11-29 00:00:00
57.573111	-2.0596985	4.5720999	4.363909	0.89794877	2006-11-30 00:00:00
19.833821	2.8659302	6.7965558	5.7694204	1	2006-12-01 00:00:00
56.673927	-0.83731689	4.2586194	7.2279646	0.89919178	2006-12-02 00:00:00
100.58122	-5.1934875	2.2884424	6.7387161	0.50172786	2006-12-03 00:00:00
88.891291	-6.0372375	2.0831909	1.9097332	0.62889911	2006-12-04 00:00:00
82.743277	-4.4426025	2.8238485	1.3816687	0.67985684	2006-12-05 00:00:00
71.858923	-1.4881958	4.8594402	2.508899	0.76497719	2006-12-06 00:00:00
102.21082	-6.1182312	2.6422996	5.0980283	0.44215571	2006-12-07 00:00:00
86.027902	-5.0011658	2.616653	4.3679254	0.6344499	2006-12-08 00:00:00
67.898929	-2.2764954	3.8560054	4.7480968	0.79362243	2006-12-09 00:00:00
92.029344	-7.1025452	2.3264293	4.1164344	0.56096353	2006-12-10 00:00:00
17.288957	-10.148627	2.0334183	5.1905458	1	2006-12-11 00:00:00
31.255328	-0.26447144	5.8334508	5.4297699	1	2006-12-12 00:00:00
52.473383	-5.8162292	3.7393522	3.3938949	0.90888311	2006-12-13 00:00:00
105.04754	-11.378577	2.2893179	3.8014282	0.35048075	2006-12-14 00:00:00
21.043656	-6.5366272	3.5598133	3.1259458	1	2006-12-15 00:00:00
62.221549	0.45623169	5.5100654	3.3330263	0.8231526	2006-12-16 00:00:00
11.898589	0.92546997	6.5339922	3.2438488	1	2006-12-17 00:00:00
32.048421	4.4112183	7.1208149	5.1261838	1	2006-12-18 00:00:00
52.132847	-7.0071472	2.9829603	3.5450062	0.90936958	2006-12-19 00:00:00
98.919031	-11.160925	1.5219909	2.6550832	0.45003575	2006-12-20 00:00:00
101.18859	-13.210394	1.2858162	2.8774648	0.4179027	2006-12-21 00:00:00
62.598625	-9.6836914	1.9363904	2.8332788	0.83123448	2006-12-22 00:00:00
101.77247	-2.5738892	4.2211496	3.69356	0.37361724	2006-12-23 00:00:00
101.94186	-2.9224304	3.9382595	3.1185344	0.37672006	2006-12-24 00:00:00
86.304942	-4.9120544	3.4226831	3.557137	0.60204009	2006-12-25 00:00:00
100.24921	-7.5650085	2.1402715	4.6042836	0.43349702	2006-12-26 00:00:00
105.15427	-10.81803	1.5985719	3.7187386	0.36245678	2006-12-27 00:00:00
91.465044	-12.222906	1.4320819	1.9436258	0.56558765	2006-12-28 00:00:00
93.469343	-11.460974	1.4259641	1.7168187	0.54549587	2006-12-29 00:00:00
82.707861	-8.2671265	1.9113695	1.1363498	0.66376228	2006-12-30 00:00:00
99.83753	-7.2078613	2.5490501	1.1397895	0.46112973	2006-12-31 00:00:00
