Results from FLAKE simulations.
 No     time         Ts            Tm            Tb            ufr_a         ufr_w         Wconv         Qw            Q_se          Q_la          I_w           Q_lwa         Q_lww         h_ML          C_T           H_B1          T_B1          Qbot          H_ice         H_snow        T_ice         T_snow   
        0   0.00000       17.2000       17.2000       8.00000      0.927091E-01  0.319939E-02   0.00000      -131.380      -8.94160      -37.5699       261.996       0.00000      -398.938       11.5500      0.500000       5.00000       4.00000      0.873600       0.00000       0.00000       0.00000       0.00000    
        1   1.00000       18.3931       17.4310       8.00000      0.152974      0.526679E-02  0.625638E-02  -279.960      -26.6146      -145.605       326.508       0.00000      -405.536       9.41162      0.500000       5.00000       4.00000      0.873600       0.00000       0.00000       0.00000       0.00000    
        2   2.00000       18.4763       17.5122       8.02018      0.122096      0.420299E-02  0.801478E-02  -249.070      -36.6270      -126.126       212.038       0.00000      -405.999       9.45979      0.509477       5.00000       4.00000      0.878007       0.00000       0.00000       0.00000       0.00000    
        3   3.00000       18.3573       17.4446       7.98738      0.152262      0.524265E-02  0.435340E-02  -243.983      -16.5990      -126.851       317.385       0.00000      -405.337       9.61551      0.525477       5.00000       4.00000      0.870843       0.00000       0.00000       0.00000       0.00000    
        4   4.00000       18.5083       17.5737       8.02907      0.698677E-01  0.240495E-02   0.00000      -156.458      -12.8895      -62.3585       220.322       0.00000      -406.177       9.61825      0.533230       5.00000       4.00000      0.879949       0.00000       0.00000       0.00000       0.00000    
        5   5.00000       18.6503       17.6858       8.02907      0.548927E-01  0.188896E-02   0.00000      -222.651      -19.9019      -81.2777       351.644       0.00000      -406.969       9.57712      0.531612       5.00000       4.00000      0.879949       0.00000       0.00000       0.00000       0.00000    
        6   6.00000       19.1558       17.9139       8.02907      0.540718E-01  0.185885E-02   0.00000      -206.607      -15.6452      -81.9275       315.485       0.00000      -409.796       9.12067      0.530655       5.00000       4.00000      0.879949       0.00000       0.00000       0.00000       0.00000    
        7   7.00000       19.5152       18.1061       8.02907      0.119588      0.410821E-02  0.689403E-02  -200.113      -23.4424      -97.8786       198.598       0.00000      -411.816       8.87649      0.530001       5.00000       4.00000      0.879949       0.00000       0.00000       0.00000       0.00000    
        8   8.00000       19.4862       18.1018       8.03576      0.214220      0.735954E-02   0.00000      -124.928       4.48354      -51.0157       251.763       0.00000      -411.652       8.95233      0.537597       5.00000       4.00000      0.881411       0.00000       0.00000       0.00000       0.00000    
        9   9.00000       21.7436       18.3260       8.03576      0.193168      0.660661E-02  0.912875E-02  -336.202      -34.5469      -200.391       269.158       0.00000      -424.502       6.10179      0.528540       5.00000       4.00000      0.881411       0.00000       0.00000       0.00000       0.00000    
       10   10.0000       21.4058       18.2050       7.96544      0.993235E-01  0.339929E-02  0.659198E-02  -233.728      -22.9312      -103.658       283.309       0.00000      -422.560       6.38460      0.532510       5.00000       4.00000      0.866053       0.00000       0.00000       0.00000       0.00000    
       11   11.0000       21.5208       18.2916       7.98483      0.179289      0.613467E-02  0.837778E-02  -237.309      -33.2366      -126.632       171.889       0.00000      -423.221       6.39771      0.534797       5.00000       4.00000      0.870286       0.00000       0.00000       0.00000       0.00000    
       12   12.0000       21.2329       18.1735       7.93725      0.193468      0.662360E-02  0.843857E-02  -337.680      -39.2539      -179.703       334.126       0.00000      -421.569       6.61436      0.538479       5.00000       4.00000      0.859894       0.00000       0.00000       0.00000       0.00000    
       13   13.0000       21.1416       18.1655       7.92603      0.155475      0.532385E-02  0.768254E-02  -259.293      -23.2041      -141.395       259.064       0.00000      -421.046       6.75576      0.542532       5.00000       4.00000      0.857445       0.00000       0.00000       0.00000       0.00000    
       14   14.0000       21.0829       18.1635       7.92287      0.124837      0.427523E-02  0.649145E-02  -180.509      -12.9092      -91.9416       195.289       0.00000      -420.710       6.85780      0.546059       5.00000       4.00000      0.856756       0.00000       0.00000       0.00000       0.00000    
       15   15.0000       21.0925       18.1882       7.92961      0.807034E-01  0.276375E-02   0.00000      -170.322      -8.25117      -56.6664       313.562       0.00000      -420.765       6.90526      0.548670       5.00000       4.00000      0.858226       0.00000       0.00000       0.00000       0.00000    
       16   16.0000       21.7781       18.4417       7.92961      0.751653E-01  0.257057E-02  0.454456E-02  -223.426      -14.5935      -90.2103       340.403       0.00000      -424.701       6.47393      0.548190       5.00000       4.00000      0.858226       0.00000       0.00000       0.00000       0.00000    
       17   17.0000       22.0484       18.6484       7.96410      0.872317E-01  0.298162E-02  0.666918E-02  -248.749      -23.5350      -108.350       307.900       0.00000      -426.259       6.47393      0.549280       5.00000       4.00000      0.865760       0.00000       0.00000       0.00000       0.00000    
       18   18.0000       22.1928       18.7521       7.98592      0.184456      0.630296E-02  0.104553E-01  -303.756      -55.5044      -171.099       88.4159       0.00000      -427.094       6.47883      0.551593       5.00000       4.00000      0.870526       0.00000       0.00000       0.00000       0.00000    
       19   19.0000       21.3850       18.3670       7.89959      0.159182      0.544814E-02  0.608208E-02  -170.252      -16.2943      -76.1543       197.225       0.00000      -422.441       6.91124      0.557238       5.00000       4.00000      0.851671       0.00000       0.00000       0.00000       0.00000    
       20   20.0000       21.4372       18.4134       7.91220      0.188522      0.645166E-02  0.910140E-02  -370.847      -37.6145      -214.843       338.488       0.00000      -422.740       6.93505      0.559526       5.00000       4.00000      0.854424       0.00000       0.00000       0.00000       0.00000    
       21   21.0000       21.2541       18.3542       7.90947      0.125164      0.428495E-02  0.811118E-02  -278.503      -29.7694      -147.274       264.432       0.00000      -421.690       7.10513      0.564674       5.00000       4.00000      0.853828       0.00000       0.00000       0.00000       0.00000    
       22   22.0000       21.1537       18.3275       7.91629      0.185217      0.634213E-02  0.872974E-02  -254.184      -23.3105      -156.861       181.899       0.00000      -421.115       7.21658      0.569048       5.00000       4.00000      0.855318       0.00000       0.00000       0.00000       0.00000    
       23   23.0000       20.8787       18.1972       7.91467      0.124715      0.427280E-02   0.00000      -144.091     -0.778707      -62.9369       242.918       0.00000      -419.544       7.39033      0.574344       5.00000       4.00000      0.854965       0.00000       0.00000       0.00000       0.00000    
       24   24.0000       21.4202       18.3716       7.91467      0.856635E-01  0.293170E-02   0.00000      -130.460      -8.78681      -37.7533       220.519       0.00000      -422.643       6.99972      0.572971       5.00000       4.00000      0.854965       0.00000       0.00000       0.00000       0.00000    
       25   25.0000       21.7764       18.5304       7.91467      0.102799      0.351564E-02   0.00000      -122.571      -6.55584      -36.4202       210.216       0.00000      -424.691       6.82506      0.572425       5.00000       4.00000      0.854965       0.00000       0.00000       0.00000       0.00000    
       26   26.0000       22.1548       18.6849       7.91467      0.110599      0.377954E-02  0.573159E-02  -98.9437      -5.71641      -34.1405       96.9158       0.00000      -426.874       6.62717      0.571699       5.00000       4.00000      0.854965       0.00000       0.00000       0.00000       0.00000    
       27   27.0000       22.1248       18.6797       7.91985      0.124392      0.425113E-02  0.216107E-02  -90.4347      -1.08315      -28.8465       145.986       0.00000      -426.701       6.66544      0.573475       5.00000       4.00000      0.856095       0.00000       0.00000       0.00000       0.00000    
       28   28.0000       22.2569       18.7771       7.93351      0.226942      0.775373E-02  0.644570E-02  -233.951      -7.23709      -128.784       292.635       0.00000      -427.465       6.66544      0.574465       5.00000       4.00000      0.859078       0.00000       0.00000       0.00000       0.00000    
       29   29.0000       22.4017       18.8800       7.95805      0.232800      0.795158E-02  0.109728E-01  -489.558      -58.3548      -302.922       348.566       0.00000      -428.304       6.67554      0.577736       5.00000       4.00000      0.864438       0.00000       0.00000       0.00000       0.00000    
       30   30.0000       21.8206       18.6272       7.94817      0.739328E-01  0.252821E-02  0.609683E-02  -211.649      -14.9913      -96.2683       264.746       0.00000      -424.946       6.99925      0.584254       5.00000       4.00000      0.862280       0.00000       0.00000       0.00000       0.00000    
       31   31.0000       21.9489       18.7201       7.96655      0.105271      0.359894E-02  0.930250E-02  -212.981      -26.7692      -114.015       75.7083       0.00000      -425.685       7.00304      0.586561       5.00000       4.00000      0.866294       0.00000       0.00000       0.00000       0.00000    
       32   32.0000       21.4657       18.4741       7.96922      0.118204      0.404498E-02  0.496892E-02  -202.765      -18.8504      -80.9518       280.778       0.00000      -422.904       7.22471      0.591899       5.00000       4.00000      0.866877       0.00000       0.00000       0.00000       0.00000    
       33   33.0000       21.6483       18.6114       7.98614      0.119443      0.408588E-02  0.544878E-02  -232.538      -19.8411      -100.536       315.709       0.00000      -423.954       7.22472      0.593588       5.00000       4.00000      0.870574       0.00000       0.00000       0.00000       0.00000    
       34   34.0000       21.8446       18.7579       8.00522      0.797420E-01  0.272673E-02  0.470445E-02  -230.790      -16.7111      -95.5605       331.832       0.00000      -425.084       7.22473      0.595598       5.00000       4.00000      0.874740       0.00000       0.00000       0.00000       0.00000    
       35   35.0000       22.0791       18.9361       8.02252      0.555526E-01  0.189870E-02  0.414596E-02  -225.859      -14.8034      -91.1790       334.766       0.00000      -426.437       7.22473      0.597079       5.00000       4.00000      0.878518       0.00000       0.00000       0.00000       0.00000    
       36   36.0000       22.3301       19.1284       8.03816      0.571579E-01  0.195258E-02  0.498369E-02  -236.360      -18.2008      -93.9792       335.431       0.00000      -427.889       7.22474      0.598214       5.00000       4.00000      0.881934       0.00000       0.00000       0.00000       0.00000    
       37   37.0000       22.5615       19.3032       8.05587      0.581772E-01  0.198648E-02  0.516454E-02  -225.555      -20.6890      -81.6460       314.558       0.00000      -429.231       7.22475      0.599831       5.00000       4.00000      0.885801       0.00000       0.00000       0.00000       0.00000    
       38   38.0000       22.7709       19.4600       8.07329      0.843109E-01  0.287761E-02  0.658870E-02  -208.815      -22.5988      -81.5007       243.776       0.00000      -430.448       7.22476      0.601545       5.00000       4.00000      0.889606       0.00000       0.00000       0.00000       0.00000    
       39   39.0000       22.8406       19.5206       8.09292      0.914480E-01  0.312077E-02  0.742515E-02  -158.373      -18.8969      -67.8772       127.394       0.00000      -430.854       7.24733      0.604302       5.00000       4.00000      0.893895       0.00000       0.00000       0.00000       0.00000    
       40   40.0000       22.7136       19.4638       8.11224      0.641218E-01  0.218879E-02  0.466140E-02  -128.705      -9.90457      -39.3595       172.010       0.00000      -430.115       7.32073      0.607819       5.00000       4.00000      0.898112       0.00000       0.00000       0.00000       0.00000    
       41   41.0000       22.8171       19.5393       8.12424      0.139869      0.477343E-02  0.798519E-02  -294.961      -31.7669      -143.618       312.783       0.00000      -430.717       7.32074      0.609252       5.00000       4.00000      0.900734       0.00000       0.00000       0.00000       0.00000    
       42   42.0000       22.8172       19.5693       8.15228      0.146445      0.499785E-02  0.915769E-02  -321.248      -39.8850      -167.486       278.276       0.00000      -430.718       7.37997      0.613433       5.00000       4.00000      0.906859       0.00000       0.00000       0.00000       0.00000    
       43   43.0000       22.6265       19.4911       8.18740      0.108103      0.369073E-02  0.718930E-02  -272.211      -31.2887      -116.351       315.246       0.00000      -429.609       7.49854      0.619051       5.00000       4.00000      0.914528       0.00000       0.00000       0.00000       0.00000    
       44   44.0000       22.7089       19.5660       8.21429      0.657044E-01  0.224283E-02  0.379303E-02  -212.287      -16.5830      -74.8710       313.001       0.00000      -430.087       7.52820      0.622707       5.00000       4.00000      0.920401       0.00000       0.00000       0.00000       0.00000    
       45   45.0000       22.9396       19.7436       8.22421      0.108047      0.368651E-02  0.850028E-02  -220.272      -26.9909      -108.616       168.192       0.00000      -431.431       7.52821      0.623732       5.00000       4.00000      0.922568       0.00000       0.00000       0.00000       0.00000    
       46   46.0000       22.7440       19.6492       8.25962      0.170340      0.581417E-02  0.876076E-02  -236.015      -27.0705      -128.029       175.509       0.00000      -430.292       7.62536      0.628812       5.00000       4.00000      0.930300       0.00000       0.00000       0.00000       0.00000    
       47   47.0000       22.5236       19.5397       8.30031      0.193957      0.662322E-02  0.647155E-02  -173.200      -7.64137      -89.8141       189.623       0.00000      -429.011       7.73097      0.634474       5.00000       4.00000      0.939188       0.00000       0.00000       0.00000       0.00000    
       48   48.0000       22.5433       19.5672       8.32591      0.164587      0.562007E-02  0.321369E-02  -146.274     -0.846310      -65.9370       213.860       0.00000      -429.125       7.75976      0.637890       5.00000       4.00000      0.944779       0.00000       0.00000       0.00000       0.00000    
       49   49.0000       22.7031       19.6858       8.34476      0.162391      0.554332E-02  0.759566E-02  -293.689      -19.0841      -158.497       328.442       0.00000      -430.054       7.75977      0.640375       5.00000       4.00000      0.948896       0.00000       0.00000       0.00000       0.00000    
       50   50.0000       22.7569       19.7459       8.37960      0.119292      0.407167E-02  0.986670E-02  -326.375      -33.4302      -190.106       237.623       0.00000      -430.367       7.79902      0.644875       5.00000       4.00000      0.956505       0.00000       0.00000       0.00000       0.00000    
       51   51.0000       22.4455       19.5860       8.44144      0.121595      0.415288E-02  0.105091E-01  -283.336      -36.6781      -170.026       117.519       0.00000      -428.558       7.93601      0.652568       5.00000       4.00000      0.970010       0.00000       0.00000       0.00000       0.00000    
       52   52.0000       21.9274       19.2889       8.51928      0.159943      0.546826E-02  0.931095E-02  -226.608      -27.1733      -132.502       123.683       0.00000      -425.561       8.11660      0.661969       5.00000       4.00000      0.987011       0.00000       0.00000       0.00000       0.00000    
       53   53.0000       21.6047       19.1038       8.58643      0.166831      0.570741E-02  0.575224E-02  -133.733      -4.97048      -66.0509       147.775       0.00000      -423.703       8.23930      0.670193       5.00000       4.00000       1.00168       0.00000       0.00000       0.00000       0.00000    
       54   54.0000       21.6244       19.1270       8.61213      0.143460      0.490768E-02  0.382216E-02  -85.3414      0.535871      -32.1002       111.595       0.00000      -423.816       8.25897      0.673576       5.00000       4.00000       1.00729       0.00000       0.00000       0.00000       0.00000    
       55   55.0000       21.6850       19.1719       8.63036      0.921922E-01  0.315346E-02   0.00000      -82.5591     -0.962860      -20.4365       144.081       0.00000      -424.165       8.26120      0.676059       5.00000       4.00000       1.01127       0.00000       0.00000       0.00000       0.00000    
       56   56.0000       22.5846       19.2797       8.63036      0.729187E-01  0.248972E-02  0.219418E-02  -117.086      -6.95975      -31.2554       178.533       0.00000      -429.365       7.49761      0.675036       5.00000       4.00000       1.01127       0.00000       0.00000       0.00000       0.00000    
       57   57.0000       22.7279       19.3872       8.63208      0.634590E-01  0.216610E-02   0.00000      -156.489      -8.52786      -35.9980       289.672       0.00000      -430.198       7.49761      0.675478       5.00000       4.00000       1.01165       0.00000       0.00000       0.00000       0.00000    
       58   58.0000       23.6506       19.6225       8.63208      0.730851E-01  0.249005E-02   0.00000      -184.530      -11.5036      -55.1355       298.488       0.00000      -435.590       6.96166      0.675146       5.00000       4.00000       1.01165       0.00000       0.00000       0.00000       0.00000    
       59   59.0000       23.9230       19.8236       8.63109      0.932976E-01  0.317695E-02  0.610168E-02  -213.010      -15.2072      -85.7050       275.151       0.00000      -437.191       6.96628      0.675492       5.00000       4.00000       1.01143       0.00000       0.00000       0.00000       0.00000    
       60   60.0000       24.0806       19.9324       8.64732      0.922450E-01  0.314010E-02  0.550285E-02  -211.681      -16.6944      -75.7536       291.598       0.00000      -438.119       6.96804      0.677542       5.00000       4.00000       1.01497       0.00000       0.00000       0.00000       0.00000    
       61   61.0000       24.2822       20.0728       8.65943      0.983675E-01  0.334715E-02  0.745829E-02  -266.776      -27.2555      -108.764       307.553       0.00000      -439.309       6.96805      0.679197       5.00000       4.00000       1.01762       0.00000       0.00000       0.00000       0.00000    
       62   62.0000       24.3590       20.1435       8.68649      0.823875E-01  0.280296E-02  0.707820E-02  -250.295      -21.5397      -101.640       298.934       0.00000      -439.763       6.99615      0.682206       5.00000       4.00000       1.02353       0.00000       0.00000       0.00000       0.00000    
       63   63.0000       24.4648       20.2282       8.71064      0.936082E-01  0.318403E-02  0.831794E-02  -230.769      -21.7074      -108.712       203.893       0.00000      -440.389       7.01526      0.684930       5.00000       4.00000       1.02880       0.00000       0.00000       0.00000       0.00000    
       64   64.0000       24.3310       20.1785       8.74914      0.147811      0.502905E-02  0.737982E-02  -226.195      -15.8191      -106.818       245.934       0.00000      -439.597       7.08061      0.688697       5.00000       4.00000       1.03721       0.00000       0.00000       0.00000       0.00000    
       65   65.0000       24.3487       20.2117       8.77813      0.112087      0.381348E-02  0.625481E-02  -169.274      -12.3449      -64.8918       200.055       0.00000      -439.702       7.11378      0.691750       5.00000       4.00000       1.04354       0.00000       0.00000       0.00000       0.00000    
       66   66.0000       24.4131       20.2646       8.79835      0.688395E-01  0.234178E-02  0.334698E-02  -176.596      -11.9197      -47.5155       270.615       0.00000      -440.083       7.12817      0.693967       5.00000       4.00000       1.04796       0.00000       0.00000       0.00000       0.00000    
       67   67.0000       24.6429       20.4301       8.80070      0.803544E-01  0.273222E-02  0.624927E-02  -225.430      -19.4344      -78.1831       290.585       0.00000      -441.444       7.12818      0.694602       5.00000       4.00000       1.04847       0.00000       0.00000       0.00000       0.00000    
       68   68.0000       24.8056       20.5441       8.81949      0.100589      0.341911E-02  0.880547E-02  -304.755      -29.9000      -143.046       295.412       0.00000      -442.410       7.13129      0.696793       5.00000       4.00000       1.05258       0.00000       0.00000       0.00000       0.00000    
       69   69.0000       24.7158       20.5255       8.86441      0.543057E-01  0.184623E-02  0.706167E-02  -241.610      -18.2939      -96.6550       285.862       0.00000      -441.876       7.19520      0.701112       5.00000       4.00000       1.06239       0.00000       0.00000       0.00000       0.00000    
       70   70.0000       24.8085       20.6024       8.89135      0.674751E-01  0.229352E-02  0.573750E-02  -209.014      -12.7233      -75.2501       279.153       0.00000      -442.426       7.21442      0.703965       5.00000       4.00000       1.06827       0.00000       0.00000       0.00000       0.00000    
       71   71.0000       24.9853       20.7253       8.90734      0.882763E-01  0.299949E-02  0.616499E-02  -218.509      -12.4322      -86.9599       282.305       0.00000      -443.478       7.21443      0.705853       5.00000       4.00000       1.07176       0.00000       0.00000       0.00000       0.00000    
       72   72.0000       25.1440       20.8369       8.92668      0.694219E-01  0.235808E-02  0.463677E-02  -194.369      -9.03625      -66.4911       280.714       0.00000      -444.423       7.21743      0.708013       5.00000       4.00000       1.07599       0.00000       0.00000       0.00000       0.00000    
       73   73.0000       25.3576       20.9887       8.93566      0.477329E-01  0.162066E-02  0.648053E-02  -220.997      -14.0273      -82.7811       277.245       0.00000      -445.697       7.21744      0.709227       5.00000       4.00000       1.07795       0.00000       0.00000       0.00000       0.00000    
       74   74.0000       25.4920       21.0868       8.95798      0.115152      0.390864E-02  0.988348E-02  -243.256      -26.8834      -131.168       129.923       0.00000      -446.500       7.22544      0.711574       5.00000       4.00000       1.08282       0.00000       0.00000       0.00000       0.00000    
       75   75.0000       25.0914       20.8830       9.02275      0.138034      0.468917E-02  0.843505E-02  -249.369      -21.4671      -118.940       233.472       0.00000      -444.109       7.33119      0.717013       5.00000       4.00000       1.09697       0.00000       0.00000       0.00000       0.00000    
       76   76.0000       24.9962       20.8527       9.03853      0.657216E-01  0.223307E-02  0.436829E-02  -192.765      -11.4968      -56.8848       279.688       0.00000      -443.542       7.37472      0.718282       5.00000       4.00000       1.10041       0.00000       0.00000       0.00000       0.00000    
       77   77.0000       25.2035       21.0054       9.03565      0.748267E-01  0.254136E-02  0.615568E-02  -208.078      -15.5920      -68.9157       265.005       0.00000      -444.777       7.37473      0.718282       5.00000       4.00000       1.09979       0.00000       0.00000       0.00000       0.00000    
       78   78.0000       25.3382       21.1048       9.03416      0.127921      0.434341E-02  0.920788E-02  -238.646      -25.4071      -117.186       172.221       0.00000      -445.581       7.37474      0.718282       5.00000       4.00000       1.09946       0.00000       0.00000       0.00000       0.00000    
       79   79.0000       25.0912       20.9844       9.03994      0.133830      0.454633E-02  0.973252E-02  -233.558      -29.9975      -119.418       126.557       0.00000      -444.108       7.43586      0.718282       5.00000       4.00000       1.10072       0.00000       0.00000       0.00000       0.00000    
       80   80.0000       24.7247       20.7919       9.04795      0.105297      0.357972E-02  0.805607E-02  -204.016      -21.6261      -83.8210       181.301       0.00000      -441.929       7.51599      0.718282       5.00000       4.00000       1.10247       0.00000       0.00000       0.00000       0.00000    
       81   81.0000       24.6205       20.7494       9.05089      0.854404E-01  0.290528E-02  0.742562E-02  -247.775      -25.0454      -88.8882       277.588       0.00000      -441.311       7.55197      0.718282       5.00000       4.00000       1.10311       0.00000       0.00000       0.00000       0.00000    
       82   82.0000       24.6673       20.8004       9.05124      0.129200      0.439285E-02  0.102278E-01  -360.745      -48.2632      -171.458       283.261       0.00000      -441.588       7.56825      0.718282       5.00000       4.00000       1.10319       0.00000       0.00000       0.00000       0.00000    
       83   83.0000       24.3740       20.6603       9.05850      0.783507E-01  0.266554E-02  0.114029E-01  -272.316      -42.3240      -134.216       39.7365       0.00000      -439.852       7.65095      0.718282       5.00000       4.00000       1.10478       0.00000       0.00000       0.00000       0.00000    
       84   84.0000       23.6447       20.2441       9.07352      0.987995E-01  0.336619E-02  0.101555E-01  -223.398      -34.3787      -106.010       70.3336       0.00000      -435.555       7.79729      0.718282       5.00000       4.00000       1.10806       0.00000       0.00000       0.00000       0.00000    
       85   85.0000       23.1650       19.9695       9.08357      0.172355      0.587799E-02  0.103717E-01  -324.453      -46.0118      -171.774       201.826       0.00000      -432.746       7.90094      0.718282       5.00000       4.00000       1.11025       0.00000       0.00000       0.00000       0.00000    
       86   86.0000       22.7632       19.7490       9.09266      0.113235      0.386487E-02  0.971829E-02  -337.183      -42.3235      -162.597       268.598       0.00000      -430.403       8.00458      0.718282       5.00000       4.00000       1.11224       0.00000       0.00000       0.00000       0.00000    
       87   87.0000       22.5176       19.6248       9.09889      0.173095      0.591091E-02  0.835763E-02  -255.438      -17.3631      -135.700       230.796       0.00000      -428.976       8.08353      0.718282       5.00000       4.00000       1.11360       0.00000       0.00000       0.00000       0.00000    
       88   88.0000       22.4101       19.5789       9.10213      0.107516      0.367227E-02  0.939731E-02  -276.104      -32.2480      -139.045       197.463       0.00000      -428.352       8.12904      0.718282       5.00000       4.00000       1.11431       0.00000       0.00000       0.00000       0.00000    
       89   89.0000       22.1497       19.4367       9.10832      0.124223      0.424513E-02  0.932781E-02  -286.988      -40.9296      -132.074       216.437       0.00000      -426.845       8.20495      0.718282       5.00000       4.00000       1.11566       0.00000       0.00000       0.00000       0.00000    
       90   90.0000       21.9128       19.3090       9.11411      0.126663      0.433058E-02  0.733144E-02  -184.231      -20.5449      -75.2575       170.593       0.00000      -425.477       8.27867      0.718282       5.00000       4.00000       1.11692       0.00000       0.00000       0.00000       0.00000    
       91   91.0000       21.8491       19.2827       9.11618      0.754575E-01  0.258020E-02  0.582272E-02  -219.876      -20.0534      -70.5094       273.622       0.00000      -425.110       8.30898      0.718282       5.00000       4.00000       1.11737       0.00000       0.00000       0.00000       0.00000    
       92   92.0000       21.9662       19.3763       9.11509      0.376605E-01  0.128747E-02  0.803617E-02  -185.852      -21.5059      -76.3481       141.386       0.00000      -425.785       8.30943      0.718282       5.00000       4.00000       1.11714       0.00000       0.00000       0.00000       0.00000    
       93   93.0000       21.8180       19.2951       9.11873      0.663893E-01  0.227026E-02  0.692271E-02  -158.869      -17.6413      -52.5401       148.900       0.00000      -424.930       8.35545      0.718282       5.00000       4.00000       1.11793       0.00000       0.00000       0.00000       0.00000    
       94   94.0000       21.7686       19.2753       9.12041      0.673515E-01  0.230339E-02  0.502745E-02  -128.109      -9.92370      -33.8199       155.848       0.00000      -424.646       8.38014      0.718282       5.00000       4.00000       1.11830       0.00000       0.00000       0.00000       0.00000    
       95   95.0000       21.8267       19.3227       9.11996      0.114913      0.392953E-02  0.503797E-02  -149.367      -9.11692      -49.9297       186.998       0.00000      -424.981       8.38117      0.718282       5.00000       4.00000       1.11820       0.00000       0.00000       0.00000       0.00000    
       96   96.0000       21.9078       19.3876       9.11919      0.114393      0.391109E-02  0.514201E-02  -200.731      -11.0127      -73.6462       260.607       0.00000      -425.448       8.38117      0.718282       5.00000       4.00000       1.11803       0.00000       0.00000       0.00000       0.00000    
       97   97.0000       22.0384       19.4922       9.11776      0.778949E-01  0.266254E-02  0.716256E-02  -227.666      -18.4272      -89.5949       242.138       0.00000      -426.202       8.38118      0.718282       5.00000       4.00000       1.11772       0.00000       0.00000       0.00000       0.00000    
       98   98.0000       22.0464       19.5159       9.11871      0.454734E-01  0.155431E-02  0.721918E-02  -204.520      -17.3484      -77.9609       205.945       0.00000      -426.248       8.40240      0.718282       5.00000       4.00000       1.11793       0.00000       0.00000       0.00000       0.00000    
       99   99.0000       22.0222       19.5164       9.12015      0.126400      0.432065E-02  0.779049E-02  -235.045      -21.5369      -101.440       226.434       0.00000      -426.108       8.42692      0.718282       5.00000       4.00000       1.11824       0.00000       0.00000       0.00000       0.00000    
      100   100.000       21.9668       19.4990       9.12230      0.104273      0.356467E-02  0.582695E-02  -197.971      -14.3761      -67.8549       240.465       0.00000      -425.789       8.46050      0.718282       5.00000       4.00000       1.11871       0.00000       0.00000       0.00000       0.00000    
      101   101.000       22.0551       19.5726       9.12163      0.132561      0.453093E-02  0.100985E-01  -350.138      -45.4808      -169.165       256.972       0.00000      -426.298       8.46354      0.718282       5.00000       4.00000       1.11856       0.00000       0.00000       0.00000       0.00000    
      102   102.000       21.7574       19.4045       9.12882      0.126742      0.433462E-02  0.108506E-01  -394.522      -63.9739      -183.621       257.376       0.00000      -424.582       8.55405      0.718282       5.00000       4.00000       1.12013       0.00000       0.00000       0.00000       0.00000    
      103   103.000       21.3414       19.1582       9.13843      0.889723E-01  0.304542E-02  0.958927E-02  -321.233      -47.9136      -128.808       245.277       0.00000      -422.191       8.67316      0.718282       5.00000       4.00000       1.12223       0.00000       0.00000       0.00000       0.00000    
      104   104.000       21.1006       19.0208       9.14440      0.148060      0.507036E-02  0.109976E-01  -297.872      -52.1858      -168.118       97.6386       0.00000      -420.811       8.75291      0.718282       5.00000       4.00000       1.12354       0.00000       0.00000       0.00000       0.00000    
      105   105.000       20.5437       18.6622       9.15615      0.138061      0.473316E-02  0.820622E-02  -231.970      -23.9125      -107.523       192.976       0.00000      -417.635       8.89308      0.718282       5.00000       4.00000       1.12610       0.00000       0.00000       0.00000       0.00000    
      106   106.000       20.4152       18.5906       9.15959      0.179320      0.614922E-02  0.775528E-02  -192.255      -13.2043      -97.1316       157.190       0.00000      -416.904       8.94342      0.718282       5.00000       4.00000       1.12685       0.00000       0.00000       0.00000       0.00000    
      107   107.000       20.3022       18.5261       9.16255      0.116484      0.399536E-02  0.879992E-02  -211.397      -29.0971      -99.4633       129.700       0.00000      -416.263       8.98620      0.718282       5.00000       4.00000       1.12750       0.00000       0.00000       0.00000       0.00000    
      108   108.000       20.0692       18.3786       9.16783      0.184904      0.634505E-02  0.109809E-01  -310.301      -63.1263      -166.578       106.147       0.00000      -414.942       9.05623      0.718282       5.00000       4.00000       1.12865       0.00000       0.00000       0.00000       0.00000    
      109   109.000       19.5204       18.0129       9.17944      0.159898      0.549293E-02  0.985235E-02  -209.931      -40.9235      -102.589       51.6638       0.00000      -411.845       9.20584      0.718282       5.00000       4.00000       1.13119       0.00000       0.00000       0.00000       0.00000    
      110   110.000       19.1043       17.7290       9.18809      0.125481      0.431417E-02  0.550403E-02  -138.972      -12.6309      -44.9778       152.247       0.00000      -409.508       9.31974      0.718282       5.00000       4.00000       1.13308       0.00000       0.00000       0.00000       0.00000    
      111   111.000       19.1218       17.7506       9.18838      0.952390E-01  0.327430E-02  0.644959E-02  -211.778      -20.8569      -71.2417       228.394       0.00000      -409.605       9.33028      0.718282       5.00000       4.00000       1.13314       0.00000       0.00000       0.00000       0.00000    
      112   112.000       19.1394       17.7781       9.18898      0.806639E-01  0.277312E-02  0.684869E-02  -202.837      -23.8470      -63.2596       202.275       0.00000      -409.704       9.35000      0.718282       5.00000       4.00000       1.13327       0.00000       0.00000       0.00000       0.00000    
      113   113.000       19.1158       17.7750       9.19029      0.148154      0.509356E-02  0.901364E-02  -188.033      -33.6035      -91.1530       76.0580       0.00000      -409.572       9.37771      0.718282       5.00000       4.00000       1.13356       0.00000       0.00000       0.00000       0.00000    
      114   114.000       18.8220       17.5735       9.19655      0.113306      0.389775E-02  0.608592E-02  -128.745      -13.6388      -43.4596       121.757       0.00000      -407.928       9.46421      0.718282       5.00000       4.00000       1.13493       0.00000       0.00000       0.00000       0.00000    
      115   115.000       18.7913       17.5590       9.19767      0.566877E-01  0.195019E-02   0.00000      -121.877      -7.11203      -20.6920       172.404       0.00000      -407.756       9.48451      0.718282       5.00000       4.00000       1.13517       0.00000       0.00000       0.00000       0.00000    
      116   116.000       18.9111       17.6469       9.19767      0.443822E-01  0.152649E-02  0.182707E-02  -142.724      -8.18524      -27.8235       197.962       0.00000      -408.426       9.45433      0.717313       5.00000       4.00000       1.13517       0.00000       0.00000       0.00000       0.00000    
      117   117.000       19.0229       17.7432       9.20125      0.438412E-01  0.150755E-02  0.457014E-02  -142.220      -9.63495      -33.7808       174.491       0.00000      -409.052       9.45434      0.718137       5.00000       4.00000       1.13595       0.00000       0.00000       0.00000       0.00000    
      118   118.000       19.0864       17.7986       9.20159      0.432769E-01  0.148796E-02  0.448761E-02  -166.263      -12.0950      -36.8300       209.489       0.00000      -409.407       9.45506      0.718282       5.00000       4.00000       1.13603       0.00000       0.00000       0.00000       0.00000    
      119   119.000       19.1726       17.8735       9.20071      0.625620E-01  0.215066E-02  0.642242E-02  -145.871      -15.7065      -40.4241       137.063       0.00000      -409.891       9.45507      0.718282       5.00000       4.00000       1.13584       0.00000       0.00000       0.00000       0.00000    
      120   120.000       19.1356       17.8557       9.20202      0.974021E-01  0.334858E-02  0.750831E-02  -151.799      -21.3413      -55.8805       105.281       0.00000      -409.683       9.47822      0.718282       5.00000       4.00000       1.13612       0.00000       0.00000       0.00000       0.00000    
      121   121.000       19.0066       17.7708       9.20506      0.676859E-01  0.232756E-02  0.502635E-02  -145.749      -11.6902      -32.0672       171.107       0.00000      -408.960       9.52255      0.718282       5.00000       4.00000       1.13678       0.00000       0.00000       0.00000       0.00000    
      122   122.000       19.0526       17.8139       9.20483      0.110782      0.380920E-02  0.623881E-02  -168.638      -15.5069      -51.7341       173.932       0.00000      -409.218       9.52731      0.718282       5.00000       4.00000       1.13673       0.00000       0.00000       0.00000       0.00000    
      123   123.000       19.0476       17.8212       9.20564      0.609927E-01  0.209723E-02  0.390379E-02  -135.680      -7.23036      -27.4735       174.035       0.00000      -409.190       9.54626      0.718282       5.00000       4.00000       1.13691       0.00000       0.00000       0.00000       0.00000    
      124   124.000       19.1234       17.8874       9.20482      0.775260E-01  0.266532E-02  0.439181E-02  -107.162      -6.44467      -21.7926       128.089       0.00000      -409.615       9.54627      0.718282       5.00000       4.00000       1.13673       0.00000       0.00000       0.00000       0.00000    
      125   125.000       19.1627       17.9227       9.20456      0.106452      0.365949E-02  0.457912E-02  -121.125      -5.72734      -30.2649       144.769       0.00000      -409.835       9.54763      0.718282       5.00000       4.00000       1.13667       0.00000       0.00000       0.00000       0.00000    
      126   126.000       19.2071       17.9627       9.20425      0.112629      0.387153E-02  0.370500E-02  -130.578      -1.96138      -34.2033       169.212       0.00000      -410.084       9.54959      0.718282       5.00000       4.00000       1.13661       0.00000       0.00000       0.00000       0.00000    
      127   127.000       19.2834       18.0294       9.20341      0.844437E-01  0.290224E-02  0.725460E-02  -172.216      -13.6222      -65.4556       145.477       0.00000      -410.512       9.54960      0.718282       5.00000       4.00000       1.13642       0.00000       0.00000       0.00000       0.00000    
      128   128.000       19.2009       17.9797       9.20566      0.992519E-01  0.341173E-02  0.994430E-02  -196.947      -35.6101      -89.6102       30.8026       0.00000      -410.049       9.58535      0.718282       5.00000       4.00000       1.13692       0.00000       0.00000       0.00000       0.00000    
      129   129.000       18.7840       17.6818       9.21423      0.197296      0.678752E-02  0.106971E-01  -226.371      -49.8625      -111.258       7.28657       0.00000      -407.715       9.69795      0.718282       5.00000       4.00000       1.13879       0.00000       0.00000       0.00000       0.00000    
      130   130.000       18.2453       17.2895       9.22520      0.845511E-01  0.291188E-02  0.569987E-02  -159.507      -12.7191      -39.5046       172.521       0.00000      -404.714       9.84614      0.718282       5.00000       4.00000       1.14118       0.00000       0.00000       0.00000       0.00000    
      131   131.000       18.2601       17.3106       9.22558      0.141129      0.486025E-02  0.994993E-02  -316.163      -52.6561      -134.654       185.389       0.00000      -404.796       9.86007      0.718282       5.00000       4.00000       1.14127       0.00000       0.00000       0.00000       0.00000    
      132   132.000       17.9255       17.0756       9.23308      0.127289      0.438651E-02  0.103927E-01  -314.396      -61.0504      -139.923       144.114       0.00000      -402.940       9.97778      0.718282       5.00000       4.00000       1.14290       0.00000       0.00000       0.00000       0.00000    
      133   133.000       17.5052       16.7702       9.24216      0.153234      0.528494E-02  0.998876E-02  -282.295      -44.8466      -144.215       127.393       0.00000      -400.618       10.1198      0.718282       5.00000       4.00000       1.14489       0.00000       0.00000       0.00000       0.00000    
      134   134.000       17.1284       16.4923       9.25028      0.762546E-01  0.263191E-02  0.967867E-02  -197.532      -40.3819      -83.9800       31.3326       0.00000      -398.545       10.2515      0.718282       5.00000       4.00000       1.14666       0.00000       0.00000       0.00000       0.00000    
      135   135.000       16.7389       16.1942       9.25830      0.238071      0.822325E-02  0.110840E-01  -339.566      -89.3273      -164.138       98.4827       0.00000      -396.410       10.3792      0.718282       5.00000       4.00000       1.14841       0.00000       0.00000       0.00000       0.00000    
      136   136.000       16.1790       15.7627       9.27006      0.286399      0.990338E-02  0.104517E-01  -239.423      -58.4718      -122.650       13.4736       0.00000      -393.356       10.5812      0.718282       5.00000       4.00000       1.15098       0.00000       0.00000       0.00000       0.00000    
      137   137.000       15.6703       15.3582       9.28046      0.260709      0.902400E-02  0.892574E-02  -272.538      -43.3682      -119.255       168.137       0.00000      -390.597       10.7648      0.718282       5.00000       4.00000       1.15325       0.00000       0.00000       0.00000       0.00000    
      138   138.000       15.4250       15.1702       9.28600      0.102512      0.354998E-02  0.872793E-02  -266.461      -46.6404      -92.8206       170.236       0.00000      -389.272       10.8825      0.718282       5.00000       4.00000       1.15446       0.00000       0.00000       0.00000       0.00000    
      139   139.000       15.2002       14.9967       9.29112      0.116577      0.403880E-02  0.879945E-02  -269.828      -48.1065      -97.8838       167.794       0.00000      -388.061       10.9960      0.718282       5.00000       4.00000       1.15558       0.00000       0.00000       0.00000       0.00000    
      140   140.000       14.9656       14.8128       9.29642      0.144757      0.501738E-02  0.980581E-02  -262.645      -66.6593      -120.499       82.4377       0.00000      -386.799       11.1166      0.718282       5.00000       4.00000       1.15674       0.00000       0.00000       0.00000       0.00000    
      141   141.000       14.5737       14.4898       9.30466      0.157590      0.546636E-02  0.958481E-02  -316.275      -65.0544      -127.415       164.803       0.00000      -384.699       11.2938      0.718282       5.00000       4.00000       1.15854       0.00000       0.00000       0.00000       0.00000    
      142   142.000       14.2425       14.2179       9.31191      0.148014      0.513747E-02  0.910391E-02  -230.755      -51.1258      -109.571       84.3738       0.00000      -382.930       11.4697      0.718282       5.00000       4.00000       1.16012       0.00000       0.00000       0.00000       0.00000    
      143   143.000       13.9551       13.9551       13.9551      0.147166      0.511089E-02  0.846968E-02  -234.751      -44.1539      -95.7769       127.884       0.00000      -381.401       11.5500      0.500000       5.00000       4.00000       2.17419       0.00000       0.00000       0.00000       0.00000    
      144   144.000       13.7608       13.7608       13.7608      0.757729E-01  0.263249E-02  0.756002E-02  -210.184      -34.1856      -61.2817       144.854       0.00000      -380.370       11.5500      0.500000       5.00000       4.00000       2.13176       0.00000       0.00000       0.00000       0.00000    
      145   145.000       13.6406       13.6406       13.6406      0.106706      0.370802E-02  0.696605E-02  -174.142      -27.1824      -55.2511       124.734       0.00000      -379.733       11.5500      0.500000       5.00000       4.00000       2.10551       0.00000       0.00000       0.00000       0.00000    
      146   146.000       13.5488       13.5488       13.5488      0.597800E-01  0.207772E-02  0.485036E-02  -93.2074      -9.69028      -18.5818       86.6984       0.00000      -379.247       11.5500      0.500000       5.00000       4.00000       2.08546       0.00000       0.00000       0.00000       0.00000    
      147   147.000       13.5335       13.5335       13.5335      0.587785E-01  0.204297E-02  0.402106E-02  -117.701      -7.76839      -15.7133       133.667       0.00000      -379.166       11.5500      0.500000       5.00000       4.00000       2.08211       0.00000       0.00000       0.00000       0.00000    
      148   148.000       13.5582       13.5582       13.5582      0.846765E-01  0.294297E-02  0.469635E-02  -102.936      -7.45341      -23.8796       102.651       0.00000      -379.296       11.5500      0.500000       5.00000       4.00000       2.08750       0.00000       0.00000       0.00000       0.00000    
      149   149.000       13.5539       13.5539       13.5539      0.860939E-01  0.299226E-02  0.796842E-02  -157.000      -35.9071      -62.9456       50.0355       0.00000      -379.274       11.5500      0.500000       5.00000       4.00000       2.08657       0.00000       0.00000       0.00000       0.00000    
      150   150.000       13.3597       13.3597       13.3597      0.136934      0.476104E-02  0.940407E-02  -287.845      -74.8527      -104.555       115.838       0.00000      -378.247       11.5500      0.500000       5.00000       4.00000       2.04415       0.00000       0.00000       0.00000       0.00000    
      151   151.000       13.0496       13.0496       13.0496      0.886498E-01  0.308410E-02  0.871584E-02  -229.229      -54.3003      -78.7208       85.2401       0.00000      -376.612       11.5500      0.500000       5.00000       4.00000       1.97644       0.00000       0.00000       0.00000       0.00000    
      152   152.000       12.7896       12.7896       12.7896      0.655888E-01  0.228296E-02  0.741154E-02  -181.611      -33.3443      -55.9635       101.596       0.00000      -375.245       11.5500      0.500000       5.00000       4.00000       1.91965       0.00000       0.00000       0.00000       0.00000    
      153   153.000       12.6436       12.6436       12.6436      0.115792      0.403153E-02  0.835138E-02  -193.320      -51.6817      -83.3560       55.2880       0.00000      -374.480       11.5500      0.500000       5.00000       4.00000       1.88777       0.00000       0.00000       0.00000       0.00000    
      154   154.000       12.3944       12.3944       12.3944      0.215523      0.750747E-02  0.944670E-02  -310.882      -79.3028      -132.288       112.142       0.00000      -373.175       11.5500      0.500000       5.00000       4.00000       1.83334       0.00000       0.00000       0.00000       0.00000    
      155   155.000       12.0371       12.0371       12.0371      0.302927      0.105594E-01  0.113220E-01  -514.138      -171.089      -190.391       143.146       0.00000      -371.311       11.5500      0.500000       5.00000       4.00000       1.75531       0.00000       0.00000       0.00000       0.00000    
      156   156.000       11.3732       11.3732       11.3732      0.210849      0.735915E-02  0.102406E-01  -433.766      -133.466      -153.537       140.442       0.00000      -367.865       11.5500      0.500000       5.00000       4.00000       1.61031       0.00000       0.00000       0.00000       0.00000    
      157   157.000       10.8479       10.8479       10.8479      0.119555      0.417697E-02  0.860528E-02  -308.319      -79.3739      -92.9663       130.492       0.00000      -365.156       11.5500      0.500000       5.00000       4.00000       1.49557       0.00000       0.00000       0.00000       0.00000    
      158   158.000       10.5284       10.5284       10.5284      0.870683E-01  0.304384E-02  0.754528E-02  -231.658      -51.5854      -64.5300       110.109       0.00000      -363.516       11.5500      0.500000       5.00000       4.00000       1.42581       0.00000       0.00000       0.00000       0.00000    
      159   159.000       10.3094       10.3094       10.3094      0.745662E-01  0.260788E-02  0.744176E-02  -242.436      -50.6262      -61.7326       125.596       0.00000      -362.394       11.5500      0.500000       5.00000       4.00000       1.37796       0.00000       0.00000       0.00000       0.00000    
      160   160.000       10.0988       10.0988       10.0988      0.593063E-01  0.207502E-02  0.685084E-02  -205.180      -41.5124      -50.9991       113.789       0.00000      -361.319       11.5500      0.500000       5.00000       4.00000       1.33197       0.00000       0.00000       0.00000       0.00000    
      161   161.000       9.93357       9.93357       9.93357      0.265618      0.929642E-02  0.643698E-02  -128.262      -29.6570      -64.1987       36.1168       0.00000      -360.476       11.5500      0.500000       5.00000       4.00000       1.29589       0.00000       0.00000       0.00000       0.00000    
      162   162.000       9.76713       9.76713       9.76713      0.356378      0.124769E-01  0.381033E-02  -30.8267       8.55839      -14.0866       12.2195       0.00000      -359.629       11.5500      0.500000       5.00000       4.00000       1.25954       0.00000       0.00000       0.00000       0.00000    
      163   163.000       9.73174       9.73174       9.73174      0.123277      0.431626E-02   0.00000      -48.6851       2.11088      -3.84046       72.6099       0.00000      -359.450       11.5500      0.500000       5.00000       4.00000       1.25181       0.00000       0.00000       0.00000       0.00000    
      164   164.000       9.77210       9.77210       9.77210      0.537208E-01  0.188077E-02  0.484090E-02  -92.5519      -15.6451      -24.0093       63.3945       0.00000      -359.655       11.5500      0.500000       5.00000       4.00000       1.26063       0.00000       0.00000       0.00000       0.00000    
      165   165.000       9.71790       9.71790       9.71790      0.201205      0.704496E-02  0.504150E-02  -65.6206      -12.3794      -22.8226       20.2002       0.00000      -359.379       11.5500      0.500000       5.00000       4.00000       1.24879       0.00000       0.00000       0.00000       0.00000    
      166   166.000       9.63477       9.63477       9.63477      0.286953      0.100489E-01  0.286518E-02  -33.8203       5.64530      -13.7630       31.9494       0.00000      -358.957       11.5500      0.500000       5.00000       4.00000       1.23063       0.00000       0.00000       0.00000       0.00000    
      167   167.000       9.62924       9.62924       9.62924      0.104902      0.367365E-02  0.720561E-02  -240.199      -45.1099      -72.2518       119.418       0.00000      -358.929       11.5500      0.500000       5.00000       4.00000       1.22943       0.00000       0.00000       0.00000       0.00000    
      168   168.000       9.41189       9.41189       9.41189      0.120151      0.420943E-02  0.753851E-02  -197.414      -57.8495      -79.4961       26.5299       0.00000      -357.827       11.5500      0.500000       5.00000       4.00000       1.18196       0.00000       0.00000       0.00000       0.00000    
      169   169.000       9.10541       9.10541       9.10541      0.105392      0.369450E-02  0.574337E-02  -87.0355      -22.8084      -28.3505       5.27393       0.00000      -356.277       11.5500      0.500000       5.00000       4.00000       1.11502       0.00000       0.00000       0.00000       0.00000    
      170   170.000       8.95780       8.95780       8.95780      0.945492E-01  0.331536E-02  0.361506E-02  -37.6845      -3.62911      -7.03987       21.3696       0.00000      -355.532       11.5500      0.500000       5.00000       4.00000       1.08278       0.00000       0.00000       0.00000       0.00000    
      171   171.000       8.92681       8.92681       8.92681      0.176716      0.619689E-02  0.715987E-02  -253.563      -59.0238      -84.3665       113.497       0.00000      -355.376       11.5500      0.500000       5.00000       4.00000       1.07602       0.00000       0.00000       0.00000       0.00000    
      172   172.000       8.67538       8.67538       8.67538      0.118003      0.414002E-02  0.706349E-02  -248.706      -56.6555      -75.7671       104.641       0.00000      -354.110       11.5500      0.500000       5.00000       4.00000       1.02110       0.00000       0.00000       0.00000       0.00000    
      173   173.000       8.41694       8.41694       8.41694      0.838100E-01  0.294184E-02  0.555081E-02  -122.009      -28.1682      -44.3941       46.2775       0.00000      -352.813       11.5500      0.500000       5.00000       4.00000      0.964660       0.00000       0.00000       0.00000       0.00000    
      174   174.000       8.28032       8.28032       8.28032      0.966616E-01  0.339384E-02  0.470332E-02  -86.0734      -22.1094      -29.6577       41.4353       0.00000      -352.129       11.5500      0.500000       5.00000       4.00000      0.934822       0.00000       0.00000       0.00000       0.00000    
      175   175.000       8.19914       8.19914       8.19914      0.975918E-01  0.342703E-02  0.550427E-02  -119.805      -36.2371      -41.4182       40.5323       0.00000      -351.723       11.5500      0.500000       5.00000       4.00000      0.917092       0.00000       0.00000       0.00000       0.00000    
      176   176.000       8.05630       8.05630       8.05630      0.248238      0.871951E-02  0.858590E-02  -434.946      -153.577      -136.874       112.645       0.00000      -351.009       11.5500      0.500000       5.00000       4.00000      0.885896       0.00000       0.00000       0.00000       0.00000    
      177   177.000       7.48064       7.48064       7.48064      0.254590      0.895250E-02  0.817713E-02  -434.062      -159.881      -132.710       108.795       0.00000      -348.144       11.5500      0.500000      0.367129       7.60955     -0.383417       0.00000       0.00000       0.00000       0.00000    
      178   178.000       6.90196       6.90196       6.90196      0.941925E-01  0.331589E-02  0.591774E-02  -216.443      -61.8455      -57.0197       74.6446       0.00000      -345.281       11.5500      0.500000      0.174537       7.83462      -5.83525       0.00000       0.00000       0.00000       0.00000    
      179   179.000       6.65977       6.65977       6.65977      0.658848E-01  0.232044E-02  0.456909E-02  -109.544      -33.9710      -31.6475       38.6579       0.00000      -344.088       11.5500      0.500000      0.406506       7.55812      -2.41322       0.00000       0.00000       0.00000       0.00000    
      180   180.000       6.53781       6.53781       6.53781      0.111287      0.392040E-02  0.504089E-02  -141.244      -49.4189      -47.5972       37.5870       0.00000      -343.489       11.5500      0.500000      0.460162       7.49577      -2.27334       0.00000       0.00000       0.00000       0.00000    
      181   181.000       6.35722       6.35722       6.35722      0.136114      0.479668E-02  0.479637E-02  -144.465      -46.1590      -47.7378       52.5238       0.00000      -342.602       11.5500      0.500000      0.488241       7.46334      -2.47395       0.00000       0.00000       0.00000       0.00000    
      182   182.000       6.19785       6.19785       6.19785      0.229639      0.809497E-02  0.643675E-02  -342.095      -119.508      -105.719       94.1035       0.00000      -341.822       11.5500      0.500000      0.521526       7.42502      -2.56950       0.00000       0.00000       0.00000       0.00000    
      183   183.000       5.76071       5.76071       5.76071      0.113014      0.398716E-02  0.484875E-02  -167.104      -64.0434      -53.1259       30.4917       0.00000      -339.687       11.5500      0.500000      0.492423       7.45840      -3.76482       0.00000       0.00000       0.00000       0.00000    
      184   184.000       5.52408       5.52408       5.52408      0.172021      0.607170E-02  0.439269E-02  -170.763      -50.8243      -58.9828       62.0022       0.00000      -338.536       11.5500      0.500000      0.533205       7.41147      -3.86535       0.00000       0.00000       0.00000       0.00000    
      185   185.000       5.33724       5.33724       5.33724      0.821468E-01  0.290052E-02  0.418188E-02  -182.262      -42.3269      -41.8098       79.9687       0.00000      -337.629       11.5500      0.500000      0.577648       7.36055      -3.82493       0.00000       0.00000       0.00000       0.00000    
      186   186.000       5.16183       5.16183       5.16183      0.104175      0.367956E-02  0.389199E-02  -128.375      -46.7716      -40.2618       21.3622       0.00000      -336.779       11.5500      0.500000      0.617697       7.31490      -3.80633       0.00000       0.00000       0.00000       0.00000    
      187   187.000       4.97800       4.97800       4.97800      0.161512      0.570673E-02  0.312957E-02  -104.077      -33.1081      -36.8770       45.8287       0.00000      -335.890       11.5500      0.500000      0.651764       7.27625      -3.85061       0.00000       0.00000       0.00000       0.00000    
      188   188.000       4.88110       4.88110       4.88110      0.351354      0.124168E-01  0.502755E-02  -371.586      -159.755      -115.379       71.6963       0.00000      -335.422       11.5500      0.500000      0.697881       7.22413      -3.66622       0.00000       0.00000       0.00000       0.00000    
      189   189.000       4.35348       4.35348       4.35348      0.279394      0.988370E-02  0.373499E-02  -368.925      -165.878      -103.213       72.6586       0.00000      -332.883       11.5500      0.500000      0.661374       7.26517      -4.80751       0.00000       0.00000       0.00000       0.00000    
      190   190.000       3.83434       3.83434       3.83434      0.227872      0.806910E-02   0.00000      -317.970      -129.666      -87.3638       77.9005       0.00000      -330.399       11.5500      0.500000      0.650586       7.27735      -5.77903       0.00000       0.00000       0.00000       0.00000    
      191   191.000       3.41703       3.41703       3.41703      0.194876      0.690618E-02   0.00000      -316.557      -129.675      -78.8949       81.3822       0.00000      -328.413       11.5500      0.500000      0.667725       7.25797      -6.28150       0.00000       0.00000       0.00000       0.00000    
      192   192.000       3.00932       3.00932       3.00932      0.162119      0.574980E-02   0.00000      -305.995      -115.552      -68.6037       91.4444       0.00000      -326.480       11.5500      0.500000      0.689128       7.23383      -6.69420       0.00000       0.00000       0.00000       0.00000    
      193   193.000       2.63909       2.63909       2.63909      0.133461      0.473675E-02   0.00000      -228.229      -79.3376      -53.7253       76.0438       0.00000      -324.733       11.5500      0.500000      0.716293       7.20326      -6.95816       0.00000       0.00000       0.00000       0.00000    
      194   194.000       2.38040       2.38040       2.38040      0.110525      0.392466E-02   0.00000      -123.559      -47.6554      -38.5426       35.4165       0.00000      -323.516       11.5500      0.500000      0.755705       7.15906      -6.90520       0.00000       0.00000       0.00000       0.00000    
      195   195.000       2.23570       2.23570       2.23570      0.152324      0.541040E-02   0.00000      -140.376      -49.5870      -46.0478       47.6726       0.00000      -322.837       11.5500      0.500000      0.804633       7.10443      -6.60756       0.00000       0.00000       0.00000       0.00000    
      196   196.000       2.08234       2.08234       2.08234      0.105230      0.373876E-02   0.00000      -86.3812      -30.0229      -28.3274       25.2732       0.00000      -322.119       11.5500      0.500000      0.847280       7.05709      -6.41162       0.00000       0.00000       0.00000       0.00000    
      197   197.000       1.98491       1.98491       1.98491      0.242239      0.860823E-02  0.294410E-02 -0.366652       16.5231      -10.7882       37.9590       0.00000      -321.663       11.5500      0.500000      0.892976       7.00663      -6.14095       0.00000       0.00000       0.00000       0.00000    
      198   198.000       2.06279       2.06279       2.06279      0.275903      0.980304E-02   0.00000      -347.977      -130.205      -86.9423       101.876       0.00000      -322.027       11.5500      0.500000      0.957144       6.93617      -5.56001       0.00000       0.00000       0.00000       0.00000    
      199   199.000       1.63433       1.63433       1.63433      0.190336      0.676833E-02   0.00000      -214.801      -95.5588      -63.7228       47.9807       0.00000      -320.027       11.5500      0.500000      0.947345       6.94685      -6.12371       0.00000       0.00000       0.00000       0.00000    
      200   200.000       1.34810       1.34810       1.34810      0.155490      0.553223E-02   0.00000      -134.717      -43.4911      -44.2298       51.2953       0.00000      -318.695       11.5500      0.500000      0.961736       6.93115      -6.33925       0.00000       0.00000       0.00000       0.00000    
      201   201.000       1.21080       1.21080       1.21080      0.173966      0.619125E-02   0.00000      -263.937      -84.7856      -60.5490       97.1333       0.00000      -318.058       11.5500      0.500000      0.995414       6.89448      -6.23518       0.00000       0.00000       0.00000       0.00000    
      202   202.000      0.924778      0.924778      0.924778      0.144380      0.514112E-02   0.00000      -286.160      -97.5347      -54.0811       102.274       0.00000      -316.734       11.5500      0.500000       1.00803       6.88081      -6.45218       0.00000       0.00000       0.00000       0.00000    
      203   203.000      0.608719      0.608719      0.608719      0.731068E-01  0.260478E-02   0.00000      -140.663      -42.1343      -27.0927       61.2325       0.00000      -315.275       11.5500      0.500000       1.01766       6.87038      -6.71909       0.00000       0.00000       0.00000       0.00000    
      204   204.000      0.471386      0.479194      0.608719      0.107273      0.382311E-02   0.00000      -126.344      -23.8509      -26.2811       79.2160       0.00000      -314.643       10.2368      0.500000       1.06657       6.81750      -6.35679       0.00000       0.00000       0.00000       0.00000    
      205   205.000      0.374587      0.406550      0.608719      0.868618E-01  0.309625E-02   0.00000      -86.1367      -13.4879      -14.2778       70.1148       0.00000      -314.198       8.39645      0.500000       1.11261       6.76803      -6.04521       0.00000       0.00000       0.00000       0.00000    
      206   206.000      0.337612      0.388757      0.608719      0.132813      0.473455E-02   0.00000      -157.439      -41.1510      -37.4190       76.6771       0.00000      -314.028       7.19216      0.500000       1.15622       6.72145      -5.77322       0.00000       0.00000       0.00000       0.00000    
      207   207.000      0.190786      0.255170      0.558058      0.485496E-01  0.173120E-02   0.00000      -92.3833      -23.7800      -17.9059       54.6375       0.00000      -313.355       7.64665      0.518725       1.19086       6.68467      -5.61802       0.00000       0.00000       0.00000       0.00000    
      208   208.000      0.402273E-01  0.197929      0.558058      0.180182      0.642684E-02   0.00000      -143.728      -30.5596      -43.2560       75.7187       0.00000      -312.665       4.73613      0.516223       1.23089       6.64235      -5.39776       0.00000       0.00000       0.00000       0.00000    
      209   209.000       0.00000      0.863876E-01  0.531834      0.788972E-01  0.281437E-02   0.00000       0.00000      -25.7659      -20.1231       63.4108       0.00000      -312.481       7.25196      0.528686       1.26547       6.60598      -5.24150       0.00000       0.00000       0.00000       0.00000    
      210   210.000       0.00000      0.208641       1.06050      0.106481      0.380887E-02   0.00000       0.00000      -26.7789      -25.4548       0.00000       0.00000      -305.947       7.25196      0.528686       1.37916       6.48698      -4.29662      0.307923E-01   0.00000      -1.43910      -1.43910    
      211   211.000       0.00000      0.216293       1.09940      0.955898E-01  0.341821E-02   0.00000       0.00000      -30.0249      -30.9298       0.00000       0.00000      -306.675       7.25196      0.528686       1.41772       6.44726      -4.11920      0.481101E-01   0.00000      -1.27766      -1.27766    
      212   212.000       0.00000      0.223630       1.13669      0.181459      0.650436E-02   0.00000       0.00000     -0.897651      -21.1763       0.00000       0.00000      -301.117       7.25196      0.528686       1.45492       6.40913      -3.95726      0.710759E-01   0.00000      -2.51786      -2.51786    
      213   213.000       0.00000      0.230678       1.17252      0.132964      0.475522E-02   0.00000       0.00000      -11.2689      -26.3783       0.00000       0.00000      -306.410       7.25196      0.528686       1.49089       6.37246      -3.80869      0.816096E-01   0.00000      -1.33641      -1.33641    
      214   214.000       0.00000      0.237462       1.20700      0.111692      0.399468E-02   0.00000       0.00000      -21.4054      -24.5108       0.00000       0.00000      -306.293       7.25196      0.528686       1.52573       6.33714      -3.67177      0.911849E-01   0.00000      -1.36226      -1.36226    
      215   215.000       0.00000      0.244001       1.24024       0.00000      0.709715E-04   0.00000       0.00000      0.152351E-01 -0.161262E-01   0.00000       0.00000      -304.608       7.25196      0.528686       1.55951       6.30305      -3.54509      0.102057       0.00000      -1.73691      -1.73691    
