Results from FLAKE simulations.
 No     time         Ts            Tm            Tb            ufr_a         ufr_w         Wconv         Qw            Q_se          Q_la          I_w           Q_lwa         Q_lww         h_ML          C_T           H_B1          T_B1          Qbot          H_ice         H_snow        T_ice         T_snow   
        0   0.00000       17.2000       17.2000       8.00000      0.780949E-01  0.269505E-02   0.00000      -138.814      -13.6309      -46.1397       221.709       0.00000      -398.938       11.5500      0.500000       5.00000       4.00000      0.873600       0.00000       0.00000       0.00000       0.00000    
        1   1.00000       17.8694       17.3460       8.00000      0.152425      0.525329E-02  0.931936E-02  -178.112      -35.5637      -81.8943       42.9630       0.00000      -402.630       10.3249      0.500000       5.00000       4.00000      0.873600       0.00000       0.00000       0.00000       0.00000    
        2   2.00000       17.5394       17.1037       7.85687      0.522517E-01  0.180201E-02   0.00000      -72.2087      -3.12302      -11.8077       163.199       0.00000      -400.807       10.6059      0.550483       5.00000       4.00000      0.842340       0.00000       0.00000       0.00000       0.00000    
        3   3.00000       18.7213       17.2642       7.85687      0.100246      0.344915E-02   0.00000      -94.3776       6.28528      -24.7268       259.435       0.00000      -407.365       8.72144      0.547629       5.00000       4.00000      0.842340       0.00000       0.00000       0.00000       0.00000    
        4   4.00000       21.1972       17.5566       7.85687      0.165936      0.568142E-02   0.00000      -110.077       5.76205      -46.1700       204.162       0.00000      -421.365       5.77483      0.545786       5.00000       4.00000      0.842340       0.00000       0.00000       0.00000       0.00000    
        5   5.00000       21.5061       17.7226       7.85687      0.965275E-01  0.330293E-02  0.421638E-02  -185.853      -13.9132      -63.3233       304.852       0.00000      -423.136       5.66839      0.544333       5.00000       4.00000      0.842340       0.00000       0.00000       0.00000       0.00000    
        6   6.00000       21.7919       17.9330       7.88992      0.123983      0.423997E-02  0.776310E-02  -281.048      -36.4431      -128.185       294.938       0.00000      -424.780       5.66840      0.545097       5.00000       4.00000      0.849560       0.00000       0.00000       0.00000       0.00000    
        7   7.00000       21.7518       17.9561       7.88074      0.719397E-01  0.246039E-02  0.666856E-02  -238.590      -27.3848      -90.0357       296.193       0.00000      -424.549       5.77884      0.547645       5.00000       4.00000      0.847553       0.00000       0.00000       0.00000       0.00000    
        8   8.00000       21.8970       18.0571       7.89727      0.945848E-01  0.323393E-02  0.738442E-02  -191.936      -24.3425      -86.9654       164.873       0.00000      -425.386       5.78569      0.549584       5.00000       4.00000      0.851163       0.00000       0.00000       0.00000       0.00000    
        9   9.00000       21.7324       18.0073       7.87789      0.760094E-01  0.259968E-02  0.832668E-02  -184.649      -28.5324      -76.2258       75.2321       0.00000      -424.437       5.92363      0.551945       5.00000       4.00000      0.846931       0.00000       0.00000       0.00000       0.00000    
       10   10.0000       21.2703       17.8109       7.82749      0.543409E-01  0.186029E-02   0.00000      -138.416      -7.02130      -37.1971       258.140       0.00000      -421.783       6.19530      0.555089       5.00000       4.00000      0.835925       0.00000       0.00000       0.00000       0.00000    
       11   11.0000       21.6998       18.0225       7.82749      0.133700      0.457313E-02   0.00000      -123.317       14.6294      -55.4344       281.066       0.00000      -424.250       6.03263      0.554915       5.00000       4.00000      0.835925       0.00000       0.00000       0.00000       0.00000    
       12   12.0000       23.1045       18.3019       7.82749      0.597989E-01  0.203963E-02  0.444904E-02  -99.0580     -0.689309      -34.6637       151.156       0.00000      -432.392       4.99527      0.553938       5.00000       4.00000      0.835925       0.00000       0.00000       0.00000       0.00000    
       13   13.0000       23.2412       18.3932       7.83792      0.134714      0.459357E-02  0.922449E-02  -222.506      -40.2016      -103.537       22.0062       0.00000      -433.191       4.99528      0.554597       5.00000       4.00000      0.838202       0.00000       0.00000       0.00000       0.00000    
       14   14.0000       22.2905       18.0346       7.73085      0.171143      0.584691E-02  0.940994E-02  -389.526      -66.9486      -188.807       327.390       0.00000      -427.660       5.49308      0.557413       5.00000       4.00000      0.814818       0.00000       0.00000       0.00000       0.00000    
       15   15.0000       21.9044       17.9223       7.68839      0.129323      0.442159E-02  0.763605E-02  -258.625      -31.4868      -121.788       266.248       0.00000      -425.429       5.78178      0.560886       5.00000       4.00000      0.805544       0.00000       0.00000       0.00000       0.00000    
       16   16.0000       21.8509       17.9344       7.68577      0.208387      0.712560E-02  0.920239E-02  -369.330      -54.8497      -193.209       316.588       0.00000      -425.120       5.88179      0.563401       5.00000       4.00000      0.804973       0.00000       0.00000       0.00000       0.00000    
       17   17.0000       21.5405       17.8389       7.66312      0.140865      0.481973E-02  0.841141E-02  -331.442      -46.4176      -159.304       327.257       0.00000      -423.333       6.11808      0.567163       5.00000       4.00000      0.800025       0.00000       0.00000       0.00000       0.00000    
       18   18.0000       21.4325       17.8299       7.66221      0.124895      0.427423E-02  0.750029E-02  -249.317      -24.6939      -127.000       256.200       0.00000      -422.713       6.25411      0.570574       5.00000       4.00000      0.799826       0.00000       0.00000       0.00000       0.00000    
       19   19.0000       21.3907       17.8407       7.66769      0.228082      0.780621E-02  0.103928E-01  -280.966      -48.9057      -161.862       29.3327       0.00000      -422.473       6.33928      0.573409       5.00000       4.00000      0.801023       0.00000       0.00000       0.00000       0.00000    
       20   20.0000       20.4486       17.3910       7.61915      0.641283E-01  0.219894E-02  0.614084E-02  -106.886      -12.2458      -30.0305       87.0513       0.00000      -417.094       6.79589      0.579001       5.00000       4.00000      0.790422       0.00000       0.00000       0.00000       0.00000    
       21   21.0000       20.3593       17.3543       7.62371      0.124152      0.425789E-02  0.760328E-02  -188.279      -34.1443      -82.6169       141.281       0.00000      -416.587       6.86235      0.581375       5.00000       4.00000      0.791418       0.00000       0.00000       0.00000       0.00000    
       22   22.0000       20.1648       17.2691       7.62840      0.389666E-01  0.133690E-02  0.462959E-02  -180.340      -20.9018      -57.5333       253.681       0.00000      -415.484       6.99050      0.585112       5.00000       4.00000      0.792444       0.00000       0.00000       0.00000       0.00000    
       23   23.0000       20.3375       17.3982       7.64394      0.650731E-01  0.223183E-02  0.151579E-02  -172.356      -14.4606      -55.4356       276.170       0.00000      -416.463       6.99051      0.586575       5.00000       4.00000      0.795836       0.00000       0.00000       0.00000       0.00000    
       24   24.0000       20.5745       17.5816       7.65697      0.151314      0.518721E-02  0.886586E-02  -252.739      -48.4231      -125.379       156.052       0.00000      -417.810       6.99051      0.586912       5.00000       4.00000      0.798683       0.00000       0.00000       0.00000       0.00000    
       25   25.0000       20.2120       17.4079       7.66331      0.137258      0.470875E-02  0.577590E-02  -219.657      -25.8860      -92.2472       280.312       0.00000      -415.751       7.19146      0.592140       5.00000       4.00000      0.800067       0.00000       0.00000       0.00000       0.00000    
       26   26.0000       20.3588       17.5145       7.68169      0.126918      0.435276E-02  0.556033E-02  -239.139      -23.3779      -105.050       319.051       0.00000      -416.584       7.19147      0.594570       5.00000       4.00000      0.804081       0.00000       0.00000       0.00000       0.00000    
       27   27.0000       20.5488       17.6552       7.70061      0.502296E-01  0.172201E-02   0.00000      -149.888      -5.15870      -43.6790       305.880       0.00000      -417.664       7.19148      0.596802       5.00000       4.00000      0.808213       0.00000       0.00000       0.00000       0.00000    
       28   28.0000       21.4493       17.9315       7.70061      0.633764E-01  0.216883E-02   0.00000      -133.120      -1.28536      -46.8026       255.298       0.00000      -422.810       6.59655      0.596590       5.00000       4.00000      0.808213       0.00000       0.00000       0.00000       0.00000    
       29   29.0000       22.1111       18.1476       7.70061      0.158857      0.542913E-02  0.774618E-02  -160.536      -16.0805      -81.6989       92.5854       0.00000      -426.622       6.22289      0.596328       5.00000       4.00000      0.808213       0.00000       0.00000       0.00000       0.00000    
       30   30.0000       21.8251       18.0251       7.70578      0.164174      0.561407E-02  0.769778E-02  -170.419      -24.4475      -80.6757       112.627       0.00000      -424.971       6.36237      0.599210       5.00000       4.00000      0.809341       0.00000       0.00000       0.00000       0.00000    
       31   31.0000       21.5789       17.9207       7.71430      0.165098      0.564843E-02  0.637038E-02  -225.956      -22.9216      -100.774       281.022       0.00000      -423.554       6.48956      0.602222       5.00000       4.00000      0.811203       0.00000       0.00000       0.00000       0.00000    
       32   32.0000       21.7146       18.0172       7.72985      0.133617      0.457013E-02  0.670417E-02  -259.286      -22.7624      -122.859       321.476       0.00000      -424.335       6.49759      0.604394       5.00000       4.00000      0.814598       0.00000       0.00000       0.00000       0.00000    
       33   33.0000       21.8667       18.1264       7.74701      0.937890E-01  0.320692E-02  0.408979E-02  -194.522      -6.94836      -86.4388       300.727       0.00000      -425.211       6.50773      0.606786       5.00000       4.00000      0.818348       0.00000       0.00000       0.00000       0.00000    
       34   34.0000       22.1257       18.3140       7.75753      0.134332      0.459082E-02   0.00000      -153.013       9.90320      -78.8970       272.418       0.00000      -426.706       6.50773      0.607672       5.00000       4.00000      0.820644       0.00000       0.00000       0.00000       0.00000    
       35   35.0000       22.6963       18.5252       7.75753       0.00000      0.888651E-04   0.00000      -79.8953      0.450371E-01 -0.156559       280.073       0.00000      -430.014       6.23335      0.606573       5.00000       4.00000      0.820644       0.00000       0.00000       0.00000       0.00000    
       36   36.0000       23.2907       18.8801       7.75753      0.151068      0.515070E-02   0.00000      -156.820       19.2632      -93.0317       277.194       0.00000      -433.481       6.14323      0.606572       5.00000       4.00000      0.820644       0.00000       0.00000       0.00000       0.00000    
       37   37.0000       23.6565       19.0930       7.75753      0.132673      0.452020E-02  0.665387E-02  -222.247      -2.08827      -124.929       277.191       0.00000      -435.624       6.07392      0.605405       5.00000       4.00000      0.820644       0.00000       0.00000       0.00000       0.00000    
       38   38.0000       23.7954       19.1893       7.77165      0.146608      0.499356E-02  0.797008E-02  -279.640      -22.5929      -144.534       298.599       0.00000      -436.440       6.08283      0.607280       5.00000       4.00000      0.823727       0.00000       0.00000       0.00000       0.00000    
       39   39.0000       23.7854       19.2215       7.78761      0.103132      0.351282E-02  0.727971E-02  -260.420      -21.8145      -119.503       309.679       0.00000      -436.381       6.14789      0.609957       5.00000       4.00000      0.827213       0.00000       0.00000       0.00000       0.00000    
       40   40.0000       23.8924       19.3076       7.80385      0.578908E-01  0.197140E-02  0.468330E-02  -200.300      -10.5655      -73.7918       309.506       0.00000      -437.011       6.17389      0.612232       5.00000       4.00000      0.830761       0.00000       0.00000       0.00000       0.00000    
       41   41.0000       24.1683       19.5005       7.81375      0.836990E-01  0.284868E-02  0.529938E-02  -212.087      -4.22619      -100.309       313.822       0.00000      -438.637       6.17390      0.613176       5.00000       4.00000      0.832922       0.00000       0.00000       0.00000       0.00000    
       42   42.0000       24.4280       19.6801       7.82513      0.113731      0.386877E-02  0.691747E-02  -246.046      -4.85101      -134.689       308.497       0.00000      -440.171       6.17391      0.614367       5.00000       4.00000      0.835408       0.00000       0.00000       0.00000       0.00000    
       43   43.0000       24.5869       19.7898       7.84107      0.151510      0.515225E-02  0.753310E-02  -224.275      -4.36774      -129.732       237.612       0.00000      -441.112       6.18193      0.616370       5.00000       4.00000      0.838889       0.00000       0.00000       0.00000       0.00000    
       44   44.0000       24.5738       19.8120       7.85780      0.908016E-01  0.308788E-02  0.433730E-02  -182.054      -4.70858      -73.1710       285.176       0.00000      -441.034       6.23232      0.618732       5.00000       4.00000      0.842543       0.00000       0.00000       0.00000       0.00000    
       45   45.0000       24.8339       19.9940       7.86571      0.763913E-01  0.259645E-02  0.488252E-02  -197.310      -4.90049      -84.1760       299.847       0.00000      -442.578       6.23233      0.619527       5.00000       4.00000      0.844271       0.00000       0.00000       0.00000       0.00000    
       46   46.0000       25.0944       20.1750       7.87513      0.182145      0.618760E-02  0.895971E-02  -306.368      -8.29225      -194.480       283.546       0.00000      -444.127       6.23234      0.620521       5.00000       4.00000      0.846329       0.00000       0.00000       0.00000       0.00000    
       47   47.0000       24.9307       20.1328       7.89886      0.103734      0.352510E-02  0.845977E-02  -298.282      -26.7475      -146.083       306.868       0.00000      -443.153       6.33438      0.623827       5.00000       4.00000      0.851511       0.00000       0.00000       0.00000       0.00000    
       48   48.0000       24.8839       20.1465       7.92248      0.817782E-01  0.277926E-02  0.669461E-02  -231.469      -10.8809      -108.310       293.602       0.00000      -442.875       6.40395      0.626886       5.00000       4.00000      0.856670       0.00000       0.00000       0.00000       0.00000    
       49   49.0000       25.0436       20.2555       7.93887      0.682904E-01  0.232012E-02  0.506676E-02  -188.609      -6.04986      -76.5557       277.011       0.00000      -443.825       6.40856      0.628846       5.00000       4.00000      0.860250       0.00000       0.00000       0.00000       0.00000    
       50   50.0000       25.2682       20.4113       7.94847      0.357981E-01  0.121566E-02  0.798171E-03  -173.225      -3.34336      -61.5741       293.108       0.00000      -445.163       6.40857      0.629961       5.00000       4.00000      0.862345       0.00000       0.00000       0.00000       0.00000    
       51   51.0000       25.5631       20.6232       7.94901      0.109953      0.373162E-02  0.711870E-02  -239.337      -2.12996      -132.579       290.689       0.00000      -446.926       6.40858      0.630025       5.00000       4.00000      0.862464       0.00000       0.00000       0.00000       0.00000    
       52   52.0000       25.6829       20.7130       7.96753      0.147075      0.499025E-02  0.834365E-02  -269.653      -10.6549      -152.681       273.206       0.00000      -447.643       6.42447      0.632172       5.00000       4.00000      0.866508       0.00000       0.00000       0.00000       0.00000    
       53   53.0000       25.6278       20.7177       7.99311      0.128543      0.436197E-02  0.934297E-02  -258.776      -17.1023      -153.883       181.774       0.00000      -447.313       6.48656      0.635119       5.00000       4.00000      0.872095       0.00000       0.00000       0.00000       0.00000    
       54   54.0000       25.2993       20.5790       8.02689      0.950139E-01  0.322635E-02  0.709325E-02  -200.301      -11.5901      -91.0231       223.739       0.00000      -445.349       6.60947      0.638893       5.00000       4.00000      0.879474       0.00000       0.00000       0.00000       0.00000    
       55   55.0000       25.3321       20.6191       8.04727      0.810294E-01  0.275130E-02  0.676391E-02  -236.203      -11.8165      -107.151       297.714       0.00000      -445.545       6.63827      0.641187       5.00000       4.00000      0.883923       0.00000       0.00000       0.00000       0.00000    
       56   56.0000       25.4862       20.7269       8.06558      0.129909      0.440960E-02  0.107044E-01  -293.271      -30.1744      -182.578       117.110       0.00000      -446.466       6.64486      0.643288       5.00000       4.00000      0.887922       0.00000       0.00000       0.00000       0.00000    
       57   57.0000       24.8277       20.4116       8.11720      0.125586      0.426858E-02  0.733352E-02  -203.785      -20.2626      -84.4948       215.178       0.00000      -442.541       6.84334      0.648523       5.00000       4.00000      0.899198       0.00000       0.00000       0.00000       0.00000    
       58   58.0000       24.8211       20.4302       8.14183      0.216044      0.734327E-02  0.107187E-01  -323.987      -41.6034      -193.647       164.484       0.00000      -442.502       6.88092      0.651224       5.00000       4.00000      0.904576       0.00000       0.00000       0.00000       0.00000    
       59   59.0000       24.2333       20.1444       8.20056      0.140573      0.478375E-02  0.906504E-02  -313.500      -34.1722      -158.002       285.663       0.00000      -439.020       7.06703      0.657067       5.00000       4.00000      0.917402       0.00000       0.00000       0.00000       0.00000    
       60   60.0000       24.0811       20.0931       8.24369      0.957513E-01  0.325946E-02  0.604251E-02  -218.598      -10.8737      -97.2053       284.215       0.00000      -438.122       7.15429      0.661647       5.00000       4.00000      0.926822       0.00000       0.00000       0.00000       0.00000    
       61   61.0000       24.2463       20.2082       8.26100      0.693513E-01  0.235999E-02  0.734911E-02  -150.447      -8.35550      -71.6068       126.287       0.00000      -439.097       7.15430      0.663761       5.00000       4.00000      0.930602       0.00000       0.00000       0.00000       0.00000    
       62   62.0000       24.1404       20.1635       8.29091      0.105986      0.360741E-02  0.960538E-02  -219.214      -30.7296      -107.900       96.5518       0.00000      -438.472       7.20414      0.666861       5.00000       4.00000      0.937135       0.00000       0.00000       0.00000       0.00000    
       63   63.0000       23.7143       19.9433       8.34673      0.950142E-01  0.323677E-02  0.861116E-02  -218.096      -28.8126      -97.0775       162.641       0.00000      -435.964       7.33418      0.672280       5.00000       4.00000      0.949325       0.00000       0.00000       0.00000       0.00000    
       64   64.0000       23.5026       19.8428       8.39228      0.163738      0.558030E-02  0.734459E-02  -242.091      -21.6919      -110.785       266.875       0.00000      -434.721       7.41747      0.676944       5.00000       4.00000      0.959275       0.00000       0.00000       0.00000       0.00000    
       65   65.0000       23.5347       19.8851       8.42392      0.185511      0.632195E-02  0.892233E-02  -304.560      -25.4379      -166.868       277.139       0.00000      -434.909       7.45064      0.680482       5.00000       4.00000      0.966185       0.00000       0.00000       0.00000       0.00000    
       66   66.0000       23.3965       19.8345       8.47450      0.147965      0.504382E-02  0.951830E-02  -324.864      -37.5702      -170.243       266.002       0.00000      -434.100       7.52947      0.685760       5.00000       4.00000      0.977231       0.00000       0.00000       0.00000       0.00000    
       67   67.0000       23.1624       19.7278       8.53551      0.120072      0.409494E-02  0.923511E-02  -287.153      -35.3502      -143.502       226.882       0.00000      -432.731       7.63076      0.691995       5.00000       4.00000      0.990555       0.00000       0.00000       0.00000       0.00000    
       68   68.0000       22.9342       19.6186       8.59556      0.562563E-01  0.191945E-02  0.723857E-02  -156.768      -13.7508      -65.7493       136.868       0.00000      -431.399       7.72464      0.698176       5.00000       4.00000       1.00367       0.00000       0.00000       0.00000       0.00000    
       69   69.0000       22.8496       19.5813       8.63278      0.961373E-01  0.328074E-02  0.527204E-02  -200.429      -10.7086      -83.4304       265.856       0.00000      -430.906       7.76860      0.702168       5.00000       4.00000       1.01180       0.00000       0.00000       0.00000       0.00000    
       70   70.0000       23.0066       19.6960       8.64962      0.149101      0.508656E-02  0.827462E-02  -280.137      -16.2637      -155.259       275.344       0.00000      -431.821       7.76861      0.704334       5.00000       4.00000       1.01548       0.00000       0.00000       0.00000       0.00000    
       71   71.0000       22.9466       19.6855       8.69884      0.110896      0.378364E-02  0.763957E-02  -175.101      -2.48039      -105.481       147.543       0.00000      -431.472       7.82463      0.709624       5.00000       4.00000       1.02623       0.00000       0.00000       0.00000       0.00000    
       72   72.0000       22.8381       19.6346       8.74269      0.104022      0.354989E-02   0.00000      -169.620       5.76823      -83.5375       260.429       0.00000      -430.839       7.87478      0.714255       5.00000       4.00000       1.03580       0.00000       0.00000       0.00000       0.00000    
       73   73.0000       23.0972       19.7944       8.74269      0.724831E-01  0.247230E-02  0.441223E-02  -143.842      -1.04846      -61.9970       195.770       0.00000      -432.350       7.82395      0.713227       5.00000       4.00000       1.03580       0.00000       0.00000       0.00000       0.00000    
       74   74.0000       23.2205       19.8850       8.75480      0.143281      0.488588E-02  0.618618E-02  -173.310      -6.72888      -79.8143       201.202       0.00000      -433.070       7.82396      0.714759       5.00000       4.00000       1.03845       0.00000       0.00000       0.00000       0.00000    
       75   75.0000       23.2739       19.9327       8.78169      0.133199      0.454160E-02  0.840559E-02  -285.807      -22.8797      -145.697       279.052       0.00000      -433.382       7.84000      0.717751       5.00000       4.00000       1.04432       0.00000       0.00000       0.00000       0.00000    
       76   76.0000       23.2087       19.9187       8.78914      0.722725E-01  0.246456E-02  0.589352E-02  -219.952      -14.6905      -85.2602       279.759       0.00000      -433.001       7.88113      0.718282       5.00000       4.00000       1.04595       0.00000       0.00000       0.00000       0.00000    
       77   77.0000       23.3446       20.0233       8.78772      0.597989E-01  0.203864E-02  0.403118E-02  -184.457      -8.55987      -64.7435       262.215       0.00000      -433.796       7.88114      0.718282       5.00000       4.00000       1.04564       0.00000       0.00000       0.00000       0.00000    
       78   78.0000       23.5222       20.1598       8.78538      0.161466      0.550264E-02  0.100492E-01  -221.406      -27.6914      -122.319       76.4379       0.00000      -434.836       7.88115      0.718282       5.00000       4.00000       1.04513       0.00000       0.00000       0.00000       0.00000    
       79   79.0000       23.0710       19.8997       8.79488      0.119552      0.407796E-02  0.706755E-02  -234.511      -20.8627      -98.4331       262.304       0.00000      -432.197       7.97798      0.718282       5.00000       4.00000       1.04720       0.00000       0.00000       0.00000       0.00000    
       80   80.0000       23.1145       19.9473       8.79523      0.147864      0.504325E-02  0.967513E-02  -331.981      -36.7817      -173.368       268.100       0.00000      -432.451       7.99336      0.718282       5.00000       4.00000       1.04728       0.00000       0.00000       0.00000       0.00000    
       81   81.0000       22.8824       19.8316       8.80118      0.103342      0.352637E-02  0.897417E-02  -293.990      -35.9020      -133.267       255.944       0.00000      -431.097       8.06605      0.718282       5.00000       4.00000       1.04858       0.00000       0.00000       0.00000       0.00000    
       82   82.0000       22.7311       19.7618       8.80543      0.110978      0.378810E-02  0.930840E-02  -323.002      -40.7809      -149.654       276.894       0.00000      -430.217       8.12133      0.718282       5.00000       4.00000       1.04951       0.00000       0.00000       0.00000       0.00000    
       83   83.0000       22.5544       19.6777       8.81029      0.122660      0.418831E-02  0.101535E-01  -248.953      -30.7859      -144.530       104.602       0.00000      -429.190       8.18442      0.718282       5.00000       4.00000       1.05057       0.00000       0.00000       0.00000       0.00000    
       84   84.0000       22.1183       19.4187       8.81961      0.127144      0.434523E-02  0.746459E-02  -246.594      -31.7930      -94.3657       258.348       0.00000      -426.663       8.28586      0.718282       5.00000       4.00000       1.05260       0.00000       0.00000       0.00000       0.00000    
       85   85.0000       22.1158       19.4377       8.82086      0.511980E-01  0.174974E-02  0.552637E-02  -209.569      -18.3281      -67.6436       266.413       0.00000      -426.649       8.31090      0.718282       5.00000       4.00000       1.05287       0.00000       0.00000       0.00000       0.00000    
       86   86.0000       22.2404       19.5370       8.81958      0.127025      0.434011E-02  0.104504E-01  -222.449      -37.1578      -109.748       40.4637       0.00000      -427.370       8.31090      0.718282       5.00000       4.00000       1.05260       0.00000       0.00000       0.00000       0.00000    
       87   87.0000       21.7126       19.2110       8.83047      0.129355      0.442440E-02  0.902266E-02  -169.634      -28.5667      -71.6140       61.8382       0.00000      -424.324       8.42732      0.718282       5.00000       4.00000       1.05498       0.00000       0.00000       0.00000       0.00000    
       88   88.0000       21.3982       19.0171       8.83711      0.196413      0.672220E-02  0.114854E-01  -327.758      -72.7949      -174.652       91.2010       0.00000      -422.516       8.50183      0.718282       5.00000       4.00000       1.05643       0.00000       0.00000       0.00000       0.00000    
       89   89.0000       20.7249       18.5938       8.85123      0.798123E-01  0.273524E-02  0.537253E-02  -216.064      -20.9547      -70.4227       272.880       0.00000      -418.667       8.66397      0.718282       5.00000       4.00000       1.05951       0.00000       0.00000       0.00000       0.00000    
       90   90.0000       20.8461       18.6930       8.85002      0.553127E-01  0.189516E-02  0.408072E-02  -160.019      -10.6657      -49.4883       214.369       0.00000      -419.357       8.66398      0.718282       5.00000       4.00000       1.05924       0.00000       0.00000       0.00000       0.00000    
       91   91.0000       20.9620       18.7879       8.84866      0.106649      0.365323E-02  0.598373E-02  -190.551      -13.5364      -77.3916       221.364       0.00000      -420.019       8.66399      0.718282       5.00000       4.00000       1.05895       0.00000       0.00000       0.00000       0.00000    
       92   92.0000       21.0190       18.8408       8.84850      0.590188E-01  0.202144E-02  0.701041E-02  -148.119      -14.5971      -57.8832       126.942       0.00000      -420.345       8.67213      0.718282       5.00000       4.00000       1.05891       0.00000       0.00000       0.00000       0.00000    
       93   93.0000       20.9440       18.8012       8.85058      0.527507E-01  0.180702E-02   0.00000      -174.374      -10.2376      -47.4220       260.204       0.00000      -419.917       8.70072      0.718282       5.00000       4.00000       1.05937       0.00000       0.00000       0.00000       0.00000    
       94   94.0000       21.2067       18.9521       8.85058      0.948648E-01  0.324798E-02  0.873940E-02  -133.458      -16.7384      -51.5069       24.4082       0.00000      -421.419       8.61402      0.717844       5.00000       4.00000       1.05937       0.00000       0.00000       0.00000       0.00000    
       95   95.0000       20.9005       18.7559       8.86029      0.117067      0.401058E-02  0.474740E-02  -158.199      -10.3774      -54.4176       201.632       0.00000      -419.668       8.68585      0.718282       5.00000       4.00000       1.06149       0.00000       0.00000       0.00000       0.00000    
       96   96.0000       20.9924       18.8313       8.85934      0.148180      0.507556E-02  0.925722E-02  -322.379      -44.8988      -147.223       265.071       0.00000      -420.193       8.68586      0.718282       5.00000       4.00000       1.06128       0.00000       0.00000       0.00000       0.00000    
       97   97.0000       20.8007       18.7273       8.86441      0.118517      0.406106E-02  0.669323E-02  -231.587      -15.9841      -100.515       257.864       0.00000      -419.099       8.75674      0.718282       5.00000       4.00000       1.06239       0.00000       0.00000       0.00000       0.00000    
       98   98.0000       20.8404       18.7721       8.86476      0.122270      0.418932E-02  0.844459E-02  -153.245      -14.6938      -78.0449       68.6888       0.00000      -419.325       8.77282      0.718282       5.00000       4.00000       1.06246       0.00000       0.00000       0.00000       0.00000    
       99   99.0000       20.6009       18.6196       8.86990      0.766289E-01  0.262679E-02  0.694547E-02  -109.460      -11.6960      -35.5180       72.2513       0.00000      -417.961       8.83409      0.718282       5.00000       4.00000       1.06359       0.00000       0.00000       0.00000       0.00000    
      100   100.000       20.4909       18.5514       8.87243      0.185728      0.636802E-02  0.559630E-02  -119.961      -5.18130      -49.1883       127.561       0.00000      -417.335       8.86570      0.718282       5.00000       4.00000       1.06414       0.00000       0.00000       0.00000       0.00000    
      101   101.000       20.4959       18.5630       8.87290      0.118160      0.405129E-02   0.00000      -93.5117       2.67540      -18.4896       170.897       0.00000      -417.363       8.87591      0.718282       5.00000       4.00000       1.06424       0.00000       0.00000       0.00000       0.00000    
      102   102.000       22.0703       18.6989       8.87290      0.108868      0.372098E-02  0.649361E-02  -131.845      -12.4822      -44.5764       123.103       0.00000      -426.386       7.42789      0.715788       5.00000       4.00000       1.06424       0.00000       0.00000       0.00000       0.00000    
      103   103.000       22.0198       18.6814       8.89508      0.155002      0.529836E-02  0.107247E-01  -291.138      -54.2134      -157.776       83.0669       0.00000      -426.094       7.45986      0.718282       5.00000       4.00000       1.06909       0.00000       0.00000       0.00000       0.00000    
      104   104.000       21.3433       18.3088       8.90925      0.152490      0.521953E-02  0.117167E-01  -331.885      -79.5134      -163.858       25.9066       0.00000      -422.202       7.62574      0.718282       5.00000       4.00000       1.07218       0.00000       0.00000       0.00000       0.00000    
      105   105.000       20.3921       17.7619       8.92886      0.126301      0.433132E-02  0.919717E-02  -182.380      -34.8924      -77.9303       39.3705       0.00000      -416.773       7.86054      0.718282       5.00000       4.00000       1.07646       0.00000       0.00000       0.00000       0.00000    
      106   106.000       19.9523       17.5053       8.93797      0.105804      0.363157E-02  0.882178E-02  -163.246      -30.4939      -63.6124       35.3696       0.00000      -414.281       7.97761      0.718282       5.00000       4.00000       1.07845       0.00000       0.00000       0.00000       0.00000    
      107   107.000       19.5644       17.2756       8.94600      0.120102      0.412547E-02  0.836002E-02  -258.689      -42.9398      -96.5787       206.889       0.00000      -412.093       8.08392      0.718282       5.00000       4.00000       1.08021       0.00000       0.00000       0.00000       0.00000    
      108   108.000       19.3804       17.1813       8.95069      0.633062E-01  0.217534E-02  0.507450E-02  -179.047      -14.5654      -46.7083       226.326       0.00000      -411.057       8.15959      0.718282       5.00000       4.00000       1.08123       0.00000       0.00000       0.00000       0.00000    
      109   109.000       19.4849       17.2636       8.94964      0.859871E-01  0.295410E-02  0.501167E-02  -176.559      -11.5692      -53.5806       224.357       0.00000      -411.645       8.15960      0.718282       5.00000       4.00000       1.08100       0.00000       0.00000       0.00000       0.00000    
      110   110.000       19.5905       17.3467       8.94856      0.112908      0.387817E-02  0.708185E-02  -146.937      -15.3777      -63.5264       111.057       0.00000      -412.239       8.15961      0.718282       5.00000       4.00000       1.08077       0.00000       0.00000       0.00000       0.00000    
      111   111.000       19.4688       17.2808       8.95153      0.151852      0.521708E-02  0.805072E-02  -124.902      -14.5780      -54.7881       27.3410       0.00000      -411.554       8.20474      0.718282       5.00000       4.00000       1.08141       0.00000       0.00000       0.00000       0.00000    
      112   112.000       19.1806       17.1051       8.95749      0.169072      0.581201E-02  0.881620E-02  -281.183      -44.9573      -119.829       207.014       0.00000      -409.935       8.28551      0.718282       5.00000       4.00000       1.08272       0.00000       0.00000       0.00000       0.00000    
      113   113.000       18.9376       16.9710       8.96337      0.849630E-01  0.292208E-02  0.767605E-02  -243.731      -34.2612      -78.5692       220.761       0.00000      -408.574       8.37955      0.718282       5.00000       4.00000       1.08400       0.00000       0.00000       0.00000       0.00000    
      114   114.000       18.8415       16.9281       8.96632      0.672874E-01  0.231461E-02  0.806427E-02  -138.844      -21.5074      -49.6211       44.4800       0.00000      -408.037       8.43436      0.718282       5.00000       4.00000       1.08464       0.00000       0.00000       0.00000       0.00000    
      115   115.000       18.5680       16.7581       8.97206      0.831375E-01  0.286138E-02  0.578782E-02  -172.948      -16.8944      -49.0171       193.376       0.00000      -406.510       8.51715      0.718282       5.00000       4.00000       1.08590       0.00000       0.00000       0.00000       0.00000    
      116   116.000       18.5998       16.7925       8.97230      0.563754E-01  0.194017E-02  0.585267E-02  -122.480      -10.7942      -37.9741       117.851       0.00000      -406.687       8.53136      0.718282       5.00000       4.00000       1.08595       0.00000       0.00000       0.00000       0.00000    
      117   117.000       18.5711       16.7822       8.97341      0.107364      0.369515E-02  0.609058E-02  -112.887      -9.39376      -44.2766       96.0689       0.00000      -406.527       8.55296      0.718282       5.00000       4.00000       1.08619       0.00000       0.00000       0.00000       0.00000    
      118   118.000       18.5112       16.7503       8.97505      0.962995E-01  0.331475E-02  0.422267E-02  -84.6559      -2.95797      -23.7255       100.383       0.00000      -406.193       8.58083      0.718282       5.00000       4.00000       1.08655       0.00000       0.00000       0.00000       0.00000    
      119   119.000       18.5421       16.7764       8.97489      0.114729      0.394886E-02   0.00000      -112.811       2.61665      -27.7301       177.699       0.00000      -406.365       8.58231      0.718282       5.00000       4.00000       1.08652       0.00000       0.00000       0.00000       0.00000    
      120   120.000       19.0281       16.8899       8.97489      0.187272      0.643958E-02  0.455947E-02  -141.174       6.37296      -58.2380       180.573       0.00000      -409.080       8.11888      0.715945       5.00000       4.00000       1.08652       0.00000       0.00000       0.00000       0.00000    
      121   121.000       19.1182       16.9581       8.98861      0.189907      0.652901E-02  0.918710E-02  -177.527      -30.0450      -88.1610       20.8131       0.00000      -409.585       8.12105      0.718282       5.00000       4.00000       1.08951       0.00000       0.00000       0.00000       0.00000    
      122   122.000       18.6557       16.6770       8.99810      0.250743      0.862843E-02  0.111785E-01  -438.428      -98.0136      -203.372       206.386       0.00000      -406.999       8.25549      0.718282       5.00000       4.00000       1.09158       0.00000       0.00000       0.00000       0.00000    
      123   123.000       17.9630       16.2617       9.01324      0.840846E-01  0.289742E-02  0.819721E-02  -223.363      -39.1620      -74.8151       150.659       0.00000      -403.148       8.49329      0.718282       5.00000       4.00000       1.09489       0.00000       0.00000       0.00000       0.00000    
      124   124.000       17.7384       16.1302       9.01847      0.568396E-01  0.195946E-02  0.813848E-02  -159.772      -28.5479      -61.6480       60.2386       0.00000      -401.905       8.58449      0.718282       5.00000       4.00000       1.09603       0.00000       0.00000       0.00000       0.00000    
      125   125.000       17.4536       15.9510       9.02451      0.124711      0.430165E-02  0.875688E-02  -285.403      -50.2453      -106.503       197.661       0.00000      -400.334       8.68345      0.718282       5.00000       4.00000       1.09735       0.00000       0.00000       0.00000       0.00000    
      126   126.000       17.1875       15.7927       9.03079      0.784483E-01  0.270731E-02  0.716226E-02  -214.625      -26.0268      -67.7921       190.909       0.00000      -398.870       8.80026      0.718282       5.00000       4.00000       1.09873       0.00000       0.00000       0.00000       0.00000    
      127   127.000       17.0993       15.7484       9.03342      0.124571      0.429980E-02  0.818728E-02  -163.827      -29.8268      -75.1196       59.3398       0.00000      -398.385       8.85701      0.718282       5.00000       4.00000       1.09930       0.00000       0.00000       0.00000       0.00000    
      128   128.000       16.8104       15.5604       9.03954      0.116242      0.401458E-02  0.742372E-02  -103.038      -16.5456      -34.5460       15.3933       0.00000      -396.801       8.96332      0.718282       5.00000       4.00000       1.10064       0.00000       0.00000       0.00000       0.00000    
      129   129.000       16.5747       15.4023       9.04437      0.249712      0.862809E-02  0.108905E-01  -431.420      -104.973      -189.874       195.532       0.00000      -395.513       9.04644      0.718282       5.00000       4.00000       1.10169       0.00000       0.00000       0.00000       0.00000    
      130   130.000       15.9371       14.9801       9.05829      0.134300      0.464613E-02  0.959014E-02  -341.091      -77.0178      -126.100       190.804       0.00000      -392.042       9.31298      0.718282       5.00000       4.00000       1.10473       0.00000       0.00000       0.00000       0.00000    
      131   131.000       15.5333       14.7104       9.06732      0.857789E-01  0.296988E-02  0.789178E-02  -249.488      -43.5758      -74.3331       186.117       0.00000      -389.857       9.50351      0.718282       5.00000       4.00000       1.10670       0.00000       0.00000       0.00000       0.00000    
      132   132.000       15.3545       14.5955       9.07170      0.224900      0.778929E-02  0.962199E-02  -273.781      -64.8109      -141.281       86.6664       0.00000      -388.892       9.60749      0.718282       5.00000       4.00000       1.10766       0.00000       0.00000       0.00000       0.00000    
      133   133.000       14.8841       14.2602       9.08165      0.134084      0.464819E-02  0.591744E-02  -172.263      -15.0769      -59.7026       168.233       0.00000      -386.362       9.82111      0.718282       5.00000       4.00000       1.10983       0.00000       0.00000       0.00000       0.00000    
      134   134.000       14.8576       14.2510       9.08284      0.953477E-01  0.330551E-02  0.336453E-02  -96.9477      -2.55618      -26.3398       120.723       0.00000      -386.220       9.86088      0.718282       5.00000       4.00000       1.11009       0.00000       0.00000       0.00000       0.00000    
      135   135.000       14.9028       14.2914       9.08240      0.200632      0.695488E-02  0.792097E-02  -166.171      -26.5981      -91.9462       63.9976       0.00000      -386.462       9.86089      0.718282       5.00000       4.00000       1.11000       0.00000       0.00000       0.00000       0.00000    
      136   136.000       14.6493       14.1074       9.08779      0.164861      0.571773E-02  0.963442E-02  -348.792      -80.2977      -136.985       179.511       0.00000      -385.103       9.98310      0.718282       5.00000       4.00000       1.11117       0.00000       0.00000       0.00000       0.00000    
      137   137.000       14.2309       13.8038       9.09702      0.732494E-01  0.254250E-02  0.692490E-02  -188.392      -28.6301      -55.9697       144.194       0.00000      -382.869       10.2125      0.718282       5.00000       4.00000       1.11319       0.00000       0.00000       0.00000       0.00000    
      138   138.000       14.1142       13.7231       9.09992      0.393649E-01  0.136667E-02  0.617313E-02  -166.136      -21.1382      -43.8200       145.867       0.00000      -382.247       10.2957      0.718282       5.00000       4.00000       1.11382       0.00000       0.00000       0.00000       0.00000    
      139   139.000       14.0540       13.6850       9.10166      0.639399E-01  0.222013E-02  0.619388E-02  -119.603      -18.8050      -37.6678       81.8253       0.00000      -381.927       10.3518      0.718282       5.00000       4.00000       1.11420       0.00000       0.00000       0.00000       0.00000    
      140   140.000       13.9593       13.6157       9.10387      0.192638      0.669003E-02  0.918028E-02  -307.099      -63.5906      -133.309       153.839       0.00000      -381.423       10.4121      0.718282       5.00000       4.00000       1.11469       0.00000       0.00000       0.00000       0.00000    
      141   141.000       13.5970       13.3406       9.11182      0.148747      0.516937E-02  0.965605E-02  -357.670      -81.4972      -134.703       173.261       0.00000      -379.502       10.6310      0.718282       5.00000       4.00000       1.11642       0.00000       0.00000       0.00000       0.00000    
      142   142.000       13.1729       13.0102       9.12110      0.106778      0.371389E-02  0.871192E-02  -298.837      -60.3545      -97.5372       169.793       0.00000      -377.261       10.9043      0.718282       5.00000       4.00000       1.11845       0.00000       0.00000       0.00000       0.00000    
      143   143.000       12.8787       12.7783       9.12766      0.591414E-01  0.205819E-02  0.737654E-02  -230.498      -36.3911      -64.0678       165.463       0.00000      -375.714       11.1193      0.718282       5.00000       4.00000       1.11988       0.00000       0.00000       0.00000       0.00000    
      144   144.000       12.7266       12.6604       9.13128      0.491644E-01  0.171148E-02  0.658696E-02  -199.076      -24.5985      -54.8549       162.837       0.00000      -374.915       11.2538      0.718282       5.00000       4.00000       1.12067       0.00000       0.00000       0.00000       0.00000    
      145   145.000       12.6375       12.5938       9.13359      0.399447E-01  0.139077E-02  0.594816E-02  -160.849      -15.6634      -47.7746       138.169       0.00000      -374.448       11.3495      0.718282       5.00000       4.00000       1.12118       0.00000       0.00000       0.00000       0.00000    
      146   146.000       12.5795       12.5513       9.13519      0.637620E-01  0.222028E-02  0.529158E-02  -137.398      -10.8891      -38.1271       128.693       0.00000      -374.144       11.4187      0.718282       5.00000       4.00000       1.12153       0.00000       0.00000       0.00000       0.00000    
      147   147.000       12.5518       12.5338       9.13615      0.232013      0.807943E-02  0.676605E-02  -92.0803      -13.1488      -41.5121       13.5296       0.00000      -373.999       11.4650      0.718282       5.00000       4.00000       1.12173       0.00000       0.00000       0.00000       0.00000    
      148   148.000       12.3919       12.3919       12.3919      0.760640E-01  0.264961E-02  0.263901E-02  -29.1600       1.97736      0.367448E-01   31.6536       0.00000      -373.162       11.5500      0.500000       5.00000       4.00000       1.83279       0.00000       0.00000       0.00000       0.00000    
      149   149.000       12.3931       12.3931       12.3931      0.161167      0.561406E-02  0.687699E-02  -175.184      -30.2792      -60.4908       115.348       0.00000      -373.168       11.5500      0.500000       5.00000       4.00000       1.83304       0.00000       0.00000       0.00000       0.00000    
      150   150.000       12.2832       12.2832       12.2832      0.767368E-01  0.267361E-02  0.598744E-02  -169.311      -21.2470      -36.9591       145.212       0.00000      -372.594       11.5500      0.500000       5.00000       4.00000       1.80905       0.00000       0.00000       0.00000       0.00000    
      151   151.000       12.2370       12.2370       12.2370      0.828812E-01  0.288794E-02  0.558274E-02  -152.515      -15.6722      -36.0614       137.294       0.00000      -372.353       11.5500      0.500000       5.00000       4.00000       1.79896       0.00000       0.00000       0.00000       0.00000    
      152   152.000       12.2066       12.2066       12.2066      0.528958E-01  0.184323E-02  0.531149E-02  -93.3637      -11.6808      -28.2287       68.4712       0.00000      -372.195       11.5500      0.500000       5.00000       4.00000       1.79233       0.00000       0.00000       0.00000       0.00000    
      153   153.000       12.1591       12.1591       12.1591      0.106697      0.371835E-02  0.671193E-02  -190.504      -27.0463      -54.6079       140.291       0.00000      -371.947       11.5500      0.500000       5.00000       4.00000       1.78194       0.00000       0.00000       0.00000       0.00000    
      154   154.000       12.0664       12.0664       12.0664      0.351154E-01  0.122398E-02  0.574591E-02  -160.140      -16.9198      -32.8327       140.251       0.00000      -371.464       11.5500      0.500000       5.00000       4.00000       1.76171       0.00000       0.00000       0.00000       0.00000    
      155   155.000       12.0278       12.0278       12.0278      0.464024E-01  0.161751E-02  0.562831E-02  -134.644      -14.8286      -31.8386       110.801       0.00000      -371.263       11.5500      0.500000       5.00000       4.00000       1.75327       0.00000       0.00000       0.00000       0.00000    
      156   156.000       11.9822       11.9822       11.9822      0.669950E-01  0.233555E-02  0.582140E-02  -89.1218      -14.6589      -30.1117       44.0689       0.00000      -371.025       11.5500      0.500000       5.00000       4.00000       1.74331       0.00000       0.00000       0.00000       0.00000    
      157   157.000       11.8988       11.8988       11.8988      0.536794E-01  0.187164E-02  0.511540E-02  -76.2504      -9.82454      -24.9485       49.9796       0.00000      -370.591       11.5500      0.500000       5.00000       4.00000       1.72510       0.00000       0.00000       0.00000       0.00000    
      158   158.000       11.8489       11.8489       11.8489      0.666782E-01  0.232510E-02  0.569209E-02  -104.350      -13.9342      -34.2415       67.5071       0.00000      -370.332       11.5500      0.500000       5.00000       4.00000       1.71421       0.00000       0.00000       0.00000       0.00000    
      159   159.000       11.7802       11.7802       11.7802      0.124990      0.435904E-02  0.649955E-02  -145.604      -21.7933      -54.1654       86.8779       0.00000      -369.975       11.5500      0.500000       5.00000       4.00000       1.69920       0.00000       0.00000       0.00000       0.00000    
      160   160.000       11.6726       11.6726       11.6726      0.617924E-01  0.215546E-02  0.567374E-02  -75.2405      -9.84733      -24.8506       28.6203       0.00000      -369.416       11.5500      0.500000       5.00000       4.00000       1.67569       0.00000       0.00000       0.00000       0.00000    
      161   161.000       11.5866       11.5866       11.5866      0.118325      0.412814E-02  0.689672E-02  -192.559      -29.6728      -57.3448       124.931       0.00000      -368.970       11.5500      0.500000       5.00000       4.00000       1.65690       0.00000       0.00000       0.00000       0.00000    
      162   162.000       11.4631       11.4631       11.4631      0.106683      0.372284E-02  0.762676E-02  -226.817      -43.9421      -68.1040       122.293       0.00000      -368.331       11.5500      0.500000       5.00000       4.00000       1.62994       0.00000       0.00000       0.00000       0.00000    
      163   163.000       11.2740       11.2740       11.2740      0.401116E-01  0.140026E-02  0.685136E-02  -124.973      -31.1790      -42.3103       33.8946       0.00000      -367.353       11.5500      0.500000       5.00000       4.00000       1.58864       0.00000       0.00000       0.00000       0.00000    
      164   164.000       11.1089       11.1089       11.1089      0.243472      0.850208E-02  0.894120E-02  -261.653      -94.5043      -114.007       47.6602       0.00000      -366.501       11.5500      0.500000       5.00000       4.00000       1.55259       0.00000       0.00000       0.00000       0.00000    
      165   165.000       10.7250       10.7250       10.7250      0.250165      0.874228E-02  0.958020E-02  -386.247      -112.438      -144.334       122.089       0.00000      -364.525       11.5500      0.500000       5.00000       4.00000       1.46875       0.00000       0.00000       0.00000       0.00000    
      166   166.000       10.2519       10.2519       10.2519      0.140225      0.490479E-02  0.755514E-02  -194.504      -61.2941      -77.0540       52.3574       0.00000      -362.101       11.5500      0.500000       5.00000       4.00000       1.36541       0.00000       0.00000       0.00000       0.00000    
      167   167.000       9.99626       9.99626       9.99626      0.757544E-01  0.265103E-02  0.579781E-02  -101.119      -22.1855      -36.7200       37.0435       0.00000      -360.796       11.5500      0.500000       5.00000       4.00000       1.30958       0.00000       0.00000       0.00000       0.00000    
      168   168.000       9.87979       9.87979       9.87979      0.837863E-01  0.293276E-02  0.525886E-02  -79.4785      -16.6245      -25.6139       31.4896       0.00000      -360.203       11.5500      0.500000       5.00000       4.00000       1.28415       0.00000       0.00000       0.00000       0.00000    
      169   169.000       9.79202       9.79202       9.79202      0.107009      0.374625E-02  0.559811E-02  -139.717      -22.9180      -34.6508       93.8886       0.00000      -359.756       11.5500      0.500000       5.00000       4.00000       1.26498       0.00000       0.00000       0.00000       0.00000    
      170   170.000       9.70811       9.70811       9.70811      0.101899      0.356795E-02  0.660077E-02  -147.437      -37.5154      -59.6627       45.2917       0.00000      -359.329       11.5500      0.500000       5.00000       4.00000       1.24665       0.00000       0.00000       0.00000       0.00000    
      171   171.000       9.52395       9.52395       9.52395      0.638250E-01  0.223559E-02  0.619289E-02  -151.115      -29.3756      -44.1356       71.6783       0.00000      -358.395       11.5500      0.500000       5.00000       4.00000       1.20643       0.00000       0.00000       0.00000       0.00000    
      172   172.000       9.38029       9.38029       9.38029      0.128292      0.449490E-02  0.633233E-02  -183.558      -34.5899      -54.8157       101.777       0.00000      -357.667       11.5500      0.500000       5.00000       4.00000       1.17506       0.00000       0.00000       0.00000       0.00000    
      173   173.000       9.23250       9.23250       9.23250      0.789213E-01  0.276591E-02  0.540447E-02  -142.641      -21.0854      -29.8526       98.0910       0.00000      -356.919       11.5500      0.500000       5.00000       4.00000       1.14278       0.00000       0.00000       0.00000       0.00000    
      174   174.000       9.15109       9.15109       9.15109      0.110108      0.385949E-02  0.488550E-02  -60.4048      -10.7035      -19.3821       12.7547       0.00000      -356.507       11.5500      0.500000       5.00000       4.00000       1.12500       0.00000       0.00000       0.00000       0.00000    
      175   175.000       9.06421       9.06421       9.06421      0.197234      0.691456E-02  0.716347E-02  -236.441      -58.8941      -82.7749       96.7070       0.00000      -356.069       11.5500      0.500000       5.00000       4.00000       1.10602       0.00000       0.00000       0.00000       0.00000    
      176   176.000       8.81333       8.81333       8.81333      0.155930      0.546917E-02  0.648118E-02  -156.307      -49.4843      -66.5356       38.9374       0.00000      -354.804       11.5500      0.500000       5.00000       4.00000       1.05123       0.00000       0.00000       0.00000       0.00000    
      177   177.000       8.60240       8.60240       8.60240      0.113650      0.398783E-02  0.651018E-02  -205.817      -43.1064      -62.0534       93.6921       0.00000      -353.744       11.5500      0.500000       5.00000       4.00000       1.00516       0.00000       0.00000       0.00000       0.00000    
      178   178.000       8.40088       8.40088       8.40088      0.956646E-01  0.335806E-02  0.645881E-02  -214.098      -45.4845      -53.6767       100.821       0.00000      -352.733       11.5500      0.500000       5.00000       4.00000      0.961152       0.00000       0.00000       0.00000       0.00000    
      179   179.000       8.19738       8.19738       8.19738      0.126383      0.443808E-02  0.695484E-02  -260.057      -66.2238      -70.2828       105.653       0.00000      -351.714       11.5500      0.500000       5.00000       4.00000      0.916707       0.00000       0.00000       0.00000       0.00000    
      180   180.000       7.92070       7.92070       7.92070      0.106329      0.373584E-02  0.695352E-02  -272.679      -67.1040      -70.5941       105.859       0.00000      -350.333       11.5500      0.500000       5.00000       4.00000      0.856282       0.00000       0.00000       0.00000       0.00000    
      181   181.000       7.62202       7.62202       7.62202      0.186463      0.655508E-02  0.728593E-02  -270.331      -103.020      -106.308       41.6115       0.00000      -348.846       11.5500      0.500000       5.00000       4.00000      0.791050       0.00000       0.00000       0.00000       0.00000    
      182   182.000       7.21323       7.21323       7.21323      0.180560      0.635252E-02  0.648586E-02  -210.445      -81.3600      -80.8737       27.3718       0.00000      -346.819       11.5500      0.500000      0.367129       7.22310     -0.293413E-01   0.00000       0.00000       0.00000       0.00000    
      183   183.000       6.88721       6.88721       6.88721      0.116291      0.409394E-02  0.491836E-02  -149.330      -36.2100      -39.3059       74.9638       0.00000      -345.208       11.5500      0.500000      0.214817       7.38204      -2.51545       0.00000       0.00000       0.00000       0.00000    
      184   184.000       6.75921       6.75921       6.75921      0.165816      0.583886E-02  0.589301E-02  -206.000      -67.4331      -76.6750       53.0689       0.00000      -344.578       11.5500      0.500000      0.425359       7.15883      -1.02593       0.00000       0.00000       0.00000       0.00000    
      185   185.000       6.48864       6.48864       6.48864      0.581947E-01  0.205027E-02  0.459625E-02  -122.367      -29.9535      -36.9041       46.2786       0.00000      -343.247       11.5500      0.500000      0.384437       7.20122      -2.02411       0.00000       0.00000       0.00000       0.00000    
      186   186.000       6.35671       6.35671       6.35671      0.685595E-01  0.241605E-02  0.464285E-02  -158.250      -29.3346      -34.2579       83.1342       0.00000      -342.600       11.5500      0.500000      0.433127       7.15057      -2.00148       0.00000       0.00000       0.00000       0.00000    
      187   187.000       6.22646       6.22646       6.22646      0.121322      0.427646E-02  0.494113E-02  -187.616      -44.4522      -47.8014       87.4928       0.00000      -341.962       11.5500      0.500000      0.472238       7.11009      -2.04331       0.00000       0.00000       0.00000       0.00000    
      188   188.000       6.05174       6.05174       6.05174      0.140862      0.496691E-02  0.573216E-02  -279.016      -78.6255      -75.8984       97.7364       0.00000      -341.107       11.5500      0.500000      0.495152       7.08648      -2.28201       0.00000       0.00000       0.00000       0.00000    
      189   189.000       5.73290       5.73290       5.73290      0.191034      0.674010E-02  0.555258E-02  -287.888      -88.8623      -88.7066       89.5325       0.00000      -339.552       11.5500      0.500000      0.486278       7.09560      -3.06014       0.00000       0.00000       0.00000       0.00000    
      190   190.000       5.38503       5.38503       5.38503      0.102857      0.363144E-02  0.403671E-02  -120.186      -40.4436      -39.7478       19.6644       0.00000      -337.861       11.5500      0.500000      0.494158       7.08750      -3.76215       0.00000       0.00000       0.00000       0.00000    
      191   191.000       5.21269       5.21269       5.21269      0.227416      0.803173E-02  0.417104E-02  -183.276      -52.3467      -64.8124       66.6859       0.00000      -337.025       11.5500      0.500000      0.548154       7.03200      -3.62432       0.00000       0.00000       0.00000       0.00000    
      192   192.000       5.01147       5.01147       5.01147      0.899796E-01  0.317907E-02  0.387576E-02  -195.303      -42.7956      -42.7734       89.4859       0.00000      -336.052       11.5500      0.500000      0.586453       6.99287      -3.68946       0.00000       0.00000       0.00000       0.00000    
      193   193.000       4.82954       4.82954       4.82954      0.186398      0.658790E-02  0.333876E-02  -106.174      -39.4201      -40.6086       10.1859       0.00000      -335.173       11.5500      0.500000      0.624232       6.95444      -3.71720       0.00000       0.00000       0.00000       0.00000    
      194   194.000       4.66519       4.66519       4.66519      0.106050      0.374933E-02  0.315579E-02  -169.489      -37.2713      -36.8298       86.7863       0.00000      -334.381       11.5500      0.500000      0.661612       6.91659      -3.71596       0.00000       0.00000       0.00000       0.00000    
      195   195.000       4.52448       4.52448       4.52448      0.229003      0.809845E-02  0.913234E-03  -9.39200       8.96136      -6.61265       8.15820       0.00000      -333.705       11.5500      0.500000      0.699315       6.87857      -3.67597       0.00000       0.00000       0.00000       0.00000    
      196   196.000       4.52883       4.52883       4.52883      0.259310      0.917012E-02  0.324440E-02  -188.384      -54.3198      -70.2254       63.5128       0.00000      -333.725       11.5500      0.500000      0.760460       6.81718      -3.28601       0.00000       0.00000       0.00000       0.00000    
      197   197.000       4.31225       4.31225       4.31225      0.181521      0.642190E-02  0.303105E-02  -258.174      -73.6290      -74.6954       91.3328       0.00000      -332.685       11.5500      0.500000      0.770274       6.80740      -3.53730       0.00000       0.00000       0.00000       0.00000    
      198   198.000       4.02136       4.02136       4.02136      0.903910E-01  0.319966E-02  0.126720E-02  -183.754      -37.5736      -33.9720       95.6229       0.00000      -331.293       11.5500      0.500000      0.768573       6.80909      -3.96084       0.00000       0.00000       0.00000       0.00000    
      199   199.000       3.87142       3.87142       3.87142      0.744270E-01  0.263532E-02   0.00000      -148.804      -26.6937      -26.8188       84.1507       0.00000      -330.576       11.5500      0.500000      0.798225       6.77956      -3.97845       0.00000       0.00000       0.00000       0.00000    
      200   200.000       3.76332       3.76332       3.76332      0.121235      0.429358E-02   0.00000      -68.8970      -20.4939      -25.7803       13.3761       0.00000      -330.061       11.5500      0.500000      0.833448       6.74461      -3.90614       0.00000       0.00000       0.00000       0.00000    
      201   201.000       3.67139       3.67139       3.67139      0.201951      0.715344E-02   0.00000      -159.330      -53.0551      -56.4173       51.6901       0.00000      -329.622       11.5500      0.500000      0.868943       6.70954      -3.81804       0.00000       0.00000       0.00000       0.00000    
      202   202.000       3.48646       3.48646       3.48646      0.244004      0.864606E-02   0.00000      -361.583      -128.706      -103.254       95.3271       0.00000      -328.743       11.5500      0.500000      0.884595       6.69414      -3.95977       0.00000       0.00000       0.00000       0.00000    
      203   203.000       3.01925       3.01925       3.01925      0.107020      0.379556E-02   0.00000      -229.584      -66.2880      -51.0421       83.5737       0.00000      -326.527       11.5500      0.500000      0.850206       6.72791      -4.76338       0.00000       0.00000       0.00000       0.00000    
      204   204.000       2.76765       2.76765       2.76765      0.163328      0.579537E-02   0.00000      -121.672      -45.8505      -44.0694       38.4552       0.00000      -325.339       11.5500      0.500000      0.864886       6.71343      -4.98192       0.00000       0.00000       0.00000       0.00000    
      205   205.000       2.62830       2.62830       2.62830      0.167887      0.595871E-02   0.00000      -204.155      -53.8326      -48.8582       92.5330       0.00000      -324.682       11.5500      0.500000      0.897899       6.68094      -4.92871       0.00000       0.00000       0.00000       0.00000    
      206   206.000       2.43824       2.43824       2.43824      0.947317E-01  0.336348E-02   0.00000      -77.3295      -27.6751      -22.8304       16.2237       0.00000      -323.788       11.5500      0.500000      0.920676       6.65861      -5.00572       0.00000       0.00000       0.00000       0.00000    
      207   207.000       2.33831       2.33831       2.33831      0.108438      0.385084E-02   0.00000      -49.8555      -13.9107      -13.0792       42.1316       0.00000      -323.319       11.5500      0.500000      0.956675       6.62342      -4.89124       0.00000       0.00000       0.00000       0.00000    
      208   208.000       2.33325       2.33325       2.33325      0.109419      0.388574E-02   0.00000      -90.3382      -34.7016      -27.6306       21.6311       0.00000      -323.295       11.5500      0.500000       1.00491       6.57647      -4.61095       0.00000       0.00000       0.00000       0.00000    
      209   209.000       2.21909       2.21909       2.21909      0.279580      0.993072E-02   0.00000      -125.125      -60.1220      -41.7000       8.85028       0.00000      -322.759       11.5500      0.500000       1.03232       6.54996      -4.58126       0.00000       0.00000       0.00000       0.00000    
      210   210.000       2.02015       2.02015       2.02015      0.243821      0.866385E-02   0.00000      -123.975      -59.5673      -40.5527       15.7285       0.00000      -321.828       11.5500      0.500000       1.04454       6.53818      -4.72332       0.00000       0.00000       0.00000       0.00000    
      211   211.000       1.83576       1.83576       1.83576      0.149684      0.532068E-02   0.00000      -219.388      -86.7314      -52.2479       66.0028       0.00000      -320.966       11.5500      0.500000       1.05966       6.52363      -4.83095       0.00000       0.00000       0.00000       0.00000    
      212   212.000       1.57115       1.57115       1.57115      0.139778      0.497111E-02   0.00000      -236.335      -77.5322      -49.0652       89.7566       0.00000      -319.732       11.5500      0.500000       1.06218       6.52120      -5.08903       0.00000       0.00000       0.00000       0.00000    
      213   213.000       1.31912       1.31912       1.31912      0.218194      0.776364E-02   0.00000      -321.458      -139.199      -77.6153       80.4216       0.00000      -318.561       11.5500      0.500000       1.06866       6.51498      -5.30936       0.00000       0.00000       0.00000       0.00000    
      214   214.000      0.899244      0.899244      0.899244      0.151253      0.538613E-02   0.00000      -291.899      -122.421      -61.6334       80.8521       0.00000      -316.616       11.5500      0.500000       1.05182       6.53114      -5.84703       0.00000       0.00000       0.00000       0.00000    
      215   215.000      0.533740      0.533740      0.533740      0.673709E-01  0.240075E-02   0.00000      -189.154      -58.3877      -31.4590       80.0823       0.00000      -314.930       11.5500      0.500000       1.04861       6.53422      -6.24876       0.00000       0.00000       0.00000       0.00000    
