343.63566	18.049524	13.346591	4.1449392	0.4835076	2006-05-30 00:00:00
353.34355	14.704401	8.097445	3.8589195	0.48587986	2006-05-31 00:00:00
374.77364	14.319299	8.5663244	3.4012191	0.39523504	2006-06-01 00:00:00
291.50272	15.269891	10.173777	2.1689331	0.6753166	2006-06-02 00:00:00
278.6197	17.438684	13.982692	2.0232748	0.6962671	2006-06-03 00:00:00
145.39333	18.795251	18.728743	3.7699946	0.98781823	2006-06-04 00:00:00
106.85428	13.266718	12.874722	4.5319712	1	2006-06-05 00:00:00
79.579636	12.663019	13.962049	3.6526054	1	2006-06-06 00:00:00
248.67123	20.92074	20.322959	4.6403418	0.75637048	2006-06-07 00:00:00
189.77038	20.756067	18.538179	5.6897181	0.89922547	2006-06-08 00:00:00
353.3611	15.826501	9.2860014	3.5341902	0.49482309	2006-06-09 00:00:00
328.40562	17.546442	11.723505	3.8858728	0.56732588	2006-06-10 00:00:00
349.1835	18.641199	13.827749	2.1215337	0.48137164	2006-06-11 00:00:00
345.2677	18.905542	14.289288	2.481663	0.49422554	2006-06-12 00:00:00
328.39059	21.026392	16.664841	3.5313596	0.54136556	2006-06-13 00:00:00
304.68647	21.113245	15.738671	4.180353	0.62383662	2006-06-14 00:00:00
214.86429	19.116296	16.610329	4.4105959	0.85129605	2006-06-15 00:00:00
335.07589	13.672174	8.4697539	5.4288922	0.5681664	2006-06-16 00:00:00
377.29946	16.477899	10.022353	2.3062584	0.39842279	2006-06-17 00:00:00
361.05486	19.44845	12.60414	2.6813193	0.44766334	2006-06-18 00:00:00
360.05926	18.733209	11.248409	2.4656838	0.46223438	2006-06-19 00:00:00
249.20604	19.610468	14.984748	2.8484074	0.7768408	2006-06-20 00:00:00
265.25964	21.70202	16.508737	2.8433145	0.73161166	2006-06-21 00:00:00
271.84025	22.752954	18.532245	1.5997947	0.70664717	2006-06-22 00:00:00
265.41315	22.58111	19.121511	2.9889393	0.72148546	2006-06-23 00:00:00
162.79543	19.528925	19.956848	3.4972008	0.95455514	2006-06-24 00:00:00
242.80157	19.508722	19.238188	3.3297572	0.77840838	2006-06-25 00:00:00
195.41498	18.321069	18.145659	2.0861229	0.88978808	2006-06-26 00:00:00
297.24754	16.77749	12.460877	4.4160064	0.65948583	2006-06-27 00:00:00
340.0856	17.392603	12.754293	2.1388766	0.52248926	2006-06-28 00:00:00
331.34093	18.526025	13.136674	2.7838652	0.54956597	2006-06-29 00:00:00
355.48638	16.932825	11.82181	3.5849036	0.46878747	2006-06-30 00:00:00
334.37345	16.839655	11.264866	2.5695681	0.54809781	2006-07-01 00:00:00
286.50284	17.82113	12.018267	3.1022418	0.68720502	2006-07-02 00:00:00
241.70837	18.79339	12.833384	3.6114471	0.7962386	2006-07-03 00:00:00
187.38054	20.383295	19.550499	3.6703263	0.9008034	2006-07-04 00:00:00
282.72947	17.705743	13.766436	6.2098325	0.68731077	2006-07-05 00:00:00
78.057619	13.771021	12.638609	5.4168223	1	2006-07-06 00:00:00
170.28507	15.166711	13.927032	3.9776008	0.94541664	2006-07-07 00:00:00
307.62375	16.36358	13.181106	1.4439544	0.61352755	2006-07-08 00:00:00
174.34512	16.495599	13.978387	4.3284638	0.93590764	2006-07-09 00:00:00
153.28413	16.396783	16.596022	2.9433874	0.97305517	2006-07-10 00:00:00
181.13393	17.31347	15.8128	3.9907719	0.91693649	2006-07-11 00:00:00
319.13941	18.223657	14.2921	2.9091926	0.56240578	2006-07-12 00:00:00
348.96389	19.928583	14.964284	0.98350436	0.44091419	2006-07-13 00:00:00
332.79935	21.315424	16.822045	1.404137	0.49111769	2006-07-14 00:00:00
307.33892	23.11239	18.233749	2.0970081	0.57330729	2006-07-15 00:00:00
330.75142	24.207239	16.22719	2.8409178	0.49671202	2006-07-16 00:00:00
183.69297	22.63009	21.071821	1.5515306	0.89490902	2006-07-17 00:00:00
252.10674	22.811945	20.394208	3.7638782	0.72587607	2006-07-18 00:00:00
177.6834	21.128748	19.396234	4.5227162	0.90947773	2006-07-19 00:00:00
174.77198	21.400171	21.992463	2.8722344	0.90951638	2006-07-20 00:00:00
367.89991	20.445459	15.180899	2.4370989	0.29801513	2006-07-21 00:00:00
326.6805	22.46911	15.850338	3.0406462	0.49252158	2006-07-22 00:00:00
317.17359	21.707544	16.627726	3.9907698	0.52055775	2006-07-23 00:00:00
268.70305	17.953455	11.080948	1.825472	0.70133276	2006-07-24 00:00:00
280.92072	21.674951	16.052763	2.5604698	0.64137608	2006-07-25 00:00:00
302.48671	26.789026	16.533933	3.6512692	0.56354339	2006-07-26 00:00:00
255.35853	24.863458	22.694324	1.6990484	0.68590242	2006-07-27 00:00:00
247.0215	23.708612	23.988009	2.1177429	0.70324739	2006-07-28 00:00:00
202.03705	23.203577	24.382197	2.2824716	0.82441458	2006-07-29 00:00:00
165.3953	22.560449	23.634942	2.9495115	0.91398835	2006-07-30 00:00:00
186.67453	20.797754	21.418678	2.7768048	0.86649373	2006-07-31 00:00:00
283.7003	18.943811	16.69122	2.092547	0.59719066	2006-08-01 00:00:00
288.21279	19.233392	15.289365	1.2755701	0.58471979	2006-08-02 00:00:00
278.28887	19.609399	14.748804	1.575003	0.6178089	2006-08-03 00:00:00
304.54937	19.778345	16.057439	3.3204797	0.50843236	2006-08-04 00:00:00
159.99857	18.307764	16.750799	3.4911047	0.9277264	2006-08-05 00:00:00
255.78988	19.258203	18.917996	2.356586	0.66159015	2006-08-06 00:00:00
284.69667	21.141016	18.40591	3.2050162	0.55768976	2006-08-07 00:00:00
104.6497	18.96795	18.966835	2.1369081	1	2006-08-08 00:00:00
201.78585	17.628778	14.634592	3.6158691	0.82306247	2006-08-09 00:00:00
329.05878	16.687311	11.418561	2.9530092	0.38888965	2006-08-10 00:00:00
323.27791	17.236963	12.714597	1.5553158	0.39915449	2006-08-11 00:00:00
264.78848	18.637537	13.457909	2.8619367	0.6313104	2006-08-12 00:00:00
314.3151	17.100366	13.280859	3.2195524	0.42362748	2006-08-13 00:00:00
323.82714	16.57644	11.893603	2.1843556	0.37559222	2006-08-14 00:00:00
173.23347	18.890955	16.611277	4.5424254	0.87623257	2006-08-15 00:00:00
286.48028	19.463342	16.84876	4.1112756	0.50508676	2006-08-16 00:00:00
136.82698	18.064111	17.171013	2.6700568	0.95963315	2006-08-17 00:00:00
242.74989	15.941644	13.905824	4.6298976	0.6746395	2006-08-18 00:00:00
313.51064	14.5711	10.362599	4.0188231	0.39622778	2006-08-19 00:00:00
297.66071	17.32757	10.841327	5.0735764	0.46401117	2006-08-20 00:00:00
315.84458	12.544336	9.0517197	3.2157987	0.37294661	2006-08-21 00:00:00
305.82719	13.661981	11.245183	2.5011124	0.39811642	2006-08-22 00:00:00
243.81528	17.598047	15.203341	2.7676842	0.63828111	2006-08-23 00:00:00
78.909248	17.027795	17.711282	2.6178678	1	2006-08-24 00:00:00
143.98407	18.043817	18.667144	3.2251257	0.92129803	2006-08-25 00:00:00
293.07121	12.56283	8.924888	6.4736709	0.44320394	2006-08-26 00:00:00
288.81593	11.234125	8.2826282	2.1404529	0.45941917	2006-08-27 00:00:00
235.29822	15.394342	11.090692	3.7813736	0.657591	2006-08-28 00:00:00
240.67903	18.033044	16.472366	2.9573292	0.60447502	2006-08-29 00:00:00
231.43518	20.856958	18.725734	3.3015179	0.62300666	2006-08-30 00:00:00
241.71325	23.002405	20.940769	2.8514308	0.55980612	2006-08-31 00:00:00
155.71674	22.196985	16.865414	3.9403686	0.87177908	2006-09-01 00:00:00
265.70656	17.583643	14.303828	3.8101233	0.46649855	2006-09-02 00:00:00
277.54096	16.950983	14.119491	1.9229482	0.38577843	2006-09-03 00:00:00
266.7124	18.300256	15.286386	2.6461654	0.42824794	2006-09-04 00:00:00
181.82148	16.862695	12.711873	3.6368534	0.78717286	2006-09-05 00:00:00
197.44977	20.078424	17.367734	5.8575028	0.71165398	2006-09-06 00:00:00
187.42255	19.409204	15.329267	5.1670074	0.74895707	2006-09-07 00:00:00
286.47709	12.933832	7.8897563	2.8122204	0.30135223	2006-09-08 00:00:00
166.52218	14.354456	12.310047	3.7014051	0.81782075	2006-09-09 00:00:00
156.25329	18.444818	17.039015	5.4429903	0.83298861	2006-09-10 00:00:00
219.27614	20.093774	18.124857	4.991431	0.57921265	2006-09-11 00:00:00
274.89761	16.347375	11.328439	4.0826766	0.26770572	2006-09-12 00:00:00
275.28818	14.432489	9.892488	3.3879812	0.22392274	2006-09-13 00:00:00
274.76909	12.5104	8.6120139	2.65275	0.22459862	2006-09-14 00:00:00
218.11302	12.214716	9.6138571	2.354056	0.58317808	2006-09-15 00:00:00
57.682563	14.001947	12.561148	2.5322625	1	2006-09-16 00:00:00
175.41709	17.02984	15.11017	3.386164	0.72588497	2006-09-17 00:00:00
28.327694	14.415552	14.916578	2.3970294	1	2006-09-18 00:00:00
77.512847	10.068506	10.874744	5.5622435	1	2006-09-19 00:00:00
263.92914	7.0845581	6.692041	2.9787735	0.20910776	2006-09-20 00:00:00
202.35943	8.652063	7.8716578	3.0218253	0.61107696	2006-09-21 00:00:00
221.6067	12.743005	11.564685	3.0772923	0.47225033	2006-09-22 00:00:00
231.36339	14.893396	13.561077	2.3783088	0.36844349	2006-09-23 00:00:00
202.56843	15.928644	14.817981	2.3061178	0.53760223	2006-09-24 00:00:00
179.03368	18.827966	16.07608	3.4164884	0.64408761	2006-09-25 00:00:00
32.749661	18.044794	18.914585	2.1484959	1	2006-09-26 00:00:00
101.74578	16.146814	14.658046	6.2673261	0.94405444	2006-09-27 00:00:00
245.15087	6.6291748	4.4403836	6.0947613	0.2248943	2006-09-28 00:00:00
196.19694	8.642511	7.0423068	2.9286172	0.56226306	2006-09-29 00:00:00
216.08684	11.912134	10.030714	2.5689819	0.39224112	2006-09-30 00:00:00
139.85121	13.737207	12.062265	4.1247164	0.78854491	2006-10-01 00:00:00
177.0194	17.399622	14.921233	4.5997142	0.58823456	2006-10-02 00:00:00
187.72516	10.111292	6.7060065	3.3364366	0.56339667	2006-10-03 00:00:00
114.51814	10.033441	9.0046929	3.8093898	0.88025376	2006-10-04 00:00:00
115.47022	14.751062	13.315724	4.1678484	0.86033718	2006-10-05 00:00:00
217.68778	8.313623	6.6698415	3.5201608	0.26875929	2006-10-06 00:00:00
200.18679	8.0244995	7.9638571	2.0029252	0.40446855	2006-10-07 00:00:00
197.3906	10.73446	9.8456806	3.2015409	0.38913693	2006-10-08 00:00:00
155.00178	12.240259	11.803784	2.4500454	0.65082015	2006-10-09 00:00:00
79.443092	12.850214	13.07771	1.125658	0.97763836	2006-10-10 00:00:00
107.41681	13.005945	13.174868	1.2013425	0.86041428	2006-10-11 00:00:00
153.25444	12.394098	12.700606	0.87370884	0.62326638	2006-10-12 00:00:00
155.18023	13.347253	12.814192	2.0144202	0.59871091	2006-10-13 00:00:00
54.673391	14.286768	13.976285	4.8439329	1	2006-10-14 00:00:00
192.65214	6.7567078	5.0573705	6.5357294	0.31968169	2006-10-15 00:00:00
185.22054	6.1050659	6.2461317	2.504315	0.36010533	2006-10-16 00:00:00
37.852666	9.1725403	8.2477958	5.4065846	1	2006-10-17 00:00:00
181.7435	4.5975586	4.4203583	7.8015675	0.36804106	2006-10-18 00:00:00
117.34441	4.6742493	5.2266879	2.8295022	0.7853696	2006-10-19 00:00:00
19.776036	11.506738	12.048881	4.3412648	1	2006-10-20 00:00:00
49.332716	11.316339	12.322389	2.96409	1	2006-10-21 00:00:00
90.20835	8.650415	9.0132169	3.7986856	0.8864023	2006-10-22 00:00:00
65.686987	7.4348694	9.0112439	2.3979378	0.98648292	2006-10-23 00:00:00
105.69978	6.4961487	8.0383067	3.7459191	0.78938991	2006-10-24 00:00:00
87.153323	5.802179	7.1072772	2.6252067	0.88254118	2006-10-25 00:00:00
111.77868	5.8796936	6.9821913	1.8944488	0.7437974	2006-10-26 00:00:00
150.29843	4.761499	6.608202	1.7603456	0.44798293	2006-10-27 00:00:00
72.890509	7.6813293	8.8448579	2.3551176	0.93431771	2006-10-28 00:00:00
21.14176	8.8664185	10.831271	2.9306853	1	2006-10-29 00:00:00
158.2478	3.3131653	4.0066297	7.5145734	0.31836867	2006-10-30 00:00:00
159.33643	0.066308594	3.3508745	4.3541075	0.28295832	2006-10-31 00:00:00
41.203414	-2.1602234	3.8206108	2.3412662	1	2006-11-01 00:00:00
37.419088	10.103174	10.84204	5.4406846	1	2006-11-02 00:00:00
135.44081	-0.77261963	2.6517771	6.3918593	0.50901111	2006-11-03 00:00:00
99.80146	-5.7785706	1.8376551	2.990665	0.7679431	2006-11-04 00:00:00
26.979606	-2.9481567	4.2892854	3.5779191	1	2006-11-05 00:00:00
142.3284	-4.5771851	3.7445555	4.2176922	0.36684486	2006-11-06 00:00:00
120.46695	-4.1238464	3.8746214	2.4877551	0.57874883	2006-11-07 00:00:00
134.4788	-4.1607117	3.9079416	2.0554812	0.42266687	2006-11-08 00:00:00
131.076	-4.4448914	3.8974985	1.7602706	0.44433018	2006-11-09 00:00:00
122.71115	-2.7996887	3.9995571	2.9377719	0.51709924	2006-11-10 00:00:00
108.78237	-3.6921753	3.376989	2.156558	0.63468834	2006-11-11 00:00:00
27.400098	-0.54190674	5.0106975	2.431903	1	2006-11-12 00:00:00
66.24908	4.1613403	7.7458975	2.8583288	0.90047539	2006-11-13 00:00:00
109.72795	-0.43091431	4.355541	3.2882677	0.58772196	2006-11-14 00:00:00
97.077358	-2.4154724	3.5863551	2.783612	0.6902964	2006-11-15 00:00:00
107.26258	-4.49729	2.4296459	3.6826448	0.60121441	2006-11-16 00:00:00
121.01894	-5.3458618	2.3552265	4.4890859	0.44353803	2006-11-17 00:00:00
65.543591	-4.4927429	3.1167566	2.0892352	0.89446674	2006-11-18 00:00:00
50.498558	-0.62528076	5.5869406	2.7760128	0.97679657	2006-11-19 00:00:00
66.147218	-0.41254272	5.1952472	3.932334	0.87581086	2006-11-20 00:00:00
88.94021	-1.5344299	4.15109	4.8780141	0.70553111	2006-11-21 00:00:00
103.01123	-3.2050537	3.1991153	4.7157194	0.57347032	2006-11-22 00:00:00
103.36776	-2.4665283	3.2855527	2.1489188	0.5586899	2006-11-23 00:00:00
109.49353	-2.5468506	3.4697874	2.5455638	0.47482246	2006-11-24 00:00:00
106.69605	-2.5644592	3.5388732	2.0309278	0.49652784	2006-11-25 00:00:00
104.11537	-2.5820984	3.6010404	1.4098376	0.51564651	2006-11-26 00:00:00
89.191972	-0.044073486	4.8333957	2.4762022	0.65553292	2006-11-27 00:00:00
33.554689	1.613916	6.2911133	3.1386026	1	2006-11-28 00:00:00
87.472643	-1.2246155	3.9776551	2.9865402	0.66268746	2006-11-29 00:00:00
85.032395	-0.32034912	4.7116639	3.0534207	0.67537771	2006-11-30 00:00:00
93.774102	-2.9887146	3.6229042	3.4266597	0.58696684	2006-12-01 00:00:00
95.444932	-4.0530457	2.7629532	4.1127606	0.56719203	2006-12-02 00:00:00
96.148436	-1.8613953	3.5214939	3.0215757	0.54566692	2006-12-03 00:00:00
96.019328	-2.0038513	3.380328	4.2314558	0.54079848	2006-12-04 00:00:00
97.421906	-6.1721558	2.1322238	4.4578754	0.5268437	2006-12-05 00:00:00
104.42111	-6.9420532	2.1057527	3.3216937	0.42342675	2006-12-06 00:00:00
37.927882	-4.6539368	3.4914322	2.540391	1	2006-12-07 00:00:00
32.026212	4.3578735	7.8127504	3.9215595	1	2006-12-08 00:00:00
39.524805	0.44204102	4.3438439	4.8193713	1	2006-12-09 00:00:00
80.497421	-1.6548828	3.5886409	5.4576177	0.67711853	2006-12-10 00:00:00
74.944785	-3.1383118	3.0696771	3.6830543	0.72977995	2006-12-11 00:00:00
8.9151418	-0.78427734	4.8310343	4.3996815	1	2006-12-12 00:00:00
79.970685	-4.9738525	2.5895679	6.8829417	0.67931921	2006-12-13 00:00:00
74.569849	-3.3259033	3.0739444	5.7351015	0.72659732	2006-12-14 00:00:00
85.713047	-7.3605713	2.1550226	5.232969	0.61791652	2006-12-15 00:00:00
50.340366	-7.3016418	2.3276761	3.3872427	0.92571637	2006-12-16 00:00:00
19.731267	1.9511963	6.5181385	4.4014749	1	2006-12-17 00:00:00
58.454264	3.1016479	6.2862439	4.9406611	0.85055157	2006-12-18 00:00:00
97.806509	-5.0360779	2.337736	4.68953	0.4580327	2006-12-19 00:00:00
64.778865	-8.4133667	1.7970091	5.322792	0.81347929	2006-12-20 00:00:00
91.882713	-16.067572	0.93965392	8.2017002	0.55104078	2006-12-21 00:00:00
50.239457	-13.159521	1.4378606	3.812531	0.92784026	2006-12-22 00:00:00
81.059557	-12.174292	1.5956214	7.3512212	0.66704156	2006-12-23 00:00:00
74.330222	-12.181738	1.6562806	7.9503214	0.73257295	2006-12-24 00:00:00
90.326514	-11.051489	1.902243	6.1076933	0.56657601	2006-12-25 00:00:00
96.872384	-12.201819	1.6912318	5.5399242	0.4876479	2006-12-26 00:00:00
98.424747	-13.257361	1.5201318	4.1909856	0.47139639	2006-12-27 00:00:00
50.825561	-10.469702	1.9853906	1.6895925	0.92651556	2006-12-28 00:00:00
87.287474	-7.5752014	2.6409248	2.6914575	0.6074936	2006-12-29 00:00:00
98.902053	-8.7756714	2.3010119	3.270823	0.47096159	2006-12-30 00:00:00
36.460222	-6.0404419	3.0634441	2.3195997	1	2006-12-31 00:00:00
