Results from FLAKE simulations.
 No     time         Ts            Tm            Tb            ufr_a         ufr_w         Wconv         Qw            Q_se          Q_la          I_w           Q_lwa         Q_lww         h_ML          C_T           H_B1          T_B1          Qbot          H_ice         H_snow        T_ice         T_snow   
        0   0.00000       17.2000       17.2000       8.00000      0.211680      0.730507E-02  0.987307E-02  -406.897      -81.7804      -204.912       317.707       0.00000      -398.938       11.5500      0.500000       5.00000       4.00000      0.873600       0.00000       0.00000       0.00000       0.00000    
        1   1.00000       17.0395       17.0395       17.0395      0.150065      0.518036E-02  0.893862E-02  -257.333      -44.5787      -139.468       175.588       0.00000      -398.057       11.5500      0.500000       5.00000       4.00000       2.84782       0.00000       0.00000       0.00000       0.00000    
        2   2.00000       16.8888       16.8888       16.8888      0.124993      0.431615E-02  0.392826E-02  -244.810      -30.9275      -109.694       305.735       0.00000      -397.230       11.5500      0.500000       5.00000       4.00000       2.81490       0.00000       0.00000       0.00000       0.00000    
        3   3.00000       16.9921       16.9921       16.9921      0.746480E-01  0.257715E-02   0.00000      -183.191      -19.4408      -64.3142       282.596       0.00000      -397.797       11.5500      0.500000       5.00000       4.00000       2.83749       0.00000       0.00000       0.00000       0.00000    
        4   4.00000       17.1717       17.1640       16.9921      0.570562E-01  0.196912E-02   0.00000      -156.067      -14.1893      -51.2200       258.690       0.00000      -398.783       10.5636      0.500000       5.00000       4.00000       2.83749       0.00000       0.00000       0.00000       0.00000    
        5   5.00000       17.3723       17.3417       16.9921      0.468879E-01  0.161756E-02   0.00000      -138.457      -12.9907      -47.8218       211.368       0.00000      -399.886       9.69081      0.500000       5.00000       4.00000       2.83749       0.00000       0.00000       0.00000       0.00000    
        6   6.00000       17.5155       17.4664       16.9921      0.112397      0.387642E-02  0.463844E-02  -207.017      -28.4008      -84.0933       261.693       0.00000      -400.675       9.38294      0.500000       5.00000       4.00000       2.83749       0.00000       0.00000       0.00000       0.00000    
        7   7.00000       17.6163       17.5587       17.0245      0.140584      0.484761E-02  0.541772E-02  -266.688      -36.2007      -117.919       328.740       0.00000      -401.231       9.38295      0.518960       5.00000       4.00000       2.84456       0.00000       0.00000       0.00000       0.00000    
        8   8.00000       17.7333       17.6640       17.0535      0.160819      0.554406E-02  0.801472E-02  -268.136      -43.9598      -135.991       230.896       0.00000      -401.877       9.38295      0.543226       5.00000       4.00000       2.85089       0.00000       0.00000       0.00000       0.00000    
        9   9.00000       17.6158       17.5925       17.0427      0.101947      0.351533E-02  0.736125E-02  -151.775      -23.3884      -68.8989       108.448       0.00000      -401.228       10.7564      0.592638       5.00000       4.00000       2.84853       0.00000       0.00000       0.00000       0.00000    
       10   10.0000       17.5105       17.5102       17.0683      0.309319E-01  0.106681E-02   0.00000      -118.938      -4.86471      -27.3087       272.993       0.00000      -400.647       11.5393      0.718282       5.00000       4.00000       2.85411       0.00000       0.00000       0.00000       0.00000    
       11   11.0000       17.8261       17.7794       17.0683       0.00000      0.354793E-04   0.00000      -75.0834      0.204668E-01 -0.168076       275.774       0.00000      -402.390       10.1287      0.500000       5.00000       4.00000       2.85411       0.00000       0.00000       0.00000       0.00000    
       12   12.0000       18.2057       18.1317       17.0683       0.00000      0.353412E-04   0.00000      -38.7961      0.299711E-01 -0.169476       129.073       0.00000      -404.494       10.0464      0.500000       5.00000       4.00000       2.85411       0.00000       0.00000       0.00000       0.00000    
       13   13.0000       18.3766       18.2874       17.0683      0.615701E-01  0.211988E-02   0.00000      -124.356       1.33257      -39.6643       301.568       0.00000      -405.444       9.97423      0.500000       5.00000       4.00000       2.85411       0.00000       0.00000       0.00000       0.00000    
       14   14.0000       18.8945       18.5978       17.0683      0.122469      0.421236E-02   0.00000      -159.790       2.92606      -81.0441       279.334       0.00000      -408.333       7.79706      0.500000       5.00000       4.00000       2.85411       0.00000       0.00000       0.00000       0.00000    
       15   15.0000       19.2266       18.8055       17.0683      0.163958      0.563570E-02   0.00000      -106.318       20.6293      -46.9013       298.453       0.00000      -410.194       7.04322      0.500000       5.00000       4.00000       2.85411       0.00000       0.00000       0.00000       0.00000    
       16   16.0000       20.0819       19.1426       17.0683      0.185664      0.637099E-02  0.404811E-02  -139.231       27.3153      -97.6646       258.552       0.00000      -415.015       4.34961      0.500000       5.00000       4.00000       2.85411       0.00000       0.00000       0.00000       0.00000    
       17   17.0000       20.3667       19.3499       17.1199      0.143392      0.491766E-02  0.650609E-02  -241.466      -22.0318      -110.949       318.520       0.00000      -416.629       4.34962      0.502347       5.00000       4.00000       2.86539       0.00000       0.00000       0.00000       0.00000    
       18   18.0000       20.5614       19.4819       17.1305      0.115030      0.394345E-02  0.609078E-02  -182.981      -3.91243      -102.077       229.390       0.00000      -417.736       4.34963      0.504692       5.00000       4.00000       2.86770       0.00000       0.00000       0.00000       0.00000    
       19   19.0000       20.6720       19.5594       17.1283      0.129350      0.443340E-02  0.660681E-02  -208.033      -21.5929      -96.8836       237.044       0.00000      -418.365       4.39289      0.506684       5.00000       4.00000       2.86722       0.00000       0.00000       0.00000       0.00000    
       20   20.0000       20.6828       19.6059       17.0962      0.909512E-01  0.311723E-02  0.646558E-02  -232.965      -22.7677      -99.1124       302.915       0.00000      -418.426       4.73679      0.509007       5.00000       4.00000       2.86022       0.00000       0.00000       0.00000       0.00000    
       21   21.0000       20.8547       19.7253       17.1107      0.590801E-01  0.202420E-02  0.549264E-02  -210.717      -14.9446      -80.1647       329.317       0.00000      -419.407       4.73679      0.511389       5.00000       4.00000       2.86338       0.00000       0.00000       0.00000       0.00000    
       22   22.0000       21.1376       19.9313       17.1517      0.575690E-01  0.197132E-02  0.453628E-02  -185.016      -8.07277      -68.2551       325.699       0.00000      -421.024       4.73680      0.513066       5.00000       4.00000       2.87233       0.00000       0.00000       0.00000       0.00000    
       23   23.0000       21.4704       20.1766       17.2048      0.175469      0.600456E-02  0.866866E-02  -326.405      -32.6067      -196.804       257.024       0.00000      -422.931       4.73681      0.514169       5.00000       4.00000       2.88393       0.00000       0.00000       0.00000       0.00000    
       24   24.0000       21.0103       20.0478       17.0510      0.169406      0.580238E-02  0.988161E-02  -249.610      -52.4260      -123.071       17.2751       0.00000      -420.295       6.13030      0.518037       5.00000       4.00000       2.85033       0.00000       0.00000       0.00000       0.00000    
       25   25.0000       20.1585       19.6289       16.8286      0.131475      0.451083E-02  0.536623E-02  -240.620      -29.7950      -98.1325       314.223       0.00000      -415.448       8.05444      0.525466       5.00000       4.00000       2.80176       0.00000       0.00000       0.00000       0.00000    
       26   26.0000       20.3081       19.7549       16.8606      0.135172      0.463628E-02  0.663027E-02  -273.023      -30.8374      -127.830       322.729       0.00000      -416.296       8.05445      0.530163       5.00000       4.00000       2.80875       0.00000       0.00000       0.00000       0.00000    
       27   27.0000       20.4080       19.8384       16.8821      0.127791      0.438227E-02  0.516476E-02  -237.861      -10.2418      -126.813       315.418       0.00000      -416.864       8.07624      0.537187       5.00000       4.00000       2.81345       0.00000       0.00000       0.00000       0.00000    
       28   28.0000       20.5667       19.9714       16.9108      0.850884E-01  0.291697E-02   0.00000      -144.030       1.03589      -62.7805       263.485       0.00000      -417.766       8.07625      0.541432       5.00000       4.00000       2.81971       0.00000       0.00000       0.00000       0.00000    
       29   29.0000       21.0064       20.1790       16.9108      0.162302      0.555911E-02   0.00000      -128.647       6.33763      -53.5828       257.596       0.00000      -420.273       7.22998      0.540107       5.00000       4.00000       2.81971       0.00000       0.00000       0.00000       0.00000    
       30   30.0000       21.6532       20.4036       16.9108      0.132791      0.454244E-02  0.492047E-02  -153.930     -0.945750      -75.8271       222.098       0.00000      -423.982       5.88101      0.536851       5.00000       4.00000       2.81971       0.00000       0.00000       0.00000       0.00000    
       31   31.0000       21.8089       20.5199       16.9311      0.830551E-01  0.284022E-02  0.499678E-02  -166.811      -9.01805      -67.9064       243.105       0.00000      -424.878       5.88102      0.538411       5.00000       4.00000       2.82414       0.00000       0.00000       0.00000       0.00000    
       32   32.0000       21.9840       20.6507       16.9533      0.638180E-01  0.218161E-02  0.500439E-02  -89.9004      -3.61354      -27.0518       105.865       0.00000      -425.888       5.88103      0.539993       5.00000       4.00000       2.82900       0.00000       0.00000       0.00000       0.00000    
       33   33.0000       22.0168       20.6740       16.9566      0.107147      0.366258E-02  0.547920E-02  -216.961      -16.6683      -87.8689       315.825       0.00000      -426.077       5.89047      0.541550       5.00000       4.00000       2.82971       0.00000       0.00000       0.00000       0.00000    
       34   34.0000       22.2461       20.8450       16.9840      0.687518E-01  0.234904E-02  0.336131E-02  -186.079      -9.46346      -65.3958       316.032       0.00000      -427.403       5.89048      0.543415       5.00000       4.00000       2.83571       0.00000       0.00000       0.00000       0.00000    
       35   35.0000       22.5441       21.0713       17.0197      0.890101E-01  0.303939E-02  0.484378E-02  -201.481      -6.72733      -89.3478       311.751       0.00000      -429.130       5.89049      0.544101       5.00000       4.00000       2.84349       0.00000       0.00000       0.00000       0.00000    
       36   36.0000       22.7994       21.2625       17.0494      0.921290E-01  0.314427E-02  0.414544E-02  -167.823     -0.233371      -76.9828       270.002       0.00000      -430.614       5.89050      0.545483       5.00000       4.00000       2.84999       0.00000       0.00000       0.00000       0.00000    
       37   37.0000       23.0348       21.4393       17.0763      0.458106E-01  0.156273E-02   0.00000      -95.3196       1.97502      -28.3132       190.270       0.00000      -431.986       5.89050      0.546471       5.00000       4.00000       2.85587       0.00000       0.00000       0.00000       0.00000    
       38   38.0000       23.3372       21.6033       17.0763      0.482965E-01  0.164653E-02  0.472719E-02  -84.3714      -2.09451      -20.9761       108.770       0.00000      -433.753       5.69495      0.546333       5.00000       4.00000       2.85587       0.00000       0.00000       0.00000       0.00000    
       39   39.0000       23.3932       21.6416       17.0820      0.584509E-01  0.199249E-02  0.271786E-02  -98.7846      -3.53215      -20.5917       171.915       0.00000      -434.080       5.69496      0.547493       5.00000       4.00000       2.85710       0.00000       0.00000       0.00000       0.00000    
       40   40.0000       23.5613       21.7667       17.0997      0.589778E-01  0.200977E-02   0.00000      -109.072      -2.43004      -23.5476       209.898       0.00000      -435.065       5.69497      0.547874       5.00000       4.00000       2.86098       0.00000       0.00000       0.00000       0.00000    
       41   41.0000       23.8494       21.9411       17.0997      0.905691E-01  0.308450E-02  0.256313E-02  -133.645     -0.599429E-02  -45.9935       240.186       0.00000      -436.758       5.58755      0.547669       5.00000       4.00000       2.86098       0.00000       0.00000       0.00000       0.00000    
       42   42.0000       24.0988       22.1257       17.1256      0.158295      0.538829E-02  0.794682E-02  -282.976      -10.2599      -164.100       309.604       0.00000      -438.227       5.58755      0.548128       5.00000       4.00000       2.86663       0.00000       0.00000       0.00000       0.00000    
       43   43.0000       24.1058       22.1679       17.1194      0.144468      0.491757E-02  0.837624E-02  -298.144      -15.3016      -173.146       302.092       0.00000      -438.268       5.73685      0.551112       5.00000       4.00000       2.86527       0.00000       0.00000       0.00000       0.00000    
       44   44.0000       24.0243       22.1697       17.1046      0.621342E-01  0.211534E-02  0.540916E-02  -154.783      -5.40151      -62.2109       213.346       0.00000      -437.787       5.96794      0.554553       5.00000       4.00000       2.86205       0.00000       0.00000       0.00000       0.00000    
       45   45.0000       24.1618       22.2689       17.1183      0.708049E-01  0.240986E-02  0.407441E-02  -156.014      -1.81070      -62.0954       250.497       0.00000      -438.598       5.96795      0.556088       5.00000       4.00000       2.86505       0.00000       0.00000       0.00000       0.00000    
       46   46.0000       24.3814       22.4319       17.1390      0.765742E-01  0.260506E-02  0.314052E-02  -165.989      -3.53344      -59.5177       282.269       0.00000      -439.895       5.96796      0.556949       5.00000       4.00000       2.86956       0.00000       0.00000       0.00000       0.00000    
       47   47.0000       24.6511       22.6338       17.1636      0.391602E-01  0.133151E-02   0.00000      -135.404      0.263758      -34.7634       291.123       0.00000      -441.492       5.96797      0.557451       5.00000       4.00000       2.87492       0.00000       0.00000       0.00000       0.00000    
       48   48.0000       25.1823       22.9060       17.1636      0.693196E-01  0.235442E-02  0.335433E-02  -152.803       3.52182      -64.6876       265.234       0.00000      -444.651       5.66739      0.557363       5.00000       4.00000       2.87492       0.00000       0.00000       0.00000       0.00000    
       49   49.0000       25.4486       23.1010       17.1860      0.143150      0.485939E-02  0.725791E-02  -232.105      0.701286      -133.307       276.157       0.00000      -446.241       5.66739      0.557861       5.00000       4.00000       2.87983       0.00000       0.00000       0.00000       0.00000    
       50   50.0000       25.5430       23.1742       17.1929      0.136342      0.462740E-02  0.927956E-02  -307.409      -29.2109      -166.503       253.523       0.00000      -446.805       5.70061      0.560146       5.00000       4.00000       2.88133       0.00000       0.00000       0.00000       0.00000    
       51   51.0000       25.2366       23.0730       17.1610      0.914267E-01  0.310494E-02  0.862072E-02  -273.841      -27.1862      -129.877       254.021       0.00000      -444.975       6.06240      0.563889       5.00000       4.00000       2.87436       0.00000       0.00000       0.00000       0.00000    
       52   52.0000       25.0864       23.0325       17.1497      0.159004      0.540160E-02  0.116179E-01  -321.624      -54.3453      -179.924       25.6666       0.00000      -444.079       6.28342      0.567522       5.00000       4.00000       2.87190       0.00000       0.00000       0.00000       0.00000    
       53   53.0000       23.9986       22.5003       17.0652      0.131864      0.448951E-02  0.663096E-02  -209.869      -19.5624      -86.2805       249.297       0.00000      -437.636       7.20639      0.574617       5.00000       4.00000       2.85343       0.00000       0.00000       0.00000       0.00000    
       54   54.0000       24.0823       22.5653       17.0784      0.114067      0.388292E-02  0.743974E-02  -204.148      -19.7338      -89.8605       206.521       0.00000      -438.129       7.22192      0.577977       5.00000       4.00000       2.85632       0.00000       0.00000       0.00000       0.00000    
       55   55.0000       24.0505       22.5644       17.0860      0.132482      0.451007E-02  0.908634E-02  -319.644      -42.6880      -148.761       293.955       0.00000      -437.942       7.31688      0.582201       5.00000       4.00000       2.85799       0.00000       0.00000       0.00000       0.00000    
       56   56.0000       23.9118       22.5135       17.0937      0.109820      0.373965E-02  0.801368E-02  -277.203      -27.2085      -128.933       291.352       0.00000      -437.125       7.52635      0.588736       5.00000       4.00000       2.85967       0.00000       0.00000       0.00000       0.00000    
       57   57.0000       23.9058       22.5335       17.1081      0.171241      0.583127E-02  0.878667E-02  -299.850      -17.7617      -173.863       283.023       0.00000      -437.090       7.62633      0.594291       5.00000       4.00000       2.86281       0.00000       0.00000       0.00000       0.00000    
       58   58.0000       23.8048       22.4983       17.1234      0.132050      0.449762E-02  0.607864E-02  -195.057      -7.58869      -93.1816       239.353       0.00000      -436.495       7.79357      0.601235       5.00000       4.00000       2.86614       0.00000       0.00000       0.00000       0.00000    
       59   59.0000       23.9029       22.5720       17.1372      0.809450E-01  0.275643E-02   0.00000      -169.788      -5.95071      -56.2696       282.548       0.00000      -437.072       7.79358      0.604819       5.00000       4.00000       2.86916       0.00000       0.00000       0.00000       0.00000    
       60   60.0000       24.3073       22.7676       17.1372      0.715591E-01  0.243482E-02   0.00000      -154.633      0.318959      -53.0798       283.458       0.00000      -439.457       7.44436      0.604088       5.00000       4.00000       2.86916       0.00000       0.00000       0.00000       0.00000    
       61   61.0000       24.8704       22.9919       17.1372      0.109936      0.373631E-02  0.610168E-02  -168.007       1.32035      -86.2907       206.131       0.00000      -442.795       6.90175      0.603606       5.00000       4.00000       2.86916       0.00000       0.00000       0.00000       0.00000    
       62   62.0000       24.9597       23.0546       17.1473      0.117481      0.399201E-02  0.806248E-02  -263.361      -17.5141      -132.447       274.786       0.00000      -443.326       6.90220      0.606005       5.00000       4.00000       2.87138       0.00000       0.00000       0.00000       0.00000    
       63   63.0000       24.9411       23.0697       17.1605      0.106354      0.361406E-02  0.883279E-02  -298.311      -28.7252      -144.051       283.903       0.00000      -443.215       6.99720      0.610167       5.00000       4.00000       2.87426       0.00000       0.00000       0.00000       0.00000    
       64   64.0000       24.8335       23.0389       17.1759      0.134398      0.456804E-02  0.107784E-01  -291.409      -46.4274      -158.617       117.092       0.00000      -442.575       7.15095      0.615331       5.00000       4.00000       2.87762       0.00000       0.00000       0.00000       0.00000    
       65   65.0000       24.2368       22.7232       17.1950      0.782112E-01  0.266154E-02  0.747499E-02  -151.568      -17.7441      -54.4616       124.889       0.00000      -439.041       7.56835      0.623502       5.00000       4.00000       2.88179       0.00000       0.00000       0.00000       0.00000    
       66   66.0000       24.1306       22.6705       17.2108      0.132048      0.449458E-02  0.789231E-02  -263.632      -29.1900      -113.282       277.715       0.00000      -438.414       7.67114      0.628302       5.00000       4.00000       2.88524       0.00000       0.00000       0.00000       0.00000    
       67   67.0000       24.1280       22.6904       17.2309      0.836331E-01  0.284667E-02  0.621774E-02  -221.714      -18.7605      -81.8798       277.257       0.00000      -438.399       7.75228      0.633924       5.00000       4.00000       2.88962       0.00000       0.00000       0.00000       0.00000    
       68   68.0000       24.2533       22.7841       17.2445      0.998305E-01  0.339713E-02  0.624969E-02  -210.171      -10.2928      -93.1571       259.093       0.00000      -439.138       7.75228      0.637531       5.00000       4.00000       2.89259       0.00000       0.00000       0.00000       0.00000    
       69   69.0000       24.3628       22.8660       17.2581      0.614675E-01  0.209121E-02  0.539576E-02  -147.638      -4.32020      -58.6735       185.820       0.00000      -439.786       7.75447      0.641138       5.00000       4.00000       2.89558       0.00000       0.00000       0.00000       0.00000    
       70   70.0000       24.4476       22.9287       17.2684      0.163014      0.554501E-02  0.906336E-02  -233.119      -19.5022      -128.304       169.975       0.00000      -440.287       7.75447      0.643806       5.00000       4.00000       2.89781       0.00000       0.00000       0.00000       0.00000    
       71   71.0000       24.2252       22.8111       17.2986      0.172149      0.585840E-02  0.108585E-01  -372.936      -49.9307      -203.079       250.559       0.00000      -438.972       7.92932      0.651284       5.00000       4.00000       2.90442       0.00000       0.00000       0.00000       0.00000    
       72   72.0000       23.8200       22.5878       17.3477      0.153660      0.523348E-02  0.110950E-01  -388.422      -58.7697      -203.343       254.315       0.00000      -436.585       8.23373      0.663046       5.00000       4.00000       2.91513       0.00000       0.00000       0.00000       0.00000    
       73   73.0000       23.3970       22.3437       17.4079      0.874762E-01  0.298189E-02  0.756687E-02  -259.393      -25.4357      -108.236       279.359       0.00000      -434.103       8.55217      0.677615       5.00000       4.00000       2.92829       0.00000       0.00000       0.00000       0.00000    
       74   74.0000       23.4159       22.3739       17.4377      0.103213      0.351818E-02  0.730097E-02  -242.376      -13.8484      -118.901       264.483       0.00000      -434.213       8.61485      0.685857       5.00000       4.00000       2.93479       0.00000       0.00000       0.00000       0.00000    
       75   75.0000       23.4429       22.4080       17.4665      0.128734      0.438788E-02  0.667292E-02  -223.197      -6.86525      -113.778       257.153       0.00000      -434.371       8.66712      0.693779       5.00000       4.00000       2.94109       0.00000       0.00000       0.00000       0.00000    
       76   76.0000       23.5040       22.4632       17.4910      0.182990      0.623643E-02  0.770963E-02  -222.907     -0.121581      -133.725       221.193       0.00000      -434.729       8.69630      0.700572       5.00000       4.00000       2.94643       0.00000       0.00000       0.00000       0.00000    
       77   77.0000       23.4707       22.4548       17.5264      0.119561      0.407498E-02  0.504590E-02  -175.738      -7.33062      -72.1376       225.209       0.00000      -434.534       8.76875      0.709739       5.00000       4.00000       2.95416       0.00000       0.00000       0.00000       0.00000    
       78   78.0000       23.5748       22.5375       17.5404      0.117627      0.400823E-02  0.506699E-02  -183.928      -11.6325      -68.7699       236.812       0.00000      -435.145       8.76876      0.713844       5.00000       4.00000       2.95721       0.00000       0.00000       0.00000       0.00000    
       79   79.0000       23.6865       22.6264       17.5546      0.705013E-01  0.240184E-02  0.370162E-02  -147.078      -9.42846      -40.9283       201.027       0.00000      -435.800       8.76877      0.717945       5.00000       4.00000       2.96032       0.00000       0.00000       0.00000       0.00000    
       80   80.0000       23.7968       22.7171       17.5545      0.164967      0.561886E-02  0.112300E-01  -410.682      -66.2077      -202.287       287.300       0.00000      -436.448       8.76878      0.718282       5.00000       4.00000       2.96031       0.00000       0.00000       0.00000       0.00000    
       81   81.0000       23.4282       22.4920       17.5634      0.869097E-01  0.296239E-02  0.862577E-02  -296.218      -36.2528      -118.873       286.734       0.00000      -434.285       8.98313      0.718282       5.00000       4.00000       2.96224       0.00000       0.00000       0.00000       0.00000    
       82   82.0000       23.3689       22.4697       17.5658      0.610639E-01  0.208166E-02  0.751321E-02  -263.003      -26.7869      -99.8337       284.943       0.00000      -433.938       9.05842      0.718282       5.00000       4.00000       2.96277       0.00000       0.00000       0.00000       0.00000    
       83   83.0000       23.3937       22.5034       17.5665      0.770598E-01  0.262683E-02  0.750994E-02  -264.870      -26.7352      -100.747       287.718       0.00000      -434.083       9.09327      0.718282       5.00000       4.00000       2.96293       0.00000       0.00000       0.00000       0.00000    
       84   84.0000       23.4207       22.5388       17.5672      0.561257E-01  0.191312E-02  0.601959E-02  -227.405      -16.4475      -84.5323       277.185       0.00000      -434.241       9.12734      0.718282       5.00000       4.00000       2.96308       0.00000       0.00000       0.00000       0.00000    
       85   85.0000       23.5189       22.6221       17.5664      0.745804E-01  0.254167E-02  0.452158E-02  -193.872      -5.99514      -79.6738       255.783       0.00000      -434.817       9.12735      0.718282       5.00000       4.00000       2.96291       0.00000       0.00000       0.00000       0.00000    
       86   86.0000       23.6426       22.7270       17.5651      0.980119E-01  0.333937E-02  0.912547E-02  -190.102      -13.2425      -106.116       113.825       0.00000      -435.542       9.12736      0.718282       5.00000       4.00000       2.96261       0.00000       0.00000       0.00000       0.00000    
       87   87.0000       23.4300       22.5858       17.5698      0.113599      0.387210E-02  0.856234E-02  -274.161      -28.5247      -121.499       258.949       0.00000      -434.296       9.23340      0.718282       5.00000       4.00000       2.96365       0.00000       0.00000       0.00000       0.00000    
       88   88.0000       23.3616       22.5533       17.5723      0.134152      0.457329E-02  0.884807E-02  -227.681      -21.1610      -112.996       180.164       0.00000      -433.895       9.30500      0.718282       5.00000       4.00000       2.96420       0.00000       0.00000       0.00000       0.00000    
       89   89.0000       23.2197       22.4633       17.5760      0.669977E-01  0.228463E-02  0.362006E-02  -152.805      -8.92103      -43.4898       204.606       0.00000      -433.065       9.39511      0.718282       5.00000       4.00000       2.96499       0.00000       0.00000       0.00000       0.00000    
       90   90.0000       23.3202       22.5503       17.5748      0.150635      0.513564E-02  0.972733E-02  -261.483      -37.1047      -122.503       182.351       0.00000      -433.653       9.39511      0.718282       5.00000       4.00000       2.96473       0.00000       0.00000       0.00000       0.00000    
       91   91.0000       23.0998       22.4040       17.5800      0.997999E-01  0.340401E-02  0.982403E-02  -332.967      -46.3542      -140.527       275.926       0.00000      -432.365       9.52302      0.718282       5.00000       4.00000       2.96587       0.00000       0.00000       0.00000       0.00000    
       92   92.0000       22.9281       22.2970       17.5846      0.117864      0.402155E-02  0.917355E-02  -297.094      -34.3919      -133.598       260.224       0.00000      -431.363       9.65087      0.718282       5.00000       4.00000       2.96688       0.00000       0.00000       0.00000       0.00000    
       93   93.0000       22.8103       22.2260       17.5880      0.750107E-01  0.255998E-02  0.670097E-02  -234.488      -20.3399      -84.3326       265.266       0.00000      -430.677       9.75081      0.718282       5.00000       4.00000       2.96763       0.00000       0.00000       0.00000       0.00000    
       94   94.0000       22.8595       22.2754       17.5881      0.153273      0.523044E-02  0.119910E-01  -300.750      -54.9838      -163.750       80.5014       0.00000      -430.964       9.76826      0.718282       5.00000       4.00000       2.96764       0.00000       0.00000       0.00000       0.00000    
       95   95.0000       22.3196       21.8778       17.5995      0.190659      0.651329E-02  0.125517E-01  -479.751      -92.6839      -235.573       275.228       0.00000      -427.828       10.0451      0.718282       5.00000       4.00000       2.97013       0.00000       0.00000       0.00000       0.00000    
       96   96.0000       21.8153       21.5082       17.6109      0.946260E-01  0.323587E-02  0.108698E-01  -314.839      -55.0318      -138.991       182.207       0.00000      -424.915       10.3752      0.718282       5.00000       4.00000       2.97262       0.00000       0.00000       0.00000       0.00000    
       97   97.0000       21.4964       21.2666       17.6181      0.135231      0.462736E-02  0.128852E-01  -320.118      -74.1305      -155.845       28.4772       0.00000      -423.080       10.5969      0.718282       5.00000       4.00000       2.97419       0.00000       0.00000       0.00000       0.00000    
       98   98.0000       20.8499       20.7418       17.6315      0.425317E-01  0.145723E-02  0.608774E-02  -182.112      -21.0953      -51.7370       199.515       0.00000      -419.379       11.0102      0.718282       5.00000       4.00000       2.97712       0.00000       0.00000       0.00000       0.00000    
       99   99.0000       20.8723       20.7675       17.6317      0.650730E-01  0.222945E-02  0.529092E-02  -181.084      -16.3653      -54.7686       212.451       0.00000      -419.507       11.0300      0.718282       5.00000       4.00000       2.97717       0.00000       0.00000       0.00000       0.00000    
      100   100.000       20.9241       20.8179       17.6314      0.102359      0.350653E-02  0.825254E-02  -267.958      -31.6866      -108.046       251.511       0.00000      -419.803       11.0316      0.718282       5.00000       4.00000       2.97709       0.00000       0.00000       0.00000       0.00000    
      101   101.000       20.8689       20.7833       17.6333      0.945873E-01  0.324066E-02  0.926808E-02  -202.424      -25.8586      -96.9129       122.178       0.00000      -419.488       11.1242      0.718282       5.00000       4.00000       2.97752       0.00000       0.00000       0.00000       0.00000    
      102   102.000       20.6877       20.6350       17.6374      0.101003      0.346172E-02  0.803377E-02  -147.675      -19.7192      -60.4651       100.292       0.00000      -418.455       11.2720      0.718282       5.00000       4.00000       2.97841       0.00000       0.00000       0.00000       0.00000    
      103   103.000       20.5797       20.5453       17.6399      0.806833E-01  0.276588E-02  0.208554E-02  -161.870      -11.8307      -45.0657       210.681       0.00000      -417.840       11.3616      0.718282       5.00000       4.00000       2.97895       0.00000       0.00000       0.00000       0.00000    
      104   104.000       20.6622       20.6268       17.6389      0.324762      0.111312E-01  0.129664E-01  -465.676      -85.4229      -257.132       219.570       0.00000      -418.309       11.3617      0.718282       5.00000       4.00000       2.97873       0.00000       0.00000       0.00000       0.00000    
      105   105.000       20.1831       20.1831       20.1831      0.144313      0.495105E-02  0.116183E-01  -406.018      -79.1181      -181.594       246.261       0.00000      -415.588       11.5500      0.500000       5.00000       4.00000       3.53439       0.00000       0.00000       0.00000       0.00000    
      106   106.000       19.8922       19.8922       19.8922      0.848586E-01  0.291299E-02  0.935608E-02  -304.289      -46.8009      -111.422       246.298       0.00000      -413.941       11.5500      0.500000       5.00000       4.00000       3.47085       0.00000       0.00000       0.00000       0.00000    
      107   107.000       19.7826       19.7826       19.7826      0.186197      0.639306E-02  0.130734E-01  -330.514      -78.0618      -173.559       17.0136       0.00000      -413.323       11.5500      0.500000       5.00000       4.00000       3.44693       0.00000       0.00000       0.00000       0.00000    
      108   108.000       19.2181       19.2181       19.2181      0.121946      0.419170E-02  0.829678E-02  -129.039      -18.4835      -52.1240       58.5782       0.00000      -410.146       11.5500      0.500000       5.00000       4.00000       3.32364       0.00000       0.00000       0.00000       0.00000    
      109   109.000       19.0867       19.0867       19.0867      0.215393      0.740569E-02  0.117392E-01  -406.467      -89.2673      -187.074       216.666       0.00000      -409.409       11.5500      0.500000       5.00000       4.00000       3.29493       0.00000       0.00000       0.00000       0.00000    
      110   110.000       18.7427       18.7427       18.7427      0.902806E-01  0.310615E-02  0.100667E-01  -232.244      -51.5961      -94.3399       100.602       0.00000      -407.484       11.5500      0.500000       5.00000       4.00000       3.21980       0.00000       0.00000       0.00000       0.00000    
      111   111.000       18.5024       18.5024       18.5024      0.262598      0.903910E-02  0.105157E-01  -281.268      -57.1663      -141.178       132.445       0.00000      -406.145       11.5500      0.500000       5.00000       4.00000       3.16734       0.00000       0.00000       0.00000       0.00000    
      112   112.000       18.2317       18.2317       18.2317      0.173900      0.598914E-02  0.104580E-01  -345.922      -69.4256      -149.295       216.278       0.00000      -404.639       11.5500      0.500000       5.00000       4.00000       3.10820       0.00000       0.00000       0.00000       0.00000    
      113   113.000       17.9952       17.9952       17.9952      0.132713      0.457279E-02  0.863846E-02  -172.068      -31.1764      -78.1764       89.7818       0.00000      -403.326       11.5500      0.500000       5.00000       4.00000       3.05655       0.00000       0.00000       0.00000       0.00000    
      114   114.000       17.8431       17.8431       17.8431      0.124854      0.430327E-02  0.560562E-02  -178.145      -15.2781      -63.5253       195.260       0.00000      -402.485       11.5500      0.500000       5.00000       4.00000       3.02334       0.00000       0.00000       0.00000       0.00000    
      115   115.000       17.8682       17.8682       17.8682      0.895703E-01  0.308702E-02  0.696972E-02  -122.825      -17.6977      -44.5446       88.8599       0.00000      -402.623       11.5500      0.500000       5.00000       4.00000       3.02881       0.00000       0.00000       0.00000       0.00000    
      116   116.000       17.8023       17.8023       17.8023      0.139709      0.481568E-02  0.838866E-02  -258.300      -36.9906      -103.669       211.957       0.00000      -402.258       11.5500      0.500000       5.00000       4.00000       3.01441       0.00000       0.00000       0.00000       0.00000    
      117   117.000       17.7143       17.7143       17.7143      0.537121E-01  0.185174E-02  0.592050E-02  -169.475      -17.2439      -49.6583       176.900       0.00000      -401.772       11.5500      0.500000       5.00000       4.00000       2.99520       0.00000       0.00000       0.00000       0.00000    
      118   118.000       17.7221       17.7221       17.7221      0.976886E-01  0.336778E-02  0.762566E-02  -135.023      -22.2437      -52.8074       81.6581       0.00000      -401.815       11.5500      0.500000       5.00000       4.00000       2.99691       0.00000       0.00000       0.00000       0.00000    
      119   119.000       17.6217       17.6217       17.6217      0.208328      0.718347E-02  0.103016E-01  -188.420      -43.8221      -84.9070       11.0679       0.00000      -401.261       11.5500      0.500000       5.00000       4.00000       2.97498       0.00000       0.00000       0.00000       0.00000    
      120   120.000       17.3005       17.3005       17.3005      0.289042      0.997288E-02  0.141584E-02  -50.0551       2.24110      -9.11483       64.7013       0.00000      -399.491       11.5500      0.500000       5.00000       4.00000       2.90483       0.00000       0.00000       0.00000       0.00000    
      121   121.000       17.3214       17.3214       17.3214      0.157115      0.542073E-02  0.788452E-02  -211.658      -29.2232      -85.3489       168.574       0.00000      -399.606       11.5500      0.500000       5.00000       4.00000       2.90939       0.00000       0.00000       0.00000       0.00000    
      122   122.000       17.2394       17.2394       17.2394      0.939759E-01  0.324286E-02  0.774738E-02  -211.496      -32.5011      -68.7479       173.251       0.00000      -399.155       11.5500      0.500000       5.00000       4.00000       2.89149       0.00000       0.00000       0.00000       0.00000    
      123   123.000       17.1661       17.1661       17.1661      0.138915      0.479428E-02  0.104651E-01  -353.059      -78.0897      -134.711       206.072       0.00000      -398.752       11.5500      0.500000       5.00000       4.00000       2.87548       0.00000       0.00000       0.00000       0.00000    
      124   124.000       16.8991       16.8991       16.8991      0.660208E-01  0.227972E-02  0.959762E-02  -305.832      -61.9014      -97.3986       198.608       0.00000      -397.287       11.5500      0.500000       5.00000       4.00000       2.81717       0.00000       0.00000       0.00000       0.00000    
      125   125.000       16.7031       16.7031       16.7031      0.925499E-01  0.319700E-02  0.900714E-02  -233.792      -45.6667      -86.7406       136.816       0.00000      -396.214       11.5500      0.500000       5.00000       4.00000       2.77435       0.00000       0.00000       0.00000       0.00000    
      126   126.000       16.5253       16.5253       16.5253      0.959894E-01  0.331696E-02  0.806277E-02  -215.329      -34.7869      -75.0453       158.592       0.00000      -395.243       11.5500      0.500000       5.00000       4.00000       2.73553       0.00000       0.00000       0.00000       0.00000    
      127   127.000       16.4194       16.4194       16.4194      0.111910      0.386792E-02  0.828624E-02  -159.044      -30.8863      -68.6280       73.5393       0.00000      -394.665       11.5500      0.500000       5.00000       4.00000       2.71239       0.00000       0.00000       0.00000       0.00000    
      128   128.000       16.2622       16.2622       16.2622      0.203459      0.703424E-02  0.794309E-02  -143.837      -25.8097      -67.6119       68.1533       0.00000      -393.809       11.5500      0.500000       5.00000       4.00000       2.67807       0.00000       0.00000       0.00000       0.00000    
      129   129.000       16.1226       16.1226       16.1226      0.253438      0.876458E-02  0.763558E-02  -121.070      -17.0309      -57.6665       50.5756       0.00000      -393.050       11.5500      0.500000       5.00000       4.00000       2.64758       0.00000       0.00000       0.00000       0.00000    
      130   130.000       15.9923       15.9923       15.9923      0.197703      0.683883E-02  0.819453E-02  -114.798      -19.8270      -47.1271       15.5878       0.00000      -392.342       11.5500      0.500000       5.00000       4.00000       2.61913       0.00000       0.00000       0.00000       0.00000    
      131   131.000       15.8110       15.8110       15.8110      0.724084E-01  0.250560E-02  0.666046E-02  -67.2251      -6.85228      -13.6448       14.5516       0.00000      -391.359       11.5500      0.500000       5.00000       4.00000       2.57951       0.00000       0.00000       0.00000       0.00000    
      132   132.000       15.7125       15.7125       15.7125      0.153048      0.529704E-02  0.535760E-02  -56.4043      -2.63018      -12.4671       35.2030       0.00000      -390.826       11.5500      0.500000       5.00000       4.00000       2.55802       0.00000       0.00000       0.00000       0.00000    
      133   133.000       15.6702       15.6702       15.6702      0.157380      0.544744E-02  0.853032E-02  -198.429      -38.7374      -85.2120       103.373       0.00000      -390.597       11.5500      0.500000       5.00000       4.00000       2.54878       0.00000       0.00000       0.00000       0.00000    
      134   134.000       15.4963       15.4963       15.4963      0.123621      0.428038E-02  0.810431E-02  -181.192      -34.6762      -71.4032       101.029       0.00000      -389.657       11.5500      0.500000       5.00000       4.00000       2.51080       0.00000       0.00000       0.00000       0.00000    
      135   135.000       15.3491       15.3491       15.3491      0.128099      0.443670E-02  0.723274E-02  -192.133      -28.0129      -63.8930       153.226       0.00000      -388.862       11.5500      0.500000       5.00000       4.00000       2.47863       0.00000       0.00000       0.00000       0.00000    
      136   136.000       15.2753       15.2753       15.2753      0.124678      0.431884E-02  0.819484E-02  -211.476      -39.0663      -76.7879       133.222       0.00000      -388.465       11.5500      0.500000       5.00000       4.00000       2.46252       0.00000       0.00000       0.00000       0.00000    
      137   137.000       15.1315       15.1315       15.1315      0.114656      0.397279E-02  0.860787E-02  -237.130      -47.7542      -82.3977       141.874       0.00000      -387.691       11.5500      0.500000       5.00000       4.00000       2.43112       0.00000       0.00000       0.00000       0.00000    
      138   138.000       14.9575       14.9575       14.9575      0.149076      0.516717E-02  0.930672E-02  -295.758      -58.7710      -113.587       170.807       0.00000      -386.755       11.5500      0.500000       5.00000       4.00000       2.39311       0.00000       0.00000       0.00000       0.00000    
      139   139.000       14.7306       14.7306       14.7306      0.121559      0.421525E-02  0.918235E-02  -185.672      -44.0926      -82.6077       31.2865       0.00000      -385.538       11.5500      0.500000       5.00000       4.00000       2.34356       0.00000       0.00000       0.00000       0.00000    
      140   140.000       14.4514       14.4514       14.4514      0.145414      0.504518E-02  0.727300E-02  -120.702      -22.0349      -51.4698       49.8661       0.00000      -384.045       11.5500      0.500000       5.00000       4.00000       2.28259       0.00000       0.00000       0.00000       0.00000    
      141   141.000       14.3212       14.3212       14.3212      0.134214      0.465777E-02  0.589593E-02  -108.309      -14.4004      -37.2701       83.2748       0.00000      -383.350       11.5500      0.500000       5.00000       4.00000       2.25415       0.00000       0.00000       0.00000       0.00000    
      142   142.000       14.2725       14.2725       14.2725      0.110255      0.382668E-02  0.262163E-02  -86.0270      -4.37998      -14.4280       107.142       0.00000      -383.091       11.5500      0.500000       5.00000       4.00000       2.24352       0.00000       0.00000       0.00000       0.00000    
      143   143.000       14.3061       14.3061       14.3061      0.290601      0.100854E-01  0.922793E-02  -232.528      -54.6029      -114.008       80.4754       0.00000      -383.270       11.5500      0.500000       5.00000       4.00000       2.25086       0.00000       0.00000       0.00000       0.00000    
      144   144.000       14.0313       14.0313       14.0313      0.143312      0.497632E-02  0.876450E-02  -257.627      -53.5304      -95.7892       139.943       0.00000      -381.806       11.5500      0.500000       5.00000       4.00000       2.19083       0.00000       0.00000       0.00000       0.00000    
      145   145.000       13.8177       13.8177       13.8177      0.888554E-01  0.308666E-02  0.761366E-02  -201.881      -36.5891      -59.3333       132.008       0.00000      -380.671       11.5500      0.500000       5.00000       4.00000       2.14419       0.00000       0.00000       0.00000       0.00000    
      146   146.000       13.6894       13.6894       13.6894      0.193299      0.671649E-02  0.106736E-01  -344.495      -105.955      -151.770       82.6061       0.00000      -379.991       11.5500      0.500000       5.00000       4.00000       2.11616       0.00000       0.00000       0.00000       0.00000    
      147   147.000       13.2192       13.2192       13.2192      0.175264      0.609540E-02  0.892660E-02  -238.883      -62.5169      -101.948       86.1602       0.00000      -377.505       11.5500      0.500000       5.00000       4.00000       2.01346       0.00000       0.00000       0.00000       0.00000    
      148   148.000       12.9435       12.9435       12.9435      0.109053      0.379471E-02  0.694233E-02  -192.074      -27.5414      -59.3285       141.288       0.00000      -376.054       11.5500      0.500000       5.00000       4.00000       1.95327       0.00000       0.00000       0.00000       0.00000    
      149   149.000       12.8495       12.8495       12.8495      0.128894      0.448590E-02  0.744836E-02  -159.251      -32.6544      -68.2004       71.3153       0.00000      -375.560       11.5500      0.500000       5.00000       4.00000       1.93274       0.00000       0.00000       0.00000       0.00000    
      150   150.000       12.6895       12.6895       12.6895      0.652289E-01  0.227087E-02  0.550128E-02  -101.350      -12.2272      -30.1082       76.2533       0.00000      -374.720       11.5500      0.500000       5.00000       4.00000       1.89778       0.00000       0.00000       0.00000       0.00000    
      151   151.000       12.6414       12.6414       12.6414      0.139664      0.486270E-02  0.779476E-02  -224.474      -35.1767      -87.8523       132.729       0.00000      -374.468       11.5500      0.500000       5.00000       4.00000       1.88727       0.00000       0.00000       0.00000       0.00000    
      152   152.000       12.4745       12.4745       12.4745      0.817572E-01  0.284747E-02  0.727180E-02  -196.952      -33.4465      -56.8336       124.390       0.00000      -373.594       11.5500      0.500000       5.00000       4.00000       1.85084       0.00000       0.00000       0.00000       0.00000    
      153   153.000       12.3420       12.3420       12.3420      0.149108      0.519452E-02  0.854673E-02  -242.490      -61.0258      -94.2984       97.6892       0.00000      -372.901       11.5500      0.500000       5.00000       4.00000       1.82188       0.00000       0.00000       0.00000       0.00000    
      154   154.000       12.0808       12.0808       12.0808      0.197538      0.688515E-02  0.791249E-02  -150.570      -40.1828      -66.0377       17.3096       0.00000      -371.538       11.5500      0.500000       5.00000       4.00000       1.76484       0.00000       0.00000       0.00000       0.00000    
      155   155.000       11.8403       11.8403       11.8403      0.232575      0.811013E-02   0.00000      -7.94451       16.6205       1.90392       30.8060       0.00000      -370.287       11.5500      0.500000       5.00000       4.00000       1.71232       0.00000       0.00000       0.00000       0.00000    
      156   156.000       11.8779       11.8779       11.8779      0.109074      0.380324E-02  0.853338E-02  -274.478      -60.4087      -87.3649       127.665       0.00000      -370.483       11.5500      0.500000       5.00000       4.00000       1.72054       0.00000       0.00000       0.00000       0.00000    
      157   157.000       11.6134       11.6134       11.6134      0.647084E-01  0.225744E-02  0.769628E-02  -238.317      -44.4058      -61.2991       136.021       0.00000      -369.109       11.5500      0.500000       5.00000       4.00000       1.66276       0.00000       0.00000       0.00000       0.00000    
      158   158.000       11.4281       11.4281       11.4281      0.173593      0.605818E-02  0.851043E-02  -284.270      -66.5646      -103.740       128.488       0.00000      -368.150       11.5500      0.500000       5.00000       4.00000       1.62231       0.00000       0.00000       0.00000       0.00000    
      159   159.000       11.1478       11.1478       11.1478      0.962690E-01  0.336148E-02  0.698543E-02  -195.495      -35.4152      -57.9846       115.784       0.00000      -366.701       11.5500      0.500000       5.00000       4.00000       1.56107       0.00000       0.00000       0.00000       0.00000    
      160   160.000       11.0030       11.0030       11.0030      0.149876      0.523478E-02  0.563072E-02  -74.1438      -9.72647      -30.4616       22.2752       0.00000      -365.954       11.5500      0.500000       5.00000       4.00000       1.52945       0.00000       0.00000       0.00000       0.00000    
      161   161.000       10.9079       10.9079       10.9079       0.00000      0.767330E-04   0.00000      -36.1532      0.195686E-01  0.472274E-02   61.5705       0.00000      -365.465       11.5500      0.500000       5.00000       4.00000       1.50867       0.00000       0.00000       0.00000       0.00000    
      162   162.000       10.9505       10.9504       10.9079      0.190920      0.666898E-02  0.811219E-02  -265.353      -58.5396      -100.228       121.012       0.00000      -365.684       11.4966      0.500000       5.00000       4.00000       1.50867       0.00000       0.00000       0.00000       0.00000    
      163   163.000       10.6906       10.6906       10.6906      0.121656      0.425166E-02  0.783963E-02  -207.287      -59.1556      -79.8203       60.1287       0.00000      -364.348       11.5500      0.500000       5.00000       4.00000       1.46123       0.00000       0.00000       0.00000       0.00000    
      164   164.000       10.4259       10.4259       10.4259      0.220576      0.771268E-02  0.904886E-02  -326.286      -104.221      -125.506       88.9954       0.00000      -362.991       11.5500      0.500000       5.00000       4.00000       1.40341       0.00000       0.00000       0.00000       0.00000    
      165   165.000       10.0007       10.0007       10.0007      0.690716E-01  0.241714E-02  0.778718E-02  -255.462      -58.3650      -71.0598       103.567       0.00000      -360.819       11.5500      0.500000       5.00000       4.00000       1.31056       0.00000       0.00000       0.00000       0.00000    
      166   166.000       9.72781       9.72781       9.72781      0.581774E-01  0.203697E-02  0.649776E-02  -150.539      -37.9270      -47.3977       56.6013       0.00000      -359.430       11.5500      0.500000       5.00000       4.00000       1.25095       0.00000       0.00000       0.00000       0.00000    
      167   167.000       9.55825       9.55825       9.55825      0.104942      0.367555E-02  0.639945E-02  -137.584      -43.1124      -48.0965       41.8857       0.00000      -358.569       11.5500      0.500000       5.00000       4.00000       1.21392       0.00000       0.00000       0.00000       0.00000    
      168   168.000       9.38563       9.38563       9.38563      0.417323      0.146214E-01  0.900994E-02  -324.210      -141.140      -127.768       26.6273       0.00000      -357.694       11.5500      0.500000       5.00000       4.00000       1.17622       0.00000       0.00000       0.00000       0.00000    
      169   169.000       8.85351       8.85351       8.85351      0.458345      0.160750E-01  0.915987E-02  -387.224      -177.468      -145.961       43.2512       0.00000      -355.006       11.5500      0.500000       5.00000       4.00000       1.06001       0.00000       0.00000       0.00000       0.00000    
      170   170.000       8.23896       8.23896       8.23896      0.213074      0.748174E-02  0.860881E-02  -426.998      -150.603      -130.318       118.291       0.00000      -351.922       11.5500      0.500000      0.367129       8.31895     -0.237910       0.00000       0.00000       0.00000       0.00000    
      171   171.000       7.68951       7.68951       7.68951      0.583208E-01  0.204999E-02  0.671241E-02  -273.238      -70.0250      -58.5445       117.688       0.00000      -349.181       11.5500      0.500000      0.196852       8.55706      -4.81254       0.00000       0.00000       0.00000       0.00000    
      172   172.000       7.42100       7.42100       7.42100      0.794344E-01  0.279358E-02  0.577372E-02  -167.570      -53.2906      -46.2181       54.7850       0.00000      -347.848       11.5500      0.500000      0.416575       8.24436      -2.15834       0.00000       0.00000       0.00000       0.00000    
      173   173.000       7.22394       7.22394       7.22394      0.312877      0.110075E-01  0.579217E-02  -145.045      -51.3952      -62.2799       13.7584       0.00000      -346.872       11.5500      0.500000      0.442050       8.20897      -2.43333       0.00000       0.00000       0.00000       0.00000    
      174   174.000       6.99444       6.99444       6.99444      0.242094      0.852101E-02  0.516152E-02  -116.455      -36.1727      -51.8494       18.3101       0.00000      -345.737       11.5500      0.500000      0.464024       8.17854      -2.78656       0.00000       0.00000       0.00000       0.00000    
      175   175.000       6.82459       6.82459       6.82459      0.104380      0.367506E-02  0.432189E-02  -103.980      -27.3016      -34.1233       52.5419       0.00000      -344.900       11.5500      0.500000      0.501705       8.12647      -2.83363       0.00000       0.00000       0.00000       0.00000    
      176   176.000       6.73801       6.73801       6.73801      0.733721E-01  0.258376E-02  0.366801E-02  -97.7685      -15.0420      -19.8693       75.1615       0.00000      -344.473       11.5500      0.500000      0.550466       8.05937      -2.62129       0.00000       0.00000       0.00000       0.00000    
      177   177.000       6.70239       6.70239       6.70239      0.157274      0.553868E-02  0.183393E-02  -29.7798       4.30041      -16.1502       32.2258       0.00000      -344.298       11.5500      0.500000      0.600418       7.99101      -2.34367       0.00000       0.00000       0.00000       0.00000    
      178   178.000       6.71091       6.71091       6.71091       0.00000      0.922608E-04   0.00000      -9.86039      0.622981E-01  0.385235E-01   42.2329       0.00000      -344.340       11.5500      0.500000      0.651525       7.92147      -2.02899       0.00000       0.00000       0.00000       0.00000    
      179   179.000       6.77296       6.77216       6.71091       0.00000      0.104691E-03   0.00000      -7.38488      0.634038E-01  0.465828E-01   21.6173       0.00000      -344.645       11.2546      0.500000      0.693470       7.86473      -1.81692       0.00000       0.00000       0.00000       0.00000    
      180   180.000       6.80276       6.80074       6.71091       0.00000      0.962404E-04   0.00000      -27.6722      0.713106E-01  0.674386E-01   62.2171       0.00000      -344.792       11.0428      0.500000      0.730504       7.81488      -1.65029       0.00000       0.00000       0.00000       0.00000    
      181   181.000       6.86953       6.86518       6.71091      0.166003      0.584422E-02  0.558776E-02  -219.839      -52.1803      -63.8377       101.499       0.00000      -345.121       10.9172      0.500000      0.763520       7.77063      -1.51564       0.00000       0.00000       0.00000       0.00000    
      182   182.000       6.65708       6.65708       6.65708      0.572281E-01  0.201557E-02  0.491459E-02  -161.852      -33.8821      -35.7226       81.2973       0.00000      -344.075       11.5500      0.500000      0.780052       7.74856      -1.52798       0.00000       0.00000       0.00000       0.00000    
      183   183.000       6.51630       6.51630       6.51630      0.105547      0.371835E-02  0.454593E-02  -99.9314      -29.0272      -36.6810       21.8799       0.00000      -343.383       11.5500      0.500000      0.774849       7.75549      -1.74641       0.00000       0.00000       0.00000       0.00000    
      184   184.000       6.38038       6.38038       6.38038      0.213724      0.753133E-02  0.452682E-02  -118.686      -32.0465      -57.2643       41.6505       0.00000      -342.716       11.5500      0.500000      0.775516       7.75460      -1.93503       0.00000       0.00000       0.00000       0.00000    
      185   185.000       6.24661       6.24661       6.24661      0.112923      0.398025E-02  0.437994E-02  -134.947      -29.7528      -40.0819       67.4879       0.00000      -342.060       11.5500      0.500000      0.779925       7.74872      -2.10317       0.00000       0.00000       0.00000       0.00000    
      186   186.000       6.13018       6.13018       6.13018      0.157266      0.554448E-02  0.292942E-02  -43.8042      -5.39301      -18.9122       22.9080       0.00000      -341.491       11.5500      0.500000      0.790589       7.73452      -2.21599       0.00000       0.00000       0.00000       0.00000    
      187   187.000       6.09690       6.09690       6.09690      0.331829      0.116995E-01  0.318739E-02  -68.4238     -0.352517      -43.3876       44.4732       0.00000      -341.328       11.5500      0.500000      0.820297       7.69498      -2.12740       0.00000       0.00000       0.00000       0.00000    
      188   188.000       6.05802       6.05802       6.05802      0.355606      0.125388E-01  0.614298E-02  -294.030      -116.536      -107.972       56.8391       0.00000      -341.138       11.5500      0.500000      0.846496       7.66024      -2.06691       0.00000       0.00000       0.00000       0.00000    
      189   189.000       5.63923       5.63923       5.63923      0.185962      0.656235E-02  0.581537E-02  -313.209      -113.870      -108.175       61.4323       0.00000      -339.096       11.5500      0.500000      0.787219       7.73860      -2.91217       0.00000       0.00000       0.00000       0.00000    
      190   190.000       5.19596       5.19596       5.19596      0.136445      0.481904E-02  0.511082E-02  -318.832      -97.8169      -85.9839       94.3854       0.00000      -336.944       11.5500      0.500000      0.746705       7.79253      -3.79729       0.00000       0.00000       0.00000       0.00000    
      191   191.000       4.80293       4.80293       4.80293      0.331975      0.117337E-01  0.493915E-02  -365.389      -155.364      -135.113       47.8059       0.00000      -335.045       11.5500      0.500000      0.733589       7.81007      -4.47635       0.00000       0.00000       0.00000       0.00000    
      192   192.000       4.24525       4.24525       4.24525      0.314317      0.111214E-01  0.339297E-02  -405.236      -147.366      -125.442       97.3246       0.00000      -332.364       11.5500      0.500000      0.706755       7.84601      -5.56351       0.00000       0.00000       0.00000       0.00000    
      193   193.000       3.70671       3.70671       3.70671      0.127416      0.451296E-02   0.00000      -276.149      -88.3347      -70.7085       82.9501       0.00000      -329.791       11.5500      0.500000      0.699768       7.85540      -6.47411       0.00000       0.00000       0.00000       0.00000    
      194   194.000       3.37411       3.37411       3.37411      0.334599      0.118588E-01   0.00000      -304.970      -152.764      -101.089       15.5507       0.00000      -328.209       11.5500      0.500000      0.727261       7.81843      -6.67325       0.00000       0.00000       0.00000       0.00000    
      195   195.000       2.87051       2.87051       2.87051      0.210462      0.746634E-02   0.00000      -261.427      -136.480      -77.0770       32.8827       0.00000      -325.824       11.5500      0.500000      0.734362       7.80891      -7.34343       0.00000       0.00000       0.00000       0.00000    
      196   196.000       2.47652       2.47652       2.47652      0.128255      0.455340E-02   0.00000      -244.656      -87.3373      -50.3718       82.2013       0.00000      -323.968       11.5500      0.500000      0.758034       7.77721      -7.63599       0.00000       0.00000       0.00000       0.00000    
      197   197.000       2.20075       2.20075       2.20075      0.161522      0.573750E-02   0.00000      -255.056      -106.462      -64.4810       64.5864       0.00000      -322.673       11.5500      0.500000      0.793693       7.72958      -7.60682       0.00000       0.00000       0.00000       0.00000    
      198   198.000       1.87504       1.87504       1.87504      0.886700E-01  0.315165E-02   0.00000      -216.171      -63.3547      -36.5526       87.5101       0.00000      -321.149       11.5500      0.500000      0.821200       7.69299      -7.73649       0.00000       0.00000       0.00000       0.00000    
      199   199.000       1.65555       1.65963       1.87504      0.155391      0.552547E-02   0.00000      -200.476      -92.5197      -52.7105       46.7474       0.00000      -320.125       11.1208      0.500000      0.880787       7.61400      -7.11518       0.00000       0.00000       0.00000       0.00000    
      200   200.000       1.31998       1.39849       1.87504      0.297514      0.105859E-01   0.00000      -187.599      -97.9055      -58.1960       17.8791       0.00000      -318.565       8.28297      0.500000      0.935216       7.54237      -6.61744       0.00000       0.00000       0.00000       0.00000    
      201   201.000       1.10798       1.10798       1.10798      0.338813      0.120603E-01   0.00000      -216.817      -105.326      -61.0869       50.6617       0.00000      -317.582       11.5500      0.500000      0.897103       7.59220      -7.89292       0.00000       0.00000       0.00000       0.00000    
      202   202.000      0.826087      0.826087      0.826087      0.107400      0.382506E-02   0.00000      -160.664      -52.1802      -32.6678       67.6228       0.00000      -316.278       11.5500      0.500000      0.923528       7.55749      -7.95936       0.00000       0.00000       0.00000       0.00000    
      203   203.000      0.674526      0.674526      0.674526      0.134468      0.479048E-02   0.00000      -218.215      -78.5269      -42.9231       79.8102       0.00000      -315.579       11.5500      0.500000      0.961829       7.50735      -7.75757       0.00000       0.00000       0.00000       0.00000    
      204   204.000      0.441806      0.441806      0.441806      0.170783      0.608692E-02   0.00000      -255.372      -119.516      -62.5317       59.0948       0.00000      -314.507       11.5500      0.500000      0.989022       7.47193      -7.76210       0.00000       0.00000       0.00000       0.00000    
      205   205.000      0.106025      0.106025      0.106025      0.206398      0.736100E-02   0.00000      -375.608      -165.691      -74.5306       96.5084       0.00000      -312.966       11.5500      0.500000       1.00426       7.45215      -7.98796       0.00000       0.00000       0.00000       0.00000    
      206   206.000       0.00000       0.00000       0.00000      0.134063      0.478219E-02   0.00000       0.00000      -126.757      -55.6267       99.9299       0.00000      -312.481       11.5500      0.500000       1.04299       7.40195      -7.74978       0.00000       0.00000       0.00000       0.00000    
      207   207.000       0.00000      0.191751      0.383502      0.142548      0.521828E-02   0.00000     -0.181292E-01  -7.78494      -1.60938       0.00000       0.00000      -255.624       0.00000      0.500000       1.12990       7.28988      -6.67475      0.938767E-01   0.00000      -13.3758      -13.3758    
      208   208.000       0.00000      0.203607      0.407214      0.947524E-01  0.339081E-02   0.00000     -0.192501E-01  -37.1037      -26.2529       0.00000       0.00000      -304.924       0.00000      0.500000       1.17472       7.23272      -6.34489      0.104090       0.00000      -1.66646      -1.66646    
      209   209.000       0.00000      0.214874      0.429747       0.00000      0.630841E-04   0.00000     -0.203153E-01  0.218471E-01  0.132204E-01   0.00000       0.00000      -290.517       0.00000      0.500000       1.21736       7.17867      -6.05395      0.128495       0.00000      -4.93176      -4.93176    
      210   210.000       0.00000      0.225620      0.451240      0.325104      0.115969E-01   0.00000     -0.213313E-01  -87.6763      -64.6154       0.00000       0.00000      -312.481       0.00000      0.500000       1.25808       7.12734      -5.79480      0.122527       0.00000       0.00000       0.00000    
      211   211.000       0.00000      0.235903      0.471806      0.385935      0.140535E-01   0.00000     -0.223035E-01  -82.1809      -28.1322       0.00000       0.00000      -266.456       0.00000      0.500000       1.29709       7.07844      -5.56203      0.163699       0.00000      -10.6667      -10.6667    
      212   212.000       0.00000      0.245770      0.491539      0.316354      0.115596E-01   0.00000     -0.232364E-01  -73.9914      -20.2432       0.00000       0.00000      -259.334       0.00000      0.500000       1.33457       7.03170      -5.35144      0.202041       0.00000      -12.4384      -12.4384    
      213   213.000       0.00000      0.255260      0.510519      0.200534      0.731907E-02   0.00000     -0.241336E-01  -34.5038      -12.3057       0.00000       0.00000      -261.704       0.00000      0.500000       1.37066       6.98692      -5.15972      0.233241       0.00000      -11.8448      -11.8448    
      214   214.000       0.00000      0.264406      0.528813      0.818240E-01  0.296697E-02   0.00000     -0.249984E-01  -18.5971      -9.11000       0.00000       0.00000      -275.414       0.00000      0.500000       1.40550       6.94392      -4.98421      0.253573       0.00000      -8.48781      -8.48781    
      215   215.000       0.00000      0.273239      0.546478      0.181187      0.652331E-02   0.00000     -0.258335E-01  -33.9770      -19.9304       0.00000       0.00000      -291.060       0.00000      0.500000       1.43918       6.90253      -4.82274      0.264526       0.00000      -4.80651      -4.80651    
