"",32.900
177.0000,0.0000E+000
178.0000,0.0000E+000
179.0000,0.0000E+000
180.0000,0.0000E+000
181.0000,0.0000E+000
182.0000,0.0000E+000
183.0000,0.0000E+000
184.0000,0.0000E+000
185.0000,0.0000E+000
186.0000,0.0000E+000
187.0000,0.0000E+000
188.0000,0.0000E+000
189.0000,0.0000E+000
190.0000,0.0000E+000
191.0000,0.0000E+000
192.0000,0.0000E+000
193.0000,0.0000E+000
194.0000,0.0000E+000
195.0000,0.0000E+000
196.0000,0.0000E+000
197.0000,0.0000E+000
198.0000,0.0000E+000
199.0000,0.0000E+000
200.0000,0.0000E+000
201.0000,0.0000E+000
202.0000,0.0000E+000
203.0000,0.0000E+000
204.0000,0.0000E+000
205.0000,0.0000E+000
206.0000,0.0000E+000
207.0000,0.0000E+000
208.0000,0.0000E+000
209.0000,0.0000E+000
210.0000,0.0000E+000
211.0000,0.0000E+000
212.0000,0.0000E+000
213.0000,0.0000E+000
214.0000,0.0000E+000
215.0000,0.0000E+000
216.0000,0.0000E+000
217.0000,0.0000E+000
218.0000,0.0000E+000
219.0000,0.0000E+000
220.0000,0.0000E+000
221.0000,0.0000E+000
222.0000,0.0000E+000
223.0000,0.0000E+000
224.0000,0.0000E+000
225.0000,0.0000E+000
226.0000,0.0000E+000
227.0000,0.0000E+000
228.0000,0.0000E+000
229.0000,0.0000E+000
230.0000,0.0000E+000
231.0000,0.0000E+000
232.0000,0.0000E+000
233.0000,0.0000E+000
234.0000,0.0000E+000
235.0000,0.0000E+000
236.0000,0.0000E+000
237.0000,0.0000E+000
238.0000,0.0000E+000
239.0000,0.0000E+000
240.0000,0.0000E+000
241.0000,0.0000E+000
242.0000,0.0000E+000
243.0000,0.0000E+000
244.0000,0.0000E+000
245.0000,0.0000E+000
246.0000,0.0000E+000
247.0000,0.0000E+000
248.0000,0.0000E+000
249.0000,0.0000E+000
250.0000,0.0000E+000
251.0000,0.0000E+000
252.0000,0.0000E+000
253.0000,0.0000E+000
254.0000,0.0000E+000
255.0000,0.0000E+000
256.0000,0.0000E+000
257.0000,0.0000E+000
258.0000,0.0000E+000
259.0000,0.0000E+000
260.0000,0.0000E+000
261.0000,0.0000E+000
262.0000,0.0000E+000
263.0000,0.0000E+000
264.0000,0.0000E+000
265.0000,0.0000E+000
266.0000,0.0000E+000
267.0000,0.0000E+000
268.0000,0.0000E+000
269.0000,0.0000E+000
270.0000,0.0000E+000
271.0000,0.0000E+000
272.0000,0.0000E+000
273.0000,0.0000E+000
274.0000,0.0000E+000
275.0000,0.0000E+000
276.0000,0.0000E+000
277.0000,0.0000E+000
278.0000,0.0000E+000
279.0000,0.0000E+000
280.0000,0.0000E+000
281.0000,0.0000E+000
282.0000,0.0000E+000
283.0000,0.0000E+000
284.0000,0.0000E+000
285.0000,0.0000E+000
286.0000,0.0000E+000
287.0000,0.0000E+000
288.0000,0.0000E+000
289.0000,0.0000E+000
290.0000,0.0000E+000
291.0000,0.0000E+000
292.0000,0.0000E+000
293.0000,0.0000E+000
294.0000,0.0000E+000
295.0000,0.0000E+000
296.0000,0.0000E+000
297.0000,0.0000E+000
298.0000,0.0000E+000
299.0000,0.0000E+000
300.0000,0.0000E+000
301.0000,0.0000E+000
302.0000,0.0000E+000
303.0000,0.0000E+000
304.0000,0.0000E+000
305.0000,0.0000E+000
306.0000,0.0000E+000
307.0000,0.0000E+000
308.0000,0.0000E+000
309.0000,0.0000E+000
310.0000,0.0000E+000
311.0000,0.0000E+000
312.0000,0.0000E+000
313.0000,0.0000E+000
314.0000,0.0000E+000
315.0000,0.0000E+000
316.0000,0.0000E+000
317.0000,0.0000E+000
318.0000,0.0000E+000
319.0000,0.0000E+000
320.0000,0.0000E+000
321.0000,0.0000E+000
322.0000,0.0000E+000
323.0000,0.0000E+000
324.0000,0.0000E+000
325.0000,0.0000E+000
326.0000,0.0000E+000
327.0000,0.0000E+000
328.0000,0.0000E+000
329.0000,0.0000E+000
330.0000,0.0000E+000
331.0000,0.0000E+000
332.0000,0.0000E+000
333.0000,0.0000E+000
334.0000,0.0000E+000
335.0000,0.0000E+000
336.0000,0.0000E+000
337.0000,0.0000E+000
338.0000,0.0000E+000
339.0000,0.0000E+000
340.0000,0.0000E+000
341.0000,0.0000E+000
342.0000,0.0000E+000
343.0000,0.0000E+000
344.0000,0.0000E+000
345.0000,0.0000E+000
346.0000,0.0000E+000
347.0000,0.0000E+000
348.0000,0.0000E+000
349.0000,0.0000E+000
350.0000,0.0000E+000
351.0000,0.0000E+000
352.0000,0.0000E+000
353.0000,0.0000E+000
354.0000,0.0000E+000
355.0000,0.0000E+000
356.0000,0.0000E+000
357.0000,0.0000E+000
358.0000,0.0000E+000
359.0000,0.0000E+000
360.0000,0.0000E+000
361.0000,0.0000E+000
362.0000,0.0000E+000
363.0000,0.0000E+000
364.0000,0.0000E+000
365.0000,2.0827E-002
366.0000,4.5215E-002
367.0000,6.1194E-002
368.0000,8.0973E-002
369.0000,1.0001E-001
370.0000,1.1216E-001
371.0000,1.3012E-001
372.0000,1.5033E-001
373.0000,1.6153E-001
374.0000,1.6725E-001
375.0000,1.7097E-001
376.0000,1.6473E-001
377.0000,1.5436E-001
378.0000,1.4272E-001
379.0000,1.4599E-001
380.0000,1.7445E-001
381.0000,1.9989E-001
382.0000,2.0627E-001
383.0000,2.0750E-001
384.0000,2.0728E-001
385.0000,1.9316E-001
386.0000,1.8939E-001
387.0000,2.0022E-001
388.0000,2.0927E-001
389.0000,2.1659E-001
390.0000,2.2438E-001
391.0000,2.3697E-001
392.0000,2.4607E-001
393.0000,2.4877E-001
394.0000,2.5007E-001
395.0000,2.5325E-001
396.0000,2.5900E-001
397.0000,2.6345E-001
398.0000,2.6281E-001
399.0000,2.5350E-001
400.0000,2.4040E-001
401.0000,2.3464E-001
402.0000,2.4213E-001
403.0000,2.5394E-001
404.0000,2.6871E-001
405.0000,2.8483E-001
406.0000,3.0065E-001
407.0000,3.1545E-001
408.0000,3.2956E-001
409.0000,3.3967E-001
410.0000,3.4320E-001
411.0000,3.3053E-001
412.0000,3.1587E-001
413.0000,3.1947E-001
414.0000,3.3641E-001
415.0000,3.5216E-001
416.0000,3.6247E-001
417.0000,3.6958E-001
418.0000,3.7473E-001
419.0000,3.7978E-001
420.0000,3.8840E-001
421.0000,4.0132E-001
422.0000,4.1770E-001
423.0000,4.3344E-001
424.0000,4.4596E-001
425.0000,4.5539E-001
426.0000,4.6413E-001
427.0000,4.7308E-001
428.0000,4.7976E-001
429.0000,4.8511E-001
430.0000,4.8963E-001
431.0000,4.9368E-001
432.0000,4.9596E-001
433.0000,4.8353E-001
434.0000,4.5783E-001
435.0000,4.3576E-001
436.0000,4.2254E-001
437.0000,3.9967E-001
438.0000,3.7955E-001
439.0000,3.8350E-001
440.0000,3.8929E-001
441.0000,3.9743E-001
442.0000,4.0661E-001
443.0000,4.1525E-001
444.0000,4.2269E-001
445.0000,4.2755E-001
446.0000,4.2945E-001
447.0000,4.1616E-001
448.0000,3.9885E-001
449.0000,3.9011E-001
450.0000,3.6417E-001
451.0000,3.3039E-001
452.0000,2.9724E-001
453.0000,2.6032E-001
454.0000,2.2027E-001
455.0000,1.7750E-001
456.0000,1.3760E-001
457.0000,1.0277E-001
458.0000,9.1832E-002
459.0000,8.3692E-002
460.0000,8.4445E-002
461.0000,7.0606E-002
462.0000,4.9944E-002
463.0000,1.6106E-002
464.0000,0.0000E+000
465.0000,0.0000E+000
466.0000,0.0000E+000
467.0000,0.0000E+000
468.0000,0.0000E+000
469.0000,0.0000E+000
470.0000,0.0000E+000
471.0000,0.0000E+000
472.0000,0.0000E+000
473.0000,0.0000E+000
474.0000,0.0000E+000
475.0000,0.0000E+000
476.0000,0.0000E+000
477.0000,0.0000E+000
478.0000,0.0000E+000
479.0000,0.0000E+000
480.0000,0.0000E+000
481.0000,0.0000E+000
482.0000,0.0000E+000
483.0000,0.0000E+000
484.0000,0.0000E+000
485.0000,0.0000E+000
486.0000,0.0000E+000
487.0000,0.0000E+000
488.0000,0.0000E+000
489.0000,0.0000E+000
490.0000,0.0000E+000
491.0000,0.0000E+000
492.0000,0.0000E+000
493.0000,0.0000E+000
494.0000,0.0000E+000
495.0000,0.0000E+000
496.0000,0.0000E+000
497.0000,0.0000E+000
498.0000,0.0000E+000
499.0000,0.0000E+000
500.0000,0.0000E+000
501.0000,0.0000E+000
502.0000,0.0000E+000
503.0000,0.0000E+000
504.0000,0.0000E+000
505.0000,0.0000E+000
506.0000,0.0000E+000
507.0000,0.0000E+000
508.0000,0.0000E+000
509.0000,0.0000E+000
510.0000,0.0000E+000
511.0000,0.0000E+000
512.0000,0.0000E+000
513.0000,0.0000E+000
514.0000,0.0000E+000
515.0000,0.0000E+000
516.0000,0.0000E+000
517.0000,0.0000E+000
518.0000,0.0000E+000
519.0000,0.0000E+000
520.0000,0.0000E+000
521.0000,0.0000E+000
522.0000,0.0000E+000
523.0000,0.0000E+000
524.0000,0.0000E+000
525.0000,0.0000E+000
526.0000,0.0000E+000
527.0000,0.0000E+000
528.0000,0.0000E+000
529.0000,0.0000E+000
530.0000,0.0000E+000
531.0000,0.0000E+000
532.0000,0.0000E+000
533.0000,0.0000E+000
534.0000,0.0000E+000
535.0000,0.0000E+000
536.0000,0.0000E+000
537.0000,0.0000E+000
538.0000,0.0000E+000
539.0000,0.0000E+000
540.0000,0.0000E+000
541.0000,0.0000E+000
542.0000,0.0000E+000
543.0000,0.0000E+000
544.0000,0.0000E+000
545.0000,0.0000E+000
546.0000,0.0000E+000
547.0000,0.0000E+000
548.0000,0.0000E+000
549.0000,0.0000E+000
550.0000,0.0000E+000
551.0000,0.0000E+000
552.0000,0.0000E+000
553.0000,0.0000E+000
554.0000,0.0000E+000
555.0000,0.0000E+000
556.0000,0.0000E+000
557.0000,0.0000E+000
558.0000,0.0000E+000
559.0000,0.0000E+000
560.0000,0.0000E+000
561.0000,0.0000E+000
562.0000,0.0000E+000
563.0000,0.0000E+000
564.0000,0.0000E+000
565.0000,0.0000E+000
566.0000,0.0000E+000
567.0000,0.0000E+000
568.0000,0.0000E+000
569.0000,0.0000E+000
570.0000,0.0000E+000
571.0000,0.0000E+000
572.0000,0.0000E+000
573.0000,0.0000E+000
574.0000,0.0000E+000
575.0000,0.0000E+000
576.0000,0.0000E+000
577.0000,0.0000E+000
578.0000,0.0000E+000
579.0000,0.0000E+000
580.0000,0.0000E+000
581.0000,0.0000E+000
582.0000,0.0000E+000
583.0000,0.0000E+000
584.0000,0.0000E+000
585.0000,0.0000E+000
586.0000,0.0000E+000
587.0000,0.0000E+000
588.0000,0.0000E+000
589.0000,0.0000E+000
590.0000,0.0000E+000
591.0000,0.0000E+000
592.0000,0.0000E+000
593.0000,0.0000E+000
594.0000,0.0000E+000
595.0000,0.0000E+000
596.0000,0.0000E+000
597.0000,0.0000E+000
598.0000,0.0000E+000
599.0000,0.0000E+000
600.0000,0.0000E+000
601.0000,0.0000E+000
602.0000,0.0000E+000
603.0000,0.0000E+000
604.0000,0.0000E+000
605.0000,0.0000E+000
606.0000,0.0000E+000
607.0000,0.0000E+000
608.0000,0.0000E+000
609.0000,0.0000E+000
610.0000,0.0000E+000
611.0000,0.0000E+000
612.0000,0.0000E+000
613.0000,0.0000E+000
614.0000,0.0000E+000
615.0000,0.0000E+000
616.0000,0.0000E+000
617.0000,0.0000E+000
618.0000,0.0000E+000
619.0000,0.0000E+000
620.0000,0.0000E+000
621.0000,0.0000E+000
622.0000,0.0000E+000
623.0000,0.0000E+000
624.0000,0.0000E+000
625.0000,0.0000E+000
626.0000,0.0000E+000
627.0000,0.0000E+000
628.0000,0.0000E+000
629.0000,0.0000E+000
630.0000,0.0000E+000
631.0000,0.0000E+000
632.0000,0.0000E+000
633.0000,0.0000E+000
634.0000,0.0000E+000
635.0000,0.0000E+000
636.0000,0.0000E+000
637.0000,0.0000E+000
638.0000,0.0000E+000
639.0000,0.0000E+000
640.0000,0.0000E+000
641.0000,0.0000E+000
642.0000,0.0000E+000
643.0000,0.0000E+000
644.0000,0.0000E+000
645.0000,0.0000E+000
646.0000,0.0000E+000
647.0000,0.0000E+000
648.0000,0.0000E+000
649.0000,0.0000E+000
650.0000,0.0000E+000
651.0000,0.0000E+000
652.0000,0.0000E+000
653.0000,0.0000E+000
654.0000,0.0000E+000
655.0000,0.0000E+000
656.0000,0.0000E+000
657.0000,0.0000E+000
658.0000,0.0000E+000
659.0000,0.0000E+000
660.0000,0.0000E+000
661.0000,0.0000E+000
662.0000,0.0000E+000
663.0000,0.0000E+000
664.0000,0.0000E+000
665.0000,0.0000E+000
666.0000,0.0000E+000
667.0000,0.0000E+000
668.0000,0.0000E+000
669.0000,0.0000E+000
670.0000,0.0000E+000
671.0000,0.0000E+000
672.0000,0.0000E+000
673.0000,0.0000E+000
674.0000,0.0000E+000
675.0000,0.0000E+000
676.0000,0.0000E+000
677.0000,0.0000E+000
678.0000,0.0000E+000
679.0000,0.0000E+000
680.0000,0.0000E+000
681.0000,0.0000E+000
682.0000,0.0000E+000
683.0000,0.0000E+000
684.0000,0.0000E+000
685.0000,0.0000E+000
686.0000,0.0000E+000
687.0000,0.0000E+000
688.0000,0.0000E+000
689.0000,0.0000E+000
690.0000,0.0000E+000
691.0000,0.0000E+000
692.0000,0.0000E+000
693.0000,0.0000E+000
694.0000,0.0000E+000
695.0000,0.0000E+000
696.0000,0.0000E+000
697.0000,0.0000E+000
698.0000,0.0000E+000
699.0000,0.0000E+000
700.0000,0.0000E+000
701.0000,0.0000E+000
702.0000,0.0000E+000
703.0000,0.0000E+000
704.0000,0.0000E+000
705.0000,0.0000E+000
706.0000,0.0000E+000
707.0000,0.0000E+000
708.0000,0.0000E+000
709.0000,0.0000E+000
710.0000,0.0000E+000
711.0000,0.0000E+000
712.0000,0.0000E+000
713.0000,0.0000E+000
714.0000,0.0000E+000
715.0000,0.0000E+000
716.0000,0.0000E+000
717.0000,0.0000E+000
718.0000,0.0000E+000
719.0000,0.0000E+000
720.0000,0.0000E+000
721.0000,0.0000E+000
722.0000,0.0000E+000
723.0000,0.0000E+000
724.0000,0.0000E+000
725.0000,0.0000E+000
726.0000,0.0000E+000
727.0000,0.0000E+000
728.0000,0.0000E+000
729.0000,0.0000E+000
730.0000,0.0000E+000
731.0000,0.0000E+000
732.0000,0.0000E+000
733.0000,0.0000E+000
734.0000,0.0000E+000
735.0000,0.0000E+000
736.0000,0.0000E+000
737.0000,0.0000E+000
738.0000,0.0000E+000
739.0000,0.0000E+000
740.0000,0.0000E+000
741.0000,0.0000E+000
742.0000,0.0000E+000
743.0000,0.0000E+000
744.0000,0.0000E+000
745.0000,0.0000E+000
746.0000,0.0000E+000
747.0000,0.0000E+000
748.0000,0.0000E+000
749.0000,0.0000E+000
750.0000,0.0000E+000
751.0000,0.0000E+000
752.0000,0.0000E+000
753.0000,0.0000E+000
754.0000,2.1871E-002
755.0000,8.4915E-002
756.0000,1.3643E-001
757.0000,1.6529E-001
758.0000,1.8716E-001
759.0000,2.1190E-001
760.0000,2.3401E-001
761.0000,2.5076E-001
762.0000,2.6179E-001
763.0000,2.7129E-001
764.0000,2.8650E-001
765.0000,3.0889E-001
766.0000,3.3166E-001
767.0000,3.5198E-001
768.0000,3.6979E-001
769.0000,3.8544E-001
770.0000,4.0021E-001
771.0000,4.1355E-001
772.0000,4.2476E-001
773.0000,4.3842E-001
774.0000,4.5402E-001
775.0000,4.6927E-001
776.0000,4.8476E-001
777.0000,4.9682E-001
778.0000,5.0551E-001
779.0000,5.1739E-001
780.0000,5.2787E-001
781.0000,5.3169E-001
782.0000,5.3532E-001
783.0000,5.4075E-001
784.0000,5.4918E-001
785.0000,5.5784E-001
786.0000,5.6375E-001
787.0000,5.6857E-001
788.0000,5.7259E-001
789.0000,5.7694E-001
790.0000,5.8013E-001
791.0000,5.8145E-001
792.0000,5.8331E-001
793.0000,5.8705E-001
794.0000,5.9693E-001
795.0000,6.1147E-001
796.0000,6.2427E-001
797.0000,6.3561E-001
798.0000,6.4192E-001
799.0000,6.2912E-001
800.0000,5.9676E-001
801.0000,5.6585E-001
802.0000,5.3506E-001
803.0000,5.1009E-001
804.0000,5.0763E-001
805.0000,5.1331E-001
806.0000,5.1993E-001
807.0000,5.2649E-001
808.0000,5.2999E-001
809.0000,5.3476E-001
810.0000,5.3179E-001
811.0000,4.9135E-001
812.0000,4.5170E-001
813.0000,4.3964E-001
814.0000,4.3130E-001
815.0000,4.1108E-001
816.0000,3.7815E-001
817.0000,3.4133E-001
818.0000,3.1427E-001
819.0000,2.6982E-001
820.0000,2.2578E-001
821.0000,1.9855E-001
822.0000,1.7969E-001
823.0000,1.6976E-001
824.0000,1.7187E-001
825.0000,1.7711E-001
826.0000,1.8439E-001
827.0000,1.9147E-001
828.0000,1.9571E-001
829.0000,1.9725E-001
830.0000,1.9856E-001
831.0000,1.9926E-001
832.0000,1.9945E-001
833.0000,1.7796E-001
834.0000,1.5977E-001
835.0000,1.4874E-001
836.0000,1.3391E-001
837.0000,1.2204E-001
838.0000,8.7391E-002
839.0000,2.9476E-002
840.0000,0.0000E+000
841.0000,0.0000E+000
842.0000,0.0000E+000
843.0000,0.0000E+000
844.0000,0.0000E+000
845.0000,0.0000E+000
846.0000,0.0000E+000
847.0000,0.0000E+000
848.0000,0.0000E+000
849.0000,0.0000E+000
850.0000,0.0000E+000
851.0000,0.0000E+000
852.0000,0.0000E+000
853.0000,0.0000E+000
854.0000,0.0000E+000
855.0000,0.0000E+000
856.0000,0.0000E+000
857.0000,0.0000E+000
858.0000,0.0000E+000
859.0000,0.0000E+000
860.0000,0.0000E+000
861.0000,0.0000E+000
862.0000,0.0000E+000
863.0000,0.0000E+000
864.0000,0.0000E+000
865.0000,0.0000E+000
866.0000,0.0000E+000
867.0000,0.0000E+000
868.0000,0.0000E+000
869.0000,0.0000E+000
870.0000,0.0000E+000
871.0000,0.0000E+000
872.0000,0.0000E+000
873.0000,0.0000E+000
874.0000,0.0000E+000
875.0000,0.0000E+000
876.0000,0.0000E+000
877.0000,0.0000E+000
878.0000,0.0000E+000
879.0000,0.0000E+000
880.0000,0.0000E+000
881.0000,0.0000E+000
882.0000,0.0000E+000
883.0000,0.0000E+000
884.0000,0.0000E+000
885.0000,0.0000E+000
886.0000,0.0000E+000
887.0000,0.0000E+000
888.0000,0.0000E+000
889.0000,0.0000E+000
890.0000,0.0000E+000
891.0000,0.0000E+000
892.0000,0.0000E+000
893.0000,0.0000E+000
894.0000,0.0000E+000
895.0000,0.0000E+000
896.0000,0.0000E+000
897.0000,0.0000E+000
898.0000,0.0000E+000
899.0000,0.0000E+000
900.0000,0.0000E+000
901.0000,0.0000E+000
902.0000,0.0000E+000
903.0000,0.0000E+000
904.0000,0.0000E+000
905.0000,0.0000E+000
906.0000,0.0000E+000
907.0000,0.0000E+000
908.0000,0.0000E+000
909.0000,0.0000E+000
910.0000,0.0000E+000
911.0000,0.0000E+000
912.0000,0.0000E+000
913.0000,0.0000E+000
914.0000,0.0000E+000
915.0000,0.0000E+000
916.0000,0.0000E+000
917.0000,0.0000E+000
918.0000,0.0000E+000
919.0000,0.0000E+000
920.0000,0.0000E+000
921.0000,0.0000E+000
922.0000,0.0000E+000
923.0000,0.0000E+000
924.0000,0.0000E+000
925.0000,0.0000E+000
926.0000,0.0000E+000
927.0000,0.0000E+000
928.0000,0.0000E+000
929.0000,0.0000E+000
930.0000,0.0000E+000
931.0000,0.0000E+000
932.0000,0.0000E+000
933.0000,0.0000E+000
934.0000,0.0000E+000
935.0000,0.0000E+000
936.0000,0.0000E+000
937.0000,0.0000E+000
938.0000,0.0000E+000
939.0000,0.0000E+000
940.0000,0.0000E+000
941.0000,0.0000E+000
942.0000,0.0000E+000
943.0000,0.0000E+000
944.0000,0.0000E+000
945.0000,0.0000E+000
946.0000,0.0000E+000
947.0000,0.0000E+000
948.0000,0.0000E+000
949.0000,0.0000E+000
950.0000,0.0000E+000
951.0000,0.0000E+000
952.0000,0.0000E+000
953.0000,0.0000E+000
954.0000,0.0000E+000
955.0000,0.0000E+000
956.0000,0.0000E+000
957.0000,0.0000E+000
958.0000,0.0000E+000
959.0000,0.0000E+000
960.0000,0.0000E+000
961.0000,0.0000E+000
962.0000,0.0000E+000
963.0000,0.0000E+000
964.0000,0.0000E+000
965.0000,0.0000E+000
966.0000,0.0000E+000
967.0000,0.0000E+000
968.0000,0.0000E+000
969.0000,0.0000E+000
970.0000,0.0000E+000
971.0000,0.0000E+000
972.0000,0.0000E+000
973.0000,0.0000E+000
974.0000,0.0000E+000
975.0000,0.0000E+000
976.0000,0.0000E+000
977.0000,0.0000E+000
978.0000,0.0000E+000
979.0000,0.0000E+000
980.0000,0.0000E+000
981.0000,0.0000E+000
982.0000,0.0000E+000
983.0000,0.0000E+000
984.0000,0.0000E+000
985.0000,0.0000E+000
986.0000,0.0000E+000
987.0000,0.0000E+000
988.0000,0.0000E+000
989.0000,0.0000E+000
990.0000,0.0000E+000
991.0000,0.0000E+000
992.0000,0.0000E+000
993.0000,0.0000E+000
994.0000,0.0000E+000
995.0000,0.0000E+000
996.0000,0.0000E+000
997.0000,0.0000E+000
998.0000,0.0000E+000
999.0000,0.0000E+000
1000.0000,0.0000E+000
1001.0000,0.0000E+000
1002.0000,0.0000E+000
1003.0000,0.0000E+000
1004.0000,0.0000E+000
1005.0000,0.0000E+000
1006.0000,0.0000E+000
1007.0000,0.0000E+000
1008.0000,0.0000E+000
1009.0000,0.0000E+000
1010.0000,0.0000E+000
1011.0000,0.0000E+000
1012.0000,0.0000E+000
1013.0000,0.0000E+000
1014.0000,0.0000E+000
1015.0000,0.0000E+000
1016.0000,0.0000E+000
1017.0000,0.0000E+000
1018.0000,0.0000E+000
1019.0000,0.0000E+000
1020.0000,0.0000E+000
1021.0000,0.0000E+000
1022.0000,0.0000E+000
1023.0000,0.0000E+000
1024.0000,0.0000E+000
1025.0000,0.0000E+000
1026.0000,0.0000E+000
1027.0000,0.0000E+000
1028.0000,0.0000E+000
1029.0000,0.0000E+000
1030.0000,0.0000E+000
1031.0000,0.0000E+000
1032.0000,0.0000E+000
1033.0000,0.0000E+000
1034.0000,0.0000E+000
1035.0000,0.0000E+000
1036.0000,0.0000E+000
1037.0000,0.0000E+000
1038.0000,0.0000E+000
1039.0000,0.0000E+000
1040.0000,0.0000E+000
1041.0000,0.0000E+000
1042.0000,0.0000E+000
1043.0000,0.0000E+000
1044.0000,0.0000E+000
1045.0000,0.0000E+000
1046.0000,0.0000E+000
1047.0000,0.0000E+000
1048.0000,0.0000E+000
1049.0000,0.0000E+000
1050.0000,0.0000E+000
1051.0000,0.0000E+000
1052.0000,0.0000E+000
1053.0000,0.0000E+000
1054.0000,0.0000E+000
1055.0000,0.0000E+000
1056.0000,0.0000E+000
1057.0000,0.0000E+000
1058.0000,0.0000E+000
1059.0000,0.0000E+000
1060.0000,0.0000E+000
1061.0000,0.0000E+000
1062.0000,0.0000E+000
1063.0000,0.0000E+000
1064.0000,0.0000E+000
1065.0000,0.0000E+000
1066.0000,0.0000E+000
1067.0000,0.0000E+000
1068.0000,0.0000E+000
1069.0000,0.0000E+000
1070.0000,0.0000E+000
1071.0000,0.0000E+000
1072.0000,0.0000E+000
1073.0000,0.0000E+000
1074.0000,0.0000E+000
1075.0000,0.0000E+000
1076.0000,0.0000E+000
1077.0000,0.0000E+000
1078.0000,0.0000E+000
1079.0000,0.0000E+000
1080.0000,0.0000E+000
1081.0000,0.0000E+000
1082.0000,0.0000E+000
1083.0000,0.0000E+000
1084.0000,0.0000E+000
1085.0000,0.0000E+000
1086.0000,0.0000E+000
1087.0000,0.0000E+000
1088.0000,0.0000E+000
1089.0000,0.0000E+000
1090.0000,0.0000E+000
1091.0000,0.0000E+000
1092.0000,0.0000E+000
1093.0000,0.0000E+000
1094.0000,0.0000E+000
1095.0000,0.0000E+000
1096.0000,2.6526E-002
1097.0000,8.2460E-002
1098.0000,1.3529E-001
1099.0000,1.6488E-001
1100.0000,1.7566E-001
1101.0000,1.7354E-001
1102.0000,1.6251E-001
1103.0000,1.4630E-001
1104.0000,1.4001E-001
1105.0000,1.4280E-001
1106.0000,1.4362E-001
1107.0000,1.5009E-001
1108.0000,1.6215E-001
1109.0000,1.7533E-001
1110.0000,1.9117E-001
1111.0000,2.0840E-001
1112.0000,2.2043E-001
1113.0000,2.3111E-001
1114.0000,2.4686E-001
1115.0000,2.6771E-001
1116.0000,2.8766E-001
1117.0000,3.0066E-001
1118.0000,3.1312E-001
1119.0000,3.2956E-001
1120.0000,3.4438E-001
1121.0000,3.5528E-001
1122.0000,3.6528E-001
1123.0000,3.7444E-001
1124.0000,3.8004E-001
1125.0000,3.8723E-001
1126.0000,3.9681E-001
1127.0000,4.0139E-001
1128.0000,4.0413E-001
1129.0000,4.0883E-001
1130.0000,4.1240E-001
1131.0000,4.1418E-001
1132.0000,4.1786E-001
1133.0000,4.2421E-001
1134.0000,4.3215E-001
1135.0000,4.3845E-001
1136.0000,4.4927E-001
1137.0000,4.6541E-001
1138.0000,4.7480E-001
1139.0000,4.8002E-001
1140.0000,4.8525E-001
1141.0000,4.9294E-001
1142.0000,5.0236E-001
1143.0000,5.0009E-001
1144.0000,4.9381E-001
1145.0000,5.0033E-001
1146.0000,5.1065E-001
1147.0000,5.2060E-001
1148.0000,5.2901E-001
1149.0000,5.3621E-001
1150.0000,5.4146E-001
1151.0000,5.4542E-001
1152.0000,5.4922E-001
1153.0000,5.5671E-001
1154.0000,5.6920E-001
1155.0000,5.7844E-001
1156.0000,5.8367E-001
1157.0000,5.8787E-001
1158.0000,5.8583E-001
1159.0000,5.8083E-001
1160.0000,5.8077E-001
1161.0000,5.8308E-001
1162.0000,5.8418E-001
1163.0000,5.8535E-001
1164.0000,5.8999E-001
1165.0000,5.9620E-001
1166.0000,6.0005E-001
1167.0000,6.0358E-001
1168.0000,6.0589E-001
1169.0000,6.0619E-001
1170.0000,6.0690E-001
1171.0000,6.0911E-001
1172.0000,6.1232E-001
1173.0000,6.1499E-001
1174.0000,6.1467E-001
1175.0000,6.1629E-001
1176.0000,6.2105E-001
1177.0000,6.2586E-001
1178.0000,6.3014E-001
1179.0000,6.3390E-001
1180.0000,6.3318E-001
1181.0000,6.2338E-001
1182.0000,6.2421E-001
1183.0000,6.2717E-001
1184.0000,6.3122E-001
1185.0000,6.3426E-001
1186.0000,6.1645E-001
1187.0000,5.7819E-001
1188.0000,5.5364E-001
1189.0000,5.5369E-001
1190.0000,5.4008E-001
1191.0000,5.0931E-001
1192.0000,4.7131E-001
1193.0000,4.2598E-001
1194.0000,3.8735E-001
1195.0000,3.4475E-001
1196.0000,3.1253E-001
1197.0000,2.8583E-001
1198.0000,2.4988E-001
1199.0000,2.1814E-001
1200.0000,1.8625E-001
1201.0000,1.4441E-001
1202.0000,9.6859E-002
1203.0000,5.2164E-002
1204.0000,8.0731E-003
1205.0000,0.0000E+000
1206.0000,0.0000E+000
1207.0000,0.0000E+000
1208.0000,0.0000E+000
1209.0000,0.0000E+000
1210.0000,0.0000E+000
1211.0000,0.0000E+000
1212.0000,0.0000E+000
1213.0000,0.0000E+000
1214.0000,0.0000E+000
1215.0000,0.0000E+000
1216.0000,0.0000E+000
1217.0000,0.0000E+000
1218.0000,0.0000E+000
1219.0000,0.0000E+000
1220.0000,0.0000E+000
1221.0000,0.0000E+000
1222.0000,0.0000E+000
1223.0000,0.0000E+000
1224.0000,0.0000E+000
1225.0000,0.0000E+000
1226.0000,0.0000E+000
1227.0000,0.0000E+000
1228.0000,0.0000E+000
1229.0000,0.0000E+000
1230.0000,0.0000E+000
1231.0000,0.0000E+000
1232.0000,0.0000E+000
1233.0000,0.0000E+000
1234.0000,0.0000E+000
1235.0000,0.0000E+000
1236.0000,0.0000E+000
1237.0000,0.0000E+000
1238.0000,0.0000E+000
1239.0000,0.0000E+000
1240.0000,0.0000E+000
1241.0000,0.0000E+000
1242.0000,0.0000E+000
1243.0000,0.0000E+000
1244.0000,0.0000E+000
1245.0000,0.0000E+000
1246.0000,0.0000E+000
1247.0000,0.0000E+000
1248.0000,0.0000E+000
1249.0000,0.0000E+000
1250.0000,0.0000E+000
1251.0000,0.0000E+000
1252.0000,0.0000E+000
1253.0000,0.0000E+000
1254.0000,0.0000E+000
1255.0000,0.0000E+000
1256.0000,0.0000E+000
1257.0000,0.0000E+000
1258.0000,0.0000E+000
1259.0000,0.0000E+000
1260.0000,0.0000E+000
1261.0000,0.0000E+000
1262.0000,0.0000E+000
1263.0000,0.0000E+000
1264.0000,0.0000E+000
1265.0000,0.0000E+000
1266.0000,0.0000E+000
1267.0000,0.0000E+000
1268.0000,0.0000E+000
1269.0000,0.0000E+000
1270.0000,0.0000E+000
1271.0000,0.0000E+000
1272.0000,0.0000E+000
1273.0000,0.0000E+000
1274.0000,0.0000E+000
1275.0000,0.0000E+000
1276.0000,0.0000E+000
1277.0000,0.0000E+000
1278.0000,0.0000E+000
1279.0000,0.0000E+000
1280.0000,0.0000E+000
1281.0000,0.0000E+000
1282.0000,0.0000E+000
1283.0000,0.0000E+000
1284.0000,0.0000E+000
1285.0000,0.0000E+000
1286.0000,0.0000E+000
1287.0000,0.0000E+000
1288.0000,0.0000E+000
1289.0000,0.0000E+000
1290.0000,0.0000E+000
1291.0000,0.0000E+000
1292.0000,0.0000E+000
1293.0000,0.0000E+000
1294.0000,0.0000E+000
1295.0000,0.0000E+000
1296.0000,0.0000E+000
1297.0000,0.0000E+000
1298.0000,0.0000E+000
1299.0000,0.0000E+000
1300.0000,0.0000E+000
1301.0000,0.0000E+000
1302.0000,0.0000E+000
1303.0000,0.0000E+000
1304.0000,0.0000E+000
1305.0000,0.0000E+000
1306.0000,0.0000E+000
1307.0000,0.0000E+000
1308.0000,0.0000E+000
1309.0000,0.0000E+000
1310.0000,0.0000E+000
1311.0000,0.0000E+000
1312.0000,0.0000E+000
1313.0000,0.0000E+000
1314.0000,0.0000E+000
1315.0000,0.0000E+000
1316.0000,0.0000E+000
1317.0000,0.0000E+000
1318.0000,0.0000E+000
1319.0000,0.0000E+000
1320.0000,0.0000E+000
1321.0000,0.0000E+000
1322.0000,0.0000E+000
1323.0000,0.0000E+000
1324.0000,0.0000E+000
1325.0000,0.0000E+000
1326.0000,0.0000E+000
1327.0000,0.0000E+000
1328.0000,0.0000E+000
1329.0000,0.0000E+000
1330.0000,0.0000E+000
1331.0000,0.0000E+000
1332.0000,0.0000E+000
1333.0000,0.0000E+000
1334.0000,0.0000E+000
1335.0000,0.0000E+000
1336.0000,0.0000E+000
1337.0000,0.0000E+000
1338.0000,0.0000E+000
1339.0000,0.0000E+000
1340.0000,0.0000E+000
1341.0000,0.0000E+000
1342.0000,0.0000E+000
1343.0000,0.0000E+000
1344.0000,0.0000E+000
1345.0000,0.0000E+000
1346.0000,0.0000E+000
1347.0000,0.0000E+000
1348.0000,0.0000E+000
1349.0000,0.0000E+000
1350.0000,0.0000E+000
1351.0000,0.0000E+000
1352.0000,0.0000E+000
1353.0000,0.0000E+000
1354.0000,0.0000E+000
1355.0000,0.0000E+000
1356.0000,0.0000E+000
1357.0000,0.0000E+000
1358.0000,0.0000E+000
1359.0000,0.0000E+000
1360.0000,0.0000E+000
1361.0000,0.0000E+000
1362.0000,0.0000E+000
1363.0000,0.0000E+000
1364.0000,0.0000E+000
1365.0000,0.0000E+000
1366.0000,0.0000E+000
1367.0000,0.0000E+000
1368.0000,0.0000E+000
1369.0000,0.0000E+000
1370.0000,0.0000E+000
1371.0000,0.0000E+000
1372.0000,0.0000E+000
1373.0000,0.0000E+000
1374.0000,0.0000E+000
1375.0000,0.0000E+000
1376.0000,0.0000E+000
1377.0000,0.0000E+000
1378.0000,0.0000E+000
1379.0000,0.0000E+000
1380.0000,0.0000E+000
1381.0000,0.0000E+000
1382.0000,0.0000E+000
1383.0000,0.0000E+000
1384.0000,0.0000E+000
1385.0000,0.0000E+000
1386.0000,0.0000E+000
1387.0000,0.0000E+000
1388.0000,0.0000E+000
1389.0000,0.0000E+000
1390.0000,0.0000E+000
1391.0000,0.0000E+000
1392.0000,0.0000E+000
1393.0000,0.0000E+000
1394.0000,0.0000E+000
1395.0000,0.0000E+000
1396.0000,0.0000E+000
1397.0000,0.0000E+000
1398.0000,0.0000E+000
1399.0000,0.0000E+000
1400.0000,0.0000E+000
1401.0000,0.0000E+000
1402.0000,0.0000E+000
1403.0000,0.0000E+000
1404.0000,0.0000E+000
1405.0000,0.0000E+000
1406.0000,0.0000E+000
1407.0000,0.0000E+000
1408.0000,0.0000E+000
1409.0000,0.0000E+000
1410.0000,0.0000E+000
1411.0000,0.0000E+000
1412.0000,0.0000E+000
1413.0000,0.0000E+000
1414.0000,0.0000E+000
1415.0000,0.0000E+000
1416.0000,0.0000E+000
1417.0000,0.0000E+000
1418.0000,0.0000E+000
1419.0000,0.0000E+000
1420.0000,0.0000E+000
1421.0000,0.0000E+000
1422.0000,0.0000E+000
1423.0000,0.0000E+000
1424.0000,0.0000E+000
1425.0000,0.0000E+000
1426.0000,0.0000E+000
1427.0000,0.0000E+000
1428.0000,0.0000E+000
1429.0000,0.0000E+000
1430.0000,0.0000E+000
1431.0000,0.0000E+000
1432.0000,0.0000E+000
1433.0000,0.0000E+000
1434.0000,0.0000E+000
1435.0000,0.0000E+000
1436.0000,0.0000E+000
1437.0000,0.0000E+000
1438.0000,0.0000E+000
1439.0000,0.0000E+000
1440.0000,0.0000E+000
1441.0000,0.0000E+000
1442.0000,0.0000E+000
1443.0000,0.0000E+000
1444.0000,0.0000E+000
1445.0000,0.0000E+000
1446.0000,0.0000E+000
1447.0000,0.0000E+000
1448.0000,0.0000E+000
1449.0000,0.0000E+000
1450.0000,0.0000E+000
1451.0000,0.0000E+000
1452.0000,0.0000E+000
1453.0000,0.0000E+000
1454.0000,0.0000E+000
1455.0000,0.0000E+000
1456.0000,0.0000E+000
1457.0000,0.0000E+000
1458.0000,0.0000E+000
1459.0000,0.0000E+000
1460.0000,0.0000E+000
1461.0000,0.0000E+000
1462.0000,5.9484E-002
1463.0000,9.3696E-002
1464.0000,1.2206E-001
1465.0000,1.4396E-001
1466.0000,1.5962E-001
1467.0000,1.7536E-001
1468.0000,1.8736E-001
1469.0000,2.0446E-001
1470.0000,2.2817E-001
1471.0000,2.4940E-001
1472.0000,2.6998E-001
1473.0000,2.8972E-001
1474.0000,3.0744E-001
1475.0000,3.3017E-001
1476.0000,3.5847E-001
1477.0000,3.8492E-001
1478.0000,4.0428E-001
1479.0000,4.1723E-001
1480.0000,4.2979E-001
1481.0000,4.4523E-001
1482.0000,4.5907E-001
1483.0000,4.6838E-001
1484.0000,4.7544E-001
1485.0000,4.8831E-001
1486.0000,5.0474E-001
1487.0000,5.1834E-001
1488.0000,5.3032E-001
1489.0000,5.3909E-001
1490.0000,5.4694E-001
1491.0000,5.5667E-001
1492.0000,5.6582E-001
1493.0000,5.7128E-001
1494.0000,5.7517E-001
1495.0000,5.8323E-001
1496.0000,5.9635E-001
1497.0000,6.1023E-001
1498.0000,6.2052E-001
1499.0000,6.1937E-001
1500.0000,6.1511E-001
1501.0000,6.2084E-001
1502.0000,6.2147E-001
1503.0000,6.0823E-001
1504.0000,6.0587E-001
1505.0000,6.1150E-001
1506.0000,6.1824E-001
1507.0000,6.2493E-001
1508.0000,6.3147E-001
1509.0000,6.3728E-001
1510.0000,6.4039E-001
1511.0000,6.4445E-001
1512.0000,6.5084E-001
1513.0000,6.5546E-001
1514.0000,6.5974E-001
1515.0000,6.6657E-001
1516.0000,6.7413E-001
1517.0000,6.7857E-001
1518.0000,6.7342E-001
1519.0000,6.6431E-001
1520.0000,6.6787E-001
1521.0000,6.7453E-001
1522.0000,6.8299E-001
1523.0000,6.9192E-001
1524.0000,6.9858E-001
1525.0000,6.9996E-001
1526.0000,6.7523E-001
1527.0000,6.3825E-001
1528.0000,6.2403E-001
1529.0000,6.2590E-001
1530.0000,6.2442E-001
1531.0000,6.2495E-001
1532.0000,6.3061E-001
1533.0000,6.3553E-001
1534.0000,6.3222E-001
1535.0000,6.1669E-001
1536.0000,6.0307E-001
1537.0000,5.7874E-001
1538.0000,5.5495E-001
1539.0000,5.4108E-001
1540.0000,5.4419E-001
1541.0000,5.4650E-001
1542.0000,5.5025E-001
1543.0000,5.5537E-001
1544.0000,5.5795E-001
1545.0000,5.5489E-001
1546.0000,5.2793E-001
1547.0000,4.9057E-001
1548.0000,4.6983E-001
1549.0000,4.6286E-001
1550.0000,4.3948E-001
1551.0000,4.1015E-001
1552.0000,3.7839E-001
1553.0000,3.5103E-001
1554.0000,3.3541E-001
1555.0000,3.1074E-001
1556.0000,2.8448E-001
1557.0000,2.6497E-001
1558.0000,2.4939E-001
1559.0000,2.2674E-001
1560.0000,1.8528E-001
1561.0000,1.4900E-001
1562.0000,1.2042E-001
1563.0000,1.2160E-001
1564.0000,8.8855E-002
1565.0000,3.8319E-002
1566.0000,0.0000E+000
1567.0000,0.0000E+000
1568.0000,0.0000E+000
1569.0000,0.0000E+000
1570.0000,0.0000E+000
1571.0000,0.0000E+000
1572.0000,0.0000E+000
1573.0000,0.0000E+000
1574.0000,0.0000E+000
1575.0000,0.0000E+000
1576.0000,0.0000E+000
1577.0000,0.0000E+000
1578.0000,0.0000E+000
1579.0000,0.0000E+000
1580.0000,0.0000E+000
1581.0000,0.0000E+000
1582.0000,0.0000E+000
1583.0000,0.0000E+000
1584.0000,0.0000E+000
1585.0000,0.0000E+000
1586.0000,0.0000E+000
1587.0000,0.0000E+000
1588.0000,0.0000E+000
1589.0000,0.0000E+000
1590.0000,0.0000E+000
1591.0000,0.0000E+000
1592.0000,0.0000E+000
1593.0000,0.0000E+000
1594.0000,0.0000E+000
1595.0000,0.0000E+000
1596.0000,0.0000E+000
1597.0000,0.0000E+000
1598.0000,0.0000E+000
1599.0000,0.0000E+000
1600.0000,0.0000E+000
1601.0000,0.0000E+000
1602.0000,0.0000E+000
1603.0000,0.0000E+000
1604.0000,0.0000E+000
1605.0000,0.0000E+000
1606.0000,0.0000E+000
1607.0000,0.0000E+000
1608.0000,0.0000E+000
1609.0000,0.0000E+000
1610.0000,0.0000E+000
1611.0000,0.0000E+000
1612.0000,0.0000E+000
1613.0000,0.0000E+000
1614.0000,0.0000E+000
1615.0000,0.0000E+000
1616.0000,0.0000E+000
1617.0000,0.0000E+000
1618.0000,0.0000E+000
1619.0000,0.0000E+000
1620.0000,0.0000E+000
1621.0000,0.0000E+000
1622.0000,0.0000E+000
1623.0000,0.0000E+000
1624.0000,0.0000E+000
1625.0000,0.0000E+000
1626.0000,0.0000E+000
1627.0000,0.0000E+000
1628.0000,0.0000E+000
1629.0000,0.0000E+000
1630.0000,0.0000E+000
1631.0000,0.0000E+000
1632.0000,0.0000E+000
1633.0000,0.0000E+000
1634.0000,0.0000E+000
1635.0000,0.0000E+000
1636.0000,0.0000E+000
1637.0000,0.0000E+000
1638.0000,0.0000E+000
1639.0000,0.0000E+000
1640.0000,0.0000E+000
1641.0000,0.0000E+000
1642.0000,0.0000E+000
1643.0000,0.0000E+000
1644.0000,0.0000E+000
1645.0000,0.0000E+000
1646.0000,0.0000E+000
1647.0000,0.0000E+000
1648.0000,0.0000E+000
1649.0000,0.0000E+000
1650.0000,0.0000E+000
1651.0000,0.0000E+000
1652.0000,0.0000E+000
1653.0000,0.0000E+000
1654.0000,0.0000E+000
1655.0000,0.0000E+000
1656.0000,0.0000E+000
1657.0000,0.0000E+000
1658.0000,0.0000E+000
1659.0000,0.0000E+000
1660.0000,0.0000E+000
1661.0000,0.0000E+000
1662.0000,0.0000E+000
1663.0000,0.0000E+000
1664.0000,0.0000E+000
1665.0000,0.0000E+000
1666.0000,0.0000E+000
1667.0000,0.0000E+000
1668.0000,0.0000E+000
1669.0000,0.0000E+000
1670.0000,0.0000E+000
1671.0000,0.0000E+000
1672.0000,0.0000E+000
1673.0000,0.0000E+000
1674.0000,0.0000E+000
1675.0000,0.0000E+000
1676.0000,0.0000E+000
1677.0000,0.0000E+000
1678.0000,0.0000E+000
1679.0000,0.0000E+000
1680.0000,0.0000E+000
1681.0000,0.0000E+000
1682.0000,0.0000E+000
1683.0000,0.0000E+000
1684.0000,0.0000E+000
1685.0000,0.0000E+000
1686.0000,0.0000E+000
1687.0000,0.0000E+000
1688.0000,0.0000E+000
1689.0000,0.0000E+000
1690.0000,0.0000E+000
1691.0000,0.0000E+000
1692.0000,0.0000E+000
1693.0000,0.0000E+000
1694.0000,0.0000E+000
1695.0000,0.0000E+000
1696.0000,0.0000E+000
1697.0000,0.0000E+000
1698.0000,0.0000E+000
1699.0000,0.0000E+000
1700.0000,0.0000E+000
1701.0000,0.0000E+000
1702.0000,0.0000E+000
1703.0000,0.0000E+000
1704.0000,0.0000E+000
1705.0000,0.0000E+000
1706.0000,0.0000E+000
1707.0000,0.0000E+000
1708.0000,0.0000E+000
1709.0000,0.0000E+000
1710.0000,0.0000E+000
1711.0000,0.0000E+000
1712.0000,0.0000E+000
1713.0000,0.0000E+000
1714.0000,0.0000E+000
1715.0000,0.0000E+000
1716.0000,0.0000E+000
1717.0000,0.0000E+000
1718.0000,0.0000E+000
1719.0000,0.0000E+000
1720.0000,0.0000E+000
1721.0000,0.0000E+000
1722.0000,0.0000E+000
1723.0000,0.0000E+000
1724.0000,0.0000E+000
1725.0000,0.0000E+000
1726.0000,0.0000E+000
1727.0000,0.0000E+000
1728.0000,0.0000E+000
1729.0000,0.0000E+000
1730.0000,0.0000E+000
1731.0000,0.0000E+000
1732.0000,0.0000E+000
1733.0000,0.0000E+000
1734.0000,0.0000E+000
1735.0000,0.0000E+000
1736.0000,0.0000E+000
1737.0000,0.0000E+000
1738.0000,0.0000E+000
1739.0000,0.0000E+000
1740.0000,0.0000E+000
1741.0000,0.0000E+000
1742.0000,0.0000E+000
1743.0000,0.0000E+000
1744.0000,0.0000E+000
1745.0000,0.0000E+000
1746.0000,0.0000E+000
1747.0000,0.0000E+000
1748.0000,0.0000E+000
1749.0000,0.0000E+000
1750.0000,0.0000E+000
1751.0000,0.0000E+000
1752.0000,0.0000E+000
1753.0000,0.0000E+000
1754.0000,0.0000E+000
1755.0000,0.0000E+000
1756.0000,0.0000E+000
1757.0000,0.0000E+000
1758.0000,0.0000E+000
1759.0000,0.0000E+000
1760.0000,0.0000E+000
1761.0000,0.0000E+000
1762.0000,0.0000E+000
1763.0000,0.0000E+000
1764.0000,0.0000E+000
1765.0000,0.0000E+000
1766.0000,0.0000E+000
1767.0000,0.0000E+000
1768.0000,0.0000E+000
1769.0000,0.0000E+000
1770.0000,0.0000E+000
1771.0000,0.0000E+000
1772.0000,0.0000E+000
1773.0000,0.0000E+000
1774.0000,0.0000E+000
1775.0000,0.0000E+000
1776.0000,0.0000E+000
1777.0000,0.0000E+000
1778.0000,0.0000E+000
1779.0000,0.0000E+000
1780.0000,0.0000E+000
1781.0000,0.0000E+000
1782.0000,0.0000E+000
1783.0000,0.0000E+000
1784.0000,0.0000E+000
1785.0000,0.0000E+000
1786.0000,0.0000E+000
1787.0000,0.0000E+000
1788.0000,0.0000E+000
1789.0000,0.0000E+000
1790.0000,0.0000E+000
1791.0000,0.0000E+000
1792.0000,0.0000E+000
1793.0000,0.0000E+000
1794.0000,0.0000E+000
1795.0000,0.0000E+000
1796.0000,0.0000E+000
1797.0000,0.0000E+000
1798.0000,0.0000E+000
1799.0000,0.0000E+000
1800.0000,0.0000E+000
1801.0000,0.0000E+000
1802.0000,0.0000E+000
1803.0000,0.0000E+000
1804.0000,0.0000E+000
1805.0000,0.0000E+000
1806.0000,0.0000E+000
1807.0000,0.0000E+000
1808.0000,0.0000E+000
1809.0000,0.0000E+000
1810.0000,0.0000E+000
1811.0000,0.0000E+000
1812.0000,0.0000E+000
1813.0000,0.0000E+000
1814.0000,0.0000E+000
1815.0000,0.0000E+000
1816.0000,0.0000E+000
1817.0000,0.0000E+000
1818.0000,0.0000E+000
1819.0000,0.0000E+000
1820.0000,0.0000E+000
1821.0000,0.0000E+000
1822.0000,0.0000E+000
1823.0000,0.0000E+000
1824.0000,0.0000E+000
1825.0000,0.0000E+000
1826.0000,4.2261E-003
1827.0000,3.4438E-002
1828.0000,6.7534E-002
1829.0000,9.6520E-002
1830.0000,1.2215E-001
1831.0000,1.4701E-001
1832.0000,1.6668E-001
1833.0000,1.8579E-001
1834.0000,2.0795E-001
1835.0000,2.3339E-001
1836.0000,2.5469E-001
1837.0000,2.6969E-001
1838.0000,2.8621E-001
1839.0000,3.0092E-001
1840.0000,3.0780E-001
1841.0000,3.1044E-001
1842.0000,3.1405E-001
1843.0000,3.1811E-001
1844.0000,3.2317E-001
1845.0000,3.2907E-001
1846.0000,3.3512E-001
1847.0000,3.4256E-001
1848.0000,3.5142E-001
1849.0000,3.6001E-001
1850.0000,3.5719E-001
1851.0000,3.4689E-001
1852.0000,3.4891E-001
1853.0000,3.5428E-001
1854.0000,3.6725E-001
1855.0000,3.8793E-001
1856.0000,4.0674E-001
1857.0000,4.1931E-001
1858.0000,4.2812E-001
1859.0000,4.3500E-001
1860.0000,4.4168E-001
1861.0000,4.4906E-001
1862.0000,4.5793E-001
1863.0000,4.6894E-001
1864.0000,4.7944E-001
1865.0000,4.8777E-001
1866.0000,4.9329E-001
1867.0000,4.9693E-001
1868.0000,5.0184E-001
1869.0000,5.0859E-001
1870.0000,5.1463E-001
1871.0000,5.1831E-001
1872.0000,5.2117E-001
1873.0000,5.2411E-001
1874.0000,5.2601E-001
1875.0000,5.2761E-001
1876.0000,5.2901E-001
1877.0000,5.3045E-001
1878.0000,5.3238E-001
1879.0000,5.3355E-001
1880.0000,5.3411E-001
1881.0000,5.3118E-001
1882.0000,5.1978E-001
1883.0000,5.1382E-001
1884.0000,5.1508E-001
1885.0000,5.1587E-001
1886.0000,5.0766E-001
1887.0000,5.0016E-001
1888.0000,5.0086E-001
1889.0000,5.0216E-001
1890.0000,5.0323E-001
1891.0000,4.9562E-001
1892.0000,4.6544E-001
1893.0000,4.2772E-001
1894.0000,3.8955E-001
1895.0000,3.6742E-001
1896.0000,3.4295E-001
1897.0000,3.2950E-001
1898.0000,3.2711E-001
1899.0000,3.2619E-001
1900.0000,3.0352E-001
1901.0000,2.5724E-001
1902.0000,2.2173E-001
1903.0000,1.8121E-001
1904.0000,1.4084E-001
1905.0000,1.1389E-001
1906.0000,9.9008E-002
1907.0000,8.5334E-002
1908.0000,6.1105E-002
1909.0000,2.5680E-002
1910.0000,0.0000E+000
1911.0000,0.0000E+000
1912.0000,0.0000E+000
1913.0000,0.0000E+000
1914.0000,0.0000E+000
1915.0000,0.0000E+000
1916.0000,0.0000E+000
1917.0000,0.0000E+000
1918.0000,0.0000E+000
1919.0000,0.0000E+000
1920.0000,0.0000E+000
1921.0000,0.0000E+000
1922.0000,0.0000E+000
1923.0000,0.0000E+000
1924.0000,0.0000E+000
1925.0000,0.0000E+000
1926.0000,0.0000E+000
1927.0000,0.0000E+000
1928.0000,0.0000E+000
1929.0000,0.0000E+000
1930.0000,0.0000E+000
1931.0000,0.0000E+000
1932.0000,0.0000E+000
1933.0000,0.0000E+000
1934.0000,0.0000E+000
1935.0000,0.0000E+000
1936.0000,0.0000E+000
1937.0000,0.0000E+000
1938.0000,0.0000E+000
1939.0000,0.0000E+000
1940.0000,0.0000E+000
1941.0000,0.0000E+000
1942.0000,0.0000E+000
1943.0000,0.0000E+000
1944.0000,0.0000E+000
1945.0000,0.0000E+000
1946.0000,0.0000E+000
1947.0000,0.0000E+000
1948.0000,0.0000E+000
1949.0000,0.0000E+000
1950.0000,0.0000E+000
1951.0000,0.0000E+000
1952.0000,0.0000E+000
1953.0000,0.0000E+000
1954.0000,0.0000E+000
1955.0000,0.0000E+000
1956.0000,0.0000E+000
1957.0000,0.0000E+000
1958.0000,0.0000E+000
1959.0000,0.0000E+000
1960.0000,0.0000E+000
1961.0000,0.0000E+000
1962.0000,0.0000E+000
1963.0000,0.0000E+000
1964.0000,0.0000E+000
1965.0000,0.0000E+000
1966.0000,0.0000E+000
1967.0000,0.0000E+000
1968.0000,0.0000E+000
1969.0000,0.0000E+000
1970.0000,0.0000E+000
1971.0000,0.0000E+000
1972.0000,0.0000E+000
1973.0000,0.0000E+000
1974.0000,0.0000E+000
1975.0000,0.0000E+000
1976.0000,0.0000E+000
1977.0000,0.0000E+000
1978.0000,0.0000E+000
1979.0000,0.0000E+000
1980.0000,0.0000E+000
1981.0000,0.0000E+000
1982.0000,0.0000E+000
1983.0000,0.0000E+000
1984.0000,0.0000E+000
1985.0000,0.0000E+000
1986.0000,0.0000E+000
1987.0000,0.0000E+000
1988.0000,0.0000E+000
1989.0000,0.0000E+000
1990.0000,0.0000E+000
1991.0000,0.0000E+000
1992.0000,0.0000E+000
1993.0000,0.0000E+000
1994.0000,0.0000E+000
1995.0000,0.0000E+000
1996.0000,0.0000E+000
1997.0000,0.0000E+000
1998.0000,0.0000E+000
1999.0000,0.0000E+000
2000.0000,0.0000E+000
2001.0000,0.0000E+000
2002.0000,0.0000E+000
2003.0000,0.0000E+000
2004.0000,0.0000E+000
2005.0000,0.0000E+000
2006.0000,0.0000E+000
2007.0000,0.0000E+000
2008.0000,0.0000E+000
2009.0000,0.0000E+000
2010.0000,0.0000E+000
2011.0000,0.0000E+000
2012.0000,0.0000E+000
2013.0000,0.0000E+000
2014.0000,0.0000E+000
2015.0000,0.0000E+000
2016.0000,0.0000E+000
2017.0000,0.0000E+000
2018.0000,0.0000E+000
2019.0000,0.0000E+000
2020.0000,0.0000E+000
2021.0000,0.0000E+000
2022.0000,0.0000E+000
2023.0000,0.0000E+000
2024.0000,0.0000E+000
2025.0000,0.0000E+000
2026.0000,0.0000E+000
2027.0000,0.0000E+000
2028.0000,0.0000E+000
2029.0000,0.0000E+000
2030.0000,0.0000E+000
2031.0000,0.0000E+000
2032.0000,0.0000E+000
2033.0000,0.0000E+000
2034.0000,0.0000E+000
2035.0000,0.0000E+000
2036.0000,0.0000E+000
2037.0000,0.0000E+000
2038.0000,0.0000E+000
2039.0000,0.0000E+000
2040.0000,0.0000E+000
2041.0000,0.0000E+000
2042.0000,0.0000E+000
2043.0000,0.0000E+000
2044.0000,0.0000E+000
2045.0000,0.0000E+000
2046.0000,0.0000E+000
2047.0000,0.0000E+000
2048.0000,0.0000E+000
2049.0000,0.0000E+000
2050.0000,0.0000E+000
2051.0000,0.0000E+000
2052.0000,0.0000E+000
2053.0000,0.0000E+000
2054.0000,0.0000E+000
2055.0000,0.0000E+000
2056.0000,0.0000E+000
2057.0000,0.0000E+000
2058.0000,0.0000E+000
2059.0000,0.0000E+000
2060.0000,0.0000E+000
2061.0000,0.0000E+000
2062.0000,0.0000E+000
2063.0000,0.0000E+000
2064.0000,0.0000E+000
2065.0000,0.0000E+000
2066.0000,0.0000E+000
2067.0000,0.0000E+000
2068.0000,0.0000E+000
2069.0000,0.0000E+000
2070.0000,0.0000E+000
2071.0000,0.0000E+000
2072.0000,0.0000E+000
2073.0000,0.0000E+000
2074.0000,0.0000E+000
2075.0000,0.0000E+000
2076.0000,0.0000E+000
2077.0000,0.0000E+000
2078.0000,0.0000E+000
2079.0000,0.0000E+000
2080.0000,0.0000E+000
2081.0000,0.0000E+000
2082.0000,0.0000E+000
2083.0000,0.0000E+000
2084.0000,0.0000E+000
2085.0000,0.0000E+000
2086.0000,0.0000E+000
2087.0000,0.0000E+000
2088.0000,0.0000E+000
2089.0000,0.0000E+000
2090.0000,0.0000E+000
2091.0000,0.0000E+000
2092.0000,0.0000E+000
2093.0000,0.0000E+000
2094.0000,0.0000E+000
2095.0000,0.0000E+000
2096.0000,0.0000E+000
2097.0000,0.0000E+000
2098.0000,0.0000E+000
2099.0000,0.0000E+000
2100.0000,0.0000E+000
2101.0000,0.0000E+000
2102.0000,0.0000E+000
2103.0000,0.0000E+000
2104.0000,0.0000E+000
2105.0000,0.0000E+000
2106.0000,0.0000E+000
2107.0000,0.0000E+000
2108.0000,0.0000E+000
2109.0000,0.0000E+000
2110.0000,0.0000E+000
2111.0000,0.0000E+000
2112.0000,0.0000E+000
2113.0000,0.0000E+000
2114.0000,0.0000E+000
2115.0000,0.0000E+000
2116.0000,0.0000E+000
2117.0000,0.0000E+000
2118.0000,0.0000E+000
2119.0000,0.0000E+000
2120.0000,0.0000E+000
2121.0000,0.0000E+000
2122.0000,0.0000E+000
2123.0000,0.0000E+000
2124.0000,0.0000E+000
2125.0000,0.0000E+000
2126.0000,0.0000E+000
2127.0000,0.0000E+000
2128.0000,0.0000E+000
2129.0000,0.0000E+000
2130.0000,0.0000E+000
2131.0000,0.0000E+000
2132.0000,0.0000E+000
2133.0000,0.0000E+000
2134.0000,0.0000E+000
2135.0000,0.0000E+000
2136.0000,0.0000E+000
2137.0000,0.0000E+000
2138.0000,0.0000E+000
2139.0000,0.0000E+000
2140.0000,0.0000E+000
2141.0000,0.0000E+000
2142.0000,0.0000E+000
2143.0000,0.0000E+000
2144.0000,0.0000E+000
2145.0000,0.0000E+000
2146.0000,0.0000E+000
2147.0000,0.0000E+000
2148.0000,0.0000E+000
2149.0000,0.0000E+000
2150.0000,0.0000E+000
2151.0000,0.0000E+000
2152.0000,0.0000E+000
2153.0000,0.0000E+000
2154.0000,0.0000E+000
2155.0000,0.0000E+000
2156.0000,0.0000E+000
2157.0000,0.0000E+000
2158.0000,0.0000E+000
2159.0000,0.0000E+000
2160.0000,0.0000E+000
2161.0000,0.0000E+000
2162.0000,0.0000E+000
2163.0000,0.0000E+000
2164.0000,0.0000E+000
2165.0000,0.0000E+000
2166.0000,0.0000E+000
2167.0000,0.0000E+000
2168.0000,0.0000E+000
2169.0000,0.0000E+000
2170.0000,0.0000E+000
2171.0000,0.0000E+000
2172.0000,0.0000E+000
2173.0000,0.0000E+000
2174.0000,0.0000E+000
2175.0000,0.0000E+000
2176.0000,0.0000E+000
2177.0000,0.0000E+000
2178.0000,0.0000E+000
2179.0000,0.0000E+000
2180.0000,0.0000E+000
2181.0000,0.0000E+000
2182.0000,0.0000E+000
2183.0000,0.0000E+000
2184.0000,0.0000E+000
2185.0000,0.0000E+000
2186.0000,0.0000E+000
2187.0000,0.0000E+000
2188.0000,0.0000E+000
2189.0000,1.8086E-002
2190.0000,4.4044E-002
2191.0000,5.4221E-002
2192.0000,4.6806E-002
2193.0000,5.6093E-002
2194.0000,7.9964E-002
2195.0000,9.8861E-002
2196.0000,1.1885E-001
2197.0000,1.4070E-001
2198.0000,1.6009E-001
2199.0000,1.7742E-001
2200.0000,1.9637E-001
2201.0000,2.1786E-001
2202.0000,2.3659E-001
2203.0000,2.5184E-001
2204.0000,2.7140E-001
2205.0000,2.9455E-001
2206.0000,3.1083E-001
2207.0000,3.2755E-001
2208.0000,3.4738E-001
2209.0000,3.5893E-001
2210.0000,3.6758E-001
2211.0000,3.7950E-001
2212.0000,3.9377E-001
2213.0000,4.1138E-001
2214.0000,4.3404E-001
2215.0000,4.5429E-001
2216.0000,4.6760E-001
2217.0000,4.7692E-001
2218.0000,4.8561E-001
2219.0000,4.9397E-001
2220.0000,5.0238E-001
2221.0000,5.1336E-001
2222.0000,5.2610E-001
2223.0000,5.3819E-001
2224.0000,5.4876E-001
2225.0000,5.5896E-001
2226.0000,5.6805E-001
2227.0000,5.7295E-001
2228.0000,5.7606E-001
2229.0000,5.7981E-001
2230.0000,5.8767E-001
2231.0000,5.9821E-001
2232.0000,6.0863E-001
2233.0000,6.1810E-001
2234.0000,6.2528E-001
2235.0000,6.2563E-001
2236.0000,6.2698E-001
2237.0000,6.3548E-001
2238.0000,6.4010E-001
2239.0000,6.2610E-001
2240.0000,6.1767E-001
2241.0000,6.2508E-001
2242.0000,6.3479E-001
2243.0000,6.4475E-001
2244.0000,6.5446E-001
2245.0000,6.6170E-001
2246.0000,6.6595E-001
2247.0000,6.7002E-001
2248.0000,6.7524E-001
2249.0000,6.7926E-001
2250.0000,6.8254E-001
2251.0000,6.8542E-001
2252.0000,6.9171E-001
2253.0000,7.0050E-001
2254.0000,7.0448E-001
2255.0000,6.9170E-001
2256.0000,6.8492E-001
2257.0000,6.8818E-001
2258.0000,6.9264E-001
2259.0000,6.9555E-001
2260.0000,6.8815E-001
2261.0000,6.6892E-001
2262.0000,6.4297E-001
2263.0000,6.3383E-001
2264.0000,6.3501E-001
2265.0000,6.3625E-001
2266.0000,6.1996E-001
2267.0000,5.7694E-001
2268.0000,5.3853E-001
2269.0000,5.3047E-001
2270.0000,5.3348E-001
2271.0000,5.3387E-001
2272.0000,5.3498E-001
2273.0000,5.3770E-001
2274.0000,5.4055E-001
2275.0000,5.4540E-001
2276.0000,5.5132E-001
2277.0000,5.5629E-001
2278.0000,5.5986E-001
2279.0000,5.6151E-001
2280.0000,5.5670E-001
2281.0000,5.5605E-001
2282.0000,5.5148E-001
2283.0000,5.0482E-001
2284.0000,4.7386E-001
2285.0000,4.6381E-001
2286.0000,4.3885E-001
2287.0000,4.1897E-001
2288.0000,3.9981E-001
2289.0000,3.5712E-001
2290.0000,3.1370E-001
2291.0000,2.5728E-001
2292.0000,2.0694E-001
2293.0000,1.7554E-001
2294.0000,1.4796E-001
2295.0000,9.1408E-002
2296.0000,5.7718E-002
2297.0000,2.4896E-002
2298.0000,0.0000E+000
2299.0000,0.0000E+000
2300.0000,0.0000E+000
2301.0000,0.0000E+000
2302.0000,0.0000E+000
2303.0000,0.0000E+000
2304.0000,0.0000E+000
2305.0000,0.0000E+000
2306.0000,0.0000E+000
2307.0000,0.0000E+000
2308.0000,0.0000E+000
2309.0000,0.0000E+000
2310.0000,0.0000E+000
2311.0000,0.0000E+000
2312.0000,0.0000E+000
2313.0000,0.0000E+000
2314.0000,0.0000E+000
2315.0000,0.0000E+000
2316.0000,0.0000E+000
2317.0000,0.0000E+000
2318.0000,0.0000E+000
2319.0000,0.0000E+000
2320.0000,0.0000E+000
2321.0000,0.0000E+000
2322.0000,0.0000E+000
2323.0000,0.0000E+000
2324.0000,0.0000E+000
2325.0000,0.0000E+000
2326.0000,0.0000E+000
2327.0000,0.0000E+000
2328.0000,0.0000E+000
2329.0000,0.0000E+000
2330.0000,0.0000E+000
2331.0000,0.0000E+000
2332.0000,0.0000E+000
2333.0000,0.0000E+000
2334.0000,0.0000E+000
2335.0000,0.0000E+000
2336.0000,0.0000E+000
2337.0000,0.0000E+000
2338.0000,0.0000E+000
2339.0000,0.0000E+000
2340.0000,0.0000E+000
2341.0000,0.0000E+000
2342.0000,0.0000E+000
2343.0000,0.0000E+000
2344.0000,0.0000E+000
2345.0000,0.0000E+000
2346.0000,0.0000E+000
2347.0000,0.0000E+000
2348.0000,0.0000E+000
2349.0000,0.0000E+000
2350.0000,0.0000E+000
2351.0000,0.0000E+000
2352.0000,0.0000E+000
2353.0000,0.0000E+000
2354.0000,0.0000E+000
2355.0000,0.0000E+000
2356.0000,0.0000E+000
2357.0000,0.0000E+000
2358.0000,0.0000E+000
2359.0000,0.0000E+000
2360.0000,0.0000E+000
2361.0000,0.0000E+000
2362.0000,0.0000E+000
2363.0000,0.0000E+000
2364.0000,0.0000E+000
2365.0000,0.0000E+000
2366.0000,0.0000E+000
2367.0000,0.0000E+000
2368.0000,0.0000E+000
2369.0000,0.0000E+000
2370.0000,0.0000E+000
2371.0000,0.0000E+000
2372.0000,0.0000E+000
2373.0000,0.0000E+000
2374.0000,0.0000E+000
2375.0000,0.0000E+000
2376.0000,0.0000E+000
2377.0000,0.0000E+000
2378.0000,0.0000E+000
2379.0000,0.0000E+000
2380.0000,0.0000E+000
2381.0000,0.0000E+000
2382.0000,0.0000E+000
2383.0000,0.0000E+000
2384.0000,0.0000E+000
2385.0000,0.0000E+000
2386.0000,0.0000E+000
2387.0000,0.0000E+000
2388.0000,0.0000E+000
2389.0000,0.0000E+000
2390.0000,0.0000E+000
2391.0000,0.0000E+000
2392.0000,0.0000E+000
2393.0000,0.0000E+000
2394.0000,0.0000E+000
2395.0000,0.0000E+000
2396.0000,0.0000E+000
2397.0000,0.0000E+000
2398.0000,0.0000E+000
2399.0000,0.0000E+000
2400.0000,0.0000E+000
2401.0000,0.0000E+000
2402.0000,0.0000E+000
2403.0000,0.0000E+000
2404.0000,0.0000E+000
2405.0000,0.0000E+000
2406.0000,0.0000E+000
2407.0000,0.0000E+000
2408.0000,0.0000E+000
2409.0000,0.0000E+000
2410.0000,0.0000E+000
2411.0000,0.0000E+000
2412.0000,0.0000E+000
2413.0000,0.0000E+000
2414.0000,0.0000E+000
2415.0000,0.0000E+000
2416.0000,0.0000E+000
2417.0000,0.0000E+000
2418.0000,0.0000E+000
2419.0000,0.0000E+000
2420.0000,0.0000E+000
2421.0000,0.0000E+000
2422.0000,0.0000E+000
2423.0000,0.0000E+000
2424.0000,0.0000E+000
2425.0000,0.0000E+000
2426.0000,0.0000E+000
2427.0000,0.0000E+000
2428.0000,0.0000E+000
2429.0000,0.0000E+000
2430.0000,0.0000E+000
2431.0000,0.0000E+000
2432.0000,0.0000E+000
2433.0000,0.0000E+000
2434.0000,0.0000E+000
2435.0000,0.0000E+000
2436.0000,0.0000E+000
2437.0000,0.0000E+000
2438.0000,0.0000E+000
2439.0000,0.0000E+000
2440.0000,0.0000E+000
2441.0000,0.0000E+000
2442.0000,0.0000E+000
2443.0000,0.0000E+000
2444.0000,0.0000E+000
2445.0000,0.0000E+000
2446.0000,0.0000E+000
2447.0000,0.0000E+000
2448.0000,0.0000E+000
2449.0000,0.0000E+000
2450.0000,0.0000E+000
2451.0000,0.0000E+000
2452.0000,0.0000E+000
2453.0000,0.0000E+000
2454.0000,0.0000E+000
2455.0000,0.0000E+000
2456.0000,0.0000E+000
2457.0000,0.0000E+000
2458.0000,0.0000E+000
2459.0000,0.0000E+000
2460.0000,0.0000E+000
2461.0000,0.0000E+000
2462.0000,0.0000E+000
2463.0000,0.0000E+000
2464.0000,0.0000E+000
2465.0000,0.0000E+000
2466.0000,0.0000E+000
2467.0000,0.0000E+000
2468.0000,0.0000E+000
2469.0000,0.0000E+000
2470.0000,0.0000E+000
2471.0000,0.0000E+000
2472.0000,0.0000E+000
2473.0000,0.0000E+000
2474.0000,0.0000E+000
2475.0000,0.0000E+000
2476.0000,0.0000E+000
2477.0000,0.0000E+000
2478.0000,0.0000E+000
2479.0000,0.0000E+000
2480.0000,0.0000E+000
2481.0000,0.0000E+000
2482.0000,0.0000E+000
2483.0000,0.0000E+000
2484.0000,0.0000E+000
2485.0000,0.0000E+000
2486.0000,0.0000E+000
2487.0000,0.0000E+000
2488.0000,0.0000E+000
2489.0000,0.0000E+000
2490.0000,0.0000E+000
2491.0000,0.0000E+000
2492.0000,0.0000E+000
2493.0000,0.0000E+000
2494.0000,0.0000E+000
2495.0000,0.0000E+000
2496.0000,0.0000E+000
2497.0000,0.0000E+000
2498.0000,0.0000E+000
2499.0000,0.0000E+000
2500.0000,0.0000E+000
2501.0000,0.0000E+000
2502.0000,0.0000E+000
2503.0000,0.0000E+000
2504.0000,0.0000E+000
2505.0000,0.0000E+000
2506.0000,0.0000E+000
2507.0000,0.0000E+000
2508.0000,0.0000E+000
2509.0000,0.0000E+000
2510.0000,0.0000E+000
2511.0000,0.0000E+000
2512.0000,0.0000E+000
2513.0000,0.0000E+000
2514.0000,0.0000E+000
2515.0000,0.0000E+000
2516.0000,0.0000E+000
2517.0000,0.0000E+000
2518.0000,0.0000E+000
2519.0000,0.0000E+000
2520.0000,0.0000E+000
2521.0000,0.0000E+000
2522.0000,0.0000E+000
2523.0000,0.0000E+000
2524.0000,0.0000E+000
2525.0000,0.0000E+000
2526.0000,0.0000E+000
2527.0000,0.0000E+000
2528.0000,0.0000E+000
2529.0000,0.0000E+000
2530.0000,0.0000E+000
2531.0000,0.0000E+000
2532.0000,0.0000E+000
2533.0000,0.0000E+000
2534.0000,0.0000E+000
2535.0000,0.0000E+000
2536.0000,0.0000E+000
2537.0000,0.0000E+000
2538.0000,0.0000E+000
2539.0000,0.0000E+000
2540.0000,0.0000E+000
2541.0000,0.0000E+000
2542.0000,0.0000E+000
2543.0000,0.0000E+000
2544.0000,0.0000E+000
2545.0000,0.0000E+000
2546.0000,0.0000E+000
2547.0000,0.0000E+000
2548.0000,0.0000E+000
2549.0000,0.0000E+000
2550.0000,0.0000E+000
2551.0000,0.0000E+000
2552.0000,0.0000E+000
2553.0000,0.0000E+000
2554.0000,0.0000E+000
2555.0000,0.0000E+000
2556.0000,0.0000E+000
2557.0000,0.0000E+000
2558.0000,0.0000E+000
2559.0000,0.0000E+000
2560.0000,0.0000E+000
2561.0000,0.0000E+000
2562.0000,0.0000E+000
2563.0000,0.0000E+000
2564.0000,0.0000E+000
2565.0000,0.0000E+000
2566.0000,0.0000E+000
2567.0000,0.0000E+000
2568.0000,0.0000E+000
2569.0000,0.0000E+000
2570.0000,0.0000E+000
2571.0000,5.2892E-003
2572.0000,4.3984E-002
2573.0000,5.5775E-002
2574.0000,8.1053E-002
2575.0000,1.1012E-001
2576.0000,1.3912E-001
2577.0000,1.7131E-001
2578.0000,1.9203E-001
2579.0000,1.9209E-001
2580.0000,1.8919E-001
2581.0000,1.9651E-001
2582.0000,1.9936E-001
2583.0000,2.0017E-001
2584.0000,2.0455E-001
2585.0000,2.1147E-001
2586.0000,2.1927E-001
2587.0000,2.1428E-001
2588.0000,2.0569E-001
2589.0000,2.1251E-001
2590.0000,2.2090E-001
2591.0000,2.2971E-001
2592.0000,2.3754E-001
2593.0000,2.3995E-001
2594.0000,2.4557E-001
2595.0000,2.5371E-001
2596.0000,2.5876E-001
2597.0000,2.6303E-001
2598.0000,2.7491E-001
2599.0000,2.9013E-001
2600.0000,2.9831E-001
2601.0000,3.0113E-001
2602.0000,3.0325E-001
2603.0000,3.0261E-001
2604.0000,3.0194E-001
2605.0000,3.0602E-001
2606.0000,3.1317E-001
2607.0000,3.2057E-001
2608.0000,3.1937E-001
2609.0000,2.9558E-001
2610.0000,2.8847E-001
2611.0000,2.9193E-001
2612.0000,2.9836E-001
2613.0000,3.0516E-001
2614.0000,3.0829E-001
2615.0000,3.1194E-001
2616.0000,3.1674E-001
2617.0000,3.2247E-001
2618.0000,3.2556E-001
2619.0000,3.2627E-001
2620.0000,3.3165E-001
2621.0000,3.4125E-001
2622.0000,3.4398E-001
2623.0000,3.0552E-001
2624.0000,2.6789E-001
2625.0000,2.5122E-001
2626.0000,2.4920E-001
2627.0000,2.1211E-001
2628.0000,1.7660E-001
2629.0000,1.4158E-001
2630.0000,1.0866E-001
2631.0000,8.2437E-002
2632.0000,6.0890E-002
2633.0000,2.9773E-002
2634.0000,0.0000E+000
2635.0000,0.0000E+000
2636.0000,0.0000E+000
2637.0000,0.0000E+000
2638.0000,0.0000E+000
2639.0000,0.0000E+000
2640.0000,0.0000E+000
2641.0000,0.0000E+000
2642.0000,0.0000E+000
2643.0000,0.0000E+000
2644.0000,0.0000E+000
2645.0000,0.0000E+000
2646.0000,0.0000E+000
2647.0000,0.0000E+000
2648.0000,0.0000E+000
2649.0000,0.0000E+000
2650.0000,0.0000E+000
2651.0000,0.0000E+000
2652.0000,0.0000E+000
2653.0000,0.0000E+000
2654.0000,0.0000E+000
2655.0000,0.0000E+000
2656.0000,0.0000E+000
2657.0000,0.0000E+000
2658.0000,0.0000E+000
2659.0000,0.0000E+000
2660.0000,0.0000E+000
2661.0000,0.0000E+000
2662.0000,0.0000E+000
2663.0000,0.0000E+000
2664.0000,0.0000E+000
2665.0000,0.0000E+000
2666.0000,0.0000E+000
2667.0000,0.0000E+000
2668.0000,0.0000E+000
2669.0000,0.0000E+000
2670.0000,0.0000E+000
2671.0000,0.0000E+000
2672.0000,0.0000E+000
2673.0000,0.0000E+000
2674.0000,0.0000E+000
2675.0000,0.0000E+000
2676.0000,0.0000E+000
2677.0000,0.0000E+000
2678.0000,0.0000E+000
2679.0000,0.0000E+000
2680.0000,0.0000E+000
2681.0000,0.0000E+000
2682.0000,0.0000E+000
2683.0000,0.0000E+000
2684.0000,0.0000E+000
2685.0000,0.0000E+000
2686.0000,0.0000E+000
2687.0000,0.0000E+000
2688.0000,0.0000E+000
2689.0000,0.0000E+000
2690.0000,0.0000E+000
2691.0000,0.0000E+000
2692.0000,0.0000E+000
2693.0000,0.0000E+000
2694.0000,0.0000E+000
2695.0000,0.0000E+000
2696.0000,0.0000E+000
2697.0000,0.0000E+000
2698.0000,0.0000E+000
2699.0000,0.0000E+000
2700.0000,0.0000E+000
2701.0000,0.0000E+000
2702.0000,0.0000E+000
2703.0000,0.0000E+000
2704.0000,0.0000E+000
2705.0000,0.0000E+000
2706.0000,0.0000E+000
2707.0000,0.0000E+000
2708.0000,0.0000E+000
2709.0000,0.0000E+000
2710.0000,0.0000E+000
2711.0000,0.0000E+000
2712.0000,0.0000E+000
2713.0000,0.0000E+000
2714.0000,0.0000E+000
2715.0000,0.0000E+000
2716.0000,0.0000E+000
2717.0000,0.0000E+000
2718.0000,0.0000E+000
2719.0000,0.0000E+000
2720.0000,0.0000E+000
2721.0000,0.0000E+000
2722.0000,0.0000E+000
2723.0000,0.0000E+000
2724.0000,0.0000E+000
2725.0000,0.0000E+000
2726.0000,0.0000E+000
2727.0000,0.0000E+000
2728.0000,0.0000E+000
2729.0000,0.0000E+000
2730.0000,0.0000E+000
2731.0000,0.0000E+000
2732.0000,0.0000E+000
2733.0000,0.0000E+000
2734.0000,0.0000E+000
2735.0000,0.0000E+000
2736.0000,0.0000E+000
2737.0000,0.0000E+000
2738.0000,0.0000E+000
2739.0000,0.0000E+000
2740.0000,0.0000E+000
2741.0000,0.0000E+000
2742.0000,0.0000E+000
2743.0000,0.0000E+000
2744.0000,0.0000E+000
2745.0000,0.0000E+000
2746.0000,0.0000E+000
2747.0000,0.0000E+000
2748.0000,0.0000E+000
2749.0000,0.0000E+000
2750.0000,0.0000E+000
2751.0000,0.0000E+000
2752.0000,0.0000E+000
2753.0000,0.0000E+000
2754.0000,0.0000E+000
2755.0000,0.0000E+000
2756.0000,0.0000E+000
2757.0000,0.0000E+000
2758.0000,0.0000E+000
2759.0000,0.0000E+000
2760.0000,0.0000E+000
2761.0000,0.0000E+000
2762.0000,0.0000E+000
2763.0000,0.0000E+000
2764.0000,0.0000E+000
2765.0000,0.0000E+000
2766.0000,0.0000E+000
2767.0000,0.0000E+000
2768.0000,0.0000E+000
2769.0000,0.0000E+000
2770.0000,0.0000E+000
2771.0000,0.0000E+000
2772.0000,0.0000E+000
2773.0000,0.0000E+000
2774.0000,0.0000E+000
2775.0000,0.0000E+000
2776.0000,0.0000E+000
2777.0000,0.0000E+000
2778.0000,0.0000E+000
2779.0000,0.0000E+000
2780.0000,0.0000E+000
2781.0000,0.0000E+000
2782.0000,0.0000E+000
2783.0000,0.0000E+000
2784.0000,0.0000E+000
2785.0000,0.0000E+000
2786.0000,0.0000E+000
2787.0000,0.0000E+000
2788.0000,0.0000E+000
2789.0000,0.0000E+000
2790.0000,0.0000E+000
2791.0000,0.0000E+000
2792.0000,0.0000E+000
2793.0000,0.0000E+000
2794.0000,0.0000E+000
2795.0000,0.0000E+000
2796.0000,0.0000E+000
2797.0000,0.0000E+000
2798.0000,0.0000E+000
2799.0000,0.0000E+000
2800.0000,0.0000E+000
2801.0000,0.0000E+000
2802.0000,0.0000E+000
2803.0000,0.0000E+000
2804.0000,0.0000E+000
2805.0000,0.0000E+000
2806.0000,0.0000E+000
2807.0000,0.0000E+000
2808.0000,0.0000E+000
2809.0000,0.0000E+000
2810.0000,0.0000E+000
2811.0000,0.0000E+000
2812.0000,0.0000E+000
2813.0000,0.0000E+000
2814.0000,0.0000E+000
2815.0000,0.0000E+000
2816.0000,0.0000E+000
2817.0000,0.0000E+000
2818.0000,0.0000E+000
2819.0000,0.0000E+000
2820.0000,0.0000E+000
2821.0000,0.0000E+000
2822.0000,0.0000E+000
2823.0000,0.0000E+000
2824.0000,0.0000E+000
2825.0000,0.0000E+000
2826.0000,0.0000E+000
2827.0000,0.0000E+000
2828.0000,0.0000E+000
2829.0000,0.0000E+000
2830.0000,0.0000E+000
2831.0000,0.0000E+000
2832.0000,0.0000E+000
2833.0000,0.0000E+000
2834.0000,0.0000E+000
2835.0000,0.0000E+000
2836.0000,0.0000E+000
2837.0000,0.0000E+000
2838.0000,0.0000E+000
2839.0000,0.0000E+000
2840.0000,0.0000E+000
2841.0000,0.0000E+000
2842.0000,0.0000E+000
2843.0000,0.0000E+000
2844.0000,0.0000E+000
2845.0000,0.0000E+000
2846.0000,0.0000E+000
2847.0000,0.0000E+000
2848.0000,0.0000E+000
2849.0000,0.0000E+000
2850.0000,0.0000E+000
2851.0000,0.0000E+000
2852.0000,0.0000E+000
2853.0000,0.0000E+000
2854.0000,0.0000E+000
2855.0000,0.0000E+000
2856.0000,0.0000E+000
2857.0000,0.0000E+000
2858.0000,0.0000E+000
2859.0000,0.0000E+000
2860.0000,0.0000E+000
2861.0000,0.0000E+000
2862.0000,0.0000E+000
2863.0000,0.0000E+000
2864.0000,0.0000E+000
2865.0000,0.0000E+000
2866.0000,0.0000E+000
2867.0000,0.0000E+000
2868.0000,0.0000E+000
2869.0000,0.0000E+000
2870.0000,0.0000E+000
2871.0000,0.0000E+000
2872.0000,0.0000E+000
2873.0000,0.0000E+000
2874.0000,0.0000E+000
2875.0000,0.0000E+000
2876.0000,0.0000E+000
2877.0000,0.0000E+000
2878.0000,0.0000E+000
2879.0000,0.0000E+000
2880.0000,0.0000E+000
2881.0000,0.0000E+000
2882.0000,0.0000E+000
2883.0000,0.0000E+000
2884.0000,0.0000E+000
2885.0000,0.0000E+000
2886.0000,0.0000E+000
2887.0000,0.0000E+000
2888.0000,0.0000E+000
2889.0000,0.0000E+000
2890.0000,0.0000E+000
2891.0000,0.0000E+000
2892.0000,0.0000E+000
2893.0000,0.0000E+000
2894.0000,0.0000E+000
2895.0000,0.0000E+000
2896.0000,0.0000E+000
2897.0000,0.0000E+000
2898.0000,0.0000E+000
2899.0000,0.0000E+000
2900.0000,0.0000E+000
2901.0000,0.0000E+000
2902.0000,0.0000E+000
2903.0000,0.0000E+000
2904.0000,0.0000E+000
2905.0000,0.0000E+000
2906.0000,0.0000E+000
2907.0000,0.0000E+000
2908.0000,0.0000E+000
2909.0000,0.0000E+000
2910.0000,0.0000E+000
2911.0000,0.0000E+000
2912.0000,0.0000E+000
2913.0000,0.0000E+000
2914.0000,0.0000E+000
2915.0000,0.0000E+000
2916.0000,0.0000E+000
2917.0000,0.0000E+000
2918.0000,0.0000E+000
2919.0000,0.0000E+000
2920.0000,0.0000E+000
2921.0000,0.0000E+000
2922.0000,0.0000E+000
2923.0000,0.0000E+000
2924.0000,0.0000E+000
2925.0000,0.0000E+000
2926.0000,0.0000E+000
2927.0000,0.0000E+000
2928.0000,0.0000E+000
2929.0000,0.0000E+000
2930.0000,2.1548E-002
2931.0000,3.3577E-002
2932.0000,4.7252E-002
2933.0000,5.9284E-002
2934.0000,6.1015E-002
2935.0000,5.3932E-002
2936.0000,5.2996E-002
2937.0000,6.8131E-002
2938.0000,8.3958E-002
2939.0000,1.0817E-001
2940.0000,1.3064E-001
2941.0000,1.3783E-001
2942.0000,1.5057E-001
2943.0000,1.7446E-001
2944.0000,2.0554E-001
2945.0000,2.4031E-001
2946.0000,2.7039E-001
2947.0000,2.9435E-001
2948.0000,3.1458E-001
2949.0000,3.3241E-001
2950.0000,3.4408E-001
2951.0000,3.4491E-001
2952.0000,3.2630E-001
2953.0000,3.2032E-001
2954.0000,3.3189E-001
2955.0000,3.4384E-001
2956.0000,3.5456E-001
2957.0000,3.6682E-001
2958.0000,3.7758E-001
2959.0000,3.8805E-001
2960.0000,3.9874E-001
2961.0000,4.0976E-001
2962.0000,4.2259E-001
2963.0000,4.3183E-001
2964.0000,4.3431E-001
2965.0000,4.3577E-001
2966.0000,4.3920E-001
2967.0000,4.4153E-001
2968.0000,4.4414E-001
2969.0000,4.5145E-001
2970.0000,4.6331E-001
2971.0000,4.7330E-001
2972.0000,4.7825E-001
2973.0000,4.8429E-001
2974.0000,4.9114E-001
2975.0000,4.9537E-001
2976.0000,4.9819E-001
2977.0000,5.0016E-001
2978.0000,5.0177E-001
2979.0000,5.0336E-001
2980.0000,5.0423E-001
2981.0000,5.0451E-001
2982.0000,5.0569E-001
2983.0000,5.0857E-001
2984.0000,5.1278E-001
2985.0000,5.1672E-001
2986.0000,5.1885E-001
2987.0000,5.2020E-001
2988.0000,5.2195E-001
2989.0000,5.2049E-001
2990.0000,5.1801E-001
2991.0000,5.0717E-001
2992.0000,4.8852E-001
2993.0000,4.6920E-001
2994.0000,4.6222E-001
2995.0000,4.6790E-001
2996.0000,4.7349E-001
2997.0000,4.7842E-001
2998.0000,4.8400E-001
2999.0000,4.8893E-001
3000.0000,4.9325E-001
3001.0000,4.9862E-001
3002.0000,5.0462E-001
3003.0000,5.0888E-001
3004.0000,5.1117E-001
3005.0000,5.1262E-001
3006.0000,5.1148E-001
3007.0000,4.9815E-001
3008.0000,4.7886E-001
3009.0000,4.5003E-001
3010.0000,4.1205E-001
3011.0000,3.7769E-001
3012.0000,3.4919E-001
3013.0000,3.3844E-001
3014.0000,3.4252E-001
3015.0000,3.4362E-001
3016.0000,3.1375E-001
3017.0000,2.9056E-001
3018.0000,2.7948E-001
3019.0000,2.4382E-001
3020.0000,2.0394E-001
3021.0000,1.7010E-001
3022.0000,1.4213E-001
3023.0000,1.2916E-001
3024.0000,1.2075E-001
3025.0000,9.4613E-002
3026.0000,6.0132E-002
3027.0000,1.4372E-002
3028.0000,0.0000E+000
3029.0000,0.0000E+000
3030.0000,0.0000E+000
3031.0000,0.0000E+000
3032.0000,0.0000E+000
3033.0000,0.0000E+000
3034.0000,0.0000E+000
3035.0000,0.0000E+000
3036.0000,0.0000E+000
3037.0000,0.0000E+000
3038.0000,0.0000E+000
3039.0000,0.0000E+000
3040.0000,0.0000E+000
3041.0000,0.0000E+000
3042.0000,0.0000E+000
3043.0000,0.0000E+000
3044.0000,0.0000E+000
3045.0000,0.0000E+000
3046.0000,0.0000E+000
3047.0000,0.0000E+000
3048.0000,0.0000E+000
3049.0000,0.0000E+000
3050.0000,0.0000E+000
3051.0000,0.0000E+000
3052.0000,0.0000E+000
3053.0000,0.0000E+000
3054.0000,0.0000E+000
3055.0000,0.0000E+000
3056.0000,0.0000E+000
3057.0000,0.0000E+000
3058.0000,0.0000E+000
3059.0000,0.0000E+000
3060.0000,0.0000E+000
3061.0000,0.0000E+000
3062.0000,0.0000E+000
3063.0000,0.0000E+000
3064.0000,0.0000E+000
3065.0000,0.0000E+000
3066.0000,0.0000E+000
3067.0000,0.0000E+000
3068.0000,0.0000E+000
3069.0000,0.0000E+000
3070.0000,0.0000E+000
3071.0000,0.0000E+000
3072.0000,0.0000E+000
3073.0000,0.0000E+000
3074.0000,0.0000E+000
3075.0000,0.0000E+000
3076.0000,0.0000E+000
3077.0000,0.0000E+000
3078.0000,0.0000E+000
3079.0000,0.0000E+000
3080.0000,0.0000E+000
3081.0000,0.0000E+000
3082.0000,0.0000E+000
3083.0000,0.0000E+000
3084.0000,0.0000E+000
3085.0000,0.0000E+000
3086.0000,0.0000E+000
3087.0000,0.0000E+000
3088.0000,0.0000E+000
3089.0000,0.0000E+000
3090.0000,0.0000E+000
3091.0000,0.0000E+000
3092.0000,0.0000E+000
3093.0000,0.0000E+000
3094.0000,0.0000E+000
3095.0000,0.0000E+000
3096.0000,0.0000E+000
3097.0000,0.0000E+000
3098.0000,0.0000E+000
3099.0000,0.0000E+000
3100.0000,0.0000E+000
3101.0000,0.0000E+000
3102.0000,0.0000E+000
3103.0000,0.0000E+000
3104.0000,0.0000E+000
3105.0000,0.0000E+000
3106.0000,0.0000E+000
3107.0000,0.0000E+000
3108.0000,0.0000E+000
3109.0000,0.0000E+000
3110.0000,0.0000E+000
3111.0000,0.0000E+000
3112.0000,0.0000E+000
3113.0000,0.0000E+000
3114.0000,0.0000E+000
3115.0000,0.0000E+000
3116.0000,0.0000E+000
3117.0000,0.0000E+000
3118.0000,0.0000E+000
3119.0000,0.0000E+000
3120.0000,0.0000E+000
3121.0000,0.0000E+000
3122.0000,0.0000E+000
3123.0000,0.0000E+000
3124.0000,0.0000E+000
3125.0000,0.0000E+000
3126.0000,0.0000E+000
3127.0000,0.0000E+000
3128.0000,0.0000E+000
3129.0000,0.0000E+000
3130.0000,0.0000E+000
3131.0000,0.0000E+000
3132.0000,0.0000E+000
3133.0000,0.0000E+000
3134.0000,0.0000E+000
3135.0000,0.0000E+000
3136.0000,0.0000E+000
3137.0000,0.0000E+000
3138.0000,0.0000E+000
3139.0000,0.0000E+000
3140.0000,0.0000E+000
3141.0000,0.0000E+000
3142.0000,0.0000E+000
3143.0000,0.0000E+000
3144.0000,0.0000E+000
3145.0000,0.0000E+000
3146.0000,0.0000E+000
3147.0000,0.0000E+000
3148.0000,0.0000E+000
3149.0000,0.0000E+000
3150.0000,0.0000E+000
3151.0000,0.0000E+000
3152.0000,0.0000E+000
3153.0000,0.0000E+000
3154.0000,0.0000E+000
3155.0000,0.0000E+000
3156.0000,0.0000E+000
3157.0000,0.0000E+000
3158.0000,0.0000E+000
3159.0000,0.0000E+000
3160.0000,0.0000E+000
3161.0000,0.0000E+000
3162.0000,0.0000E+000
3163.0000,0.0000E+000
3164.0000,0.0000E+000
3165.0000,0.0000E+000
3166.0000,0.0000E+000
3167.0000,0.0000E+000
3168.0000,0.0000E+000
3169.0000,0.0000E+000
3170.0000,0.0000E+000
3171.0000,0.0000E+000
3172.0000,0.0000E+000
3173.0000,0.0000E+000
3174.0000,0.0000E+000
3175.0000,0.0000E+000
3176.0000,0.0000E+000
3177.0000,0.0000E+000
3178.0000,0.0000E+000
3179.0000,0.0000E+000
3180.0000,0.0000E+000
3181.0000,0.0000E+000
3182.0000,0.0000E+000
3183.0000,0.0000E+000
3184.0000,0.0000E+000
3185.0000,0.0000E+000
3186.0000,0.0000E+000
3187.0000,0.0000E+000
3188.0000,0.0000E+000
3189.0000,0.0000E+000
3190.0000,0.0000E+000
3191.0000,0.0000E+000
3192.0000,0.0000E+000
3193.0000,0.0000E+000
3194.0000,0.0000E+000
3195.0000,0.0000E+000
3196.0000,0.0000E+000
3197.0000,0.0000E+000
3198.0000,0.0000E+000
3199.0000,0.0000E+000
3200.0000,0.0000E+000
3201.0000,0.0000E+000
3202.0000,0.0000E+000
3203.0000,0.0000E+000
3204.0000,0.0000E+000
3205.0000,0.0000E+000
3206.0000,0.0000E+000
3207.0000,0.0000E+000
3208.0000,0.0000E+000
3209.0000,0.0000E+000
3210.0000,0.0000E+000
3211.0000,0.0000E+000
3212.0000,0.0000E+000
3213.0000,0.0000E+000
3214.0000,0.0000E+000
3215.0000,0.0000E+000
3216.0000,0.0000E+000
3217.0000,0.0000E+000
3218.0000,0.0000E+000
3219.0000,0.0000E+000
3220.0000,0.0000E+000
3221.0000,0.0000E+000
3222.0000,0.0000E+000
3223.0000,0.0000E+000
3224.0000,0.0000E+000
3225.0000,0.0000E+000
3226.0000,0.0000E+000
3227.0000,0.0000E+000
3228.0000,0.0000E+000
3229.0000,0.0000E+000
3230.0000,0.0000E+000
3231.0000,0.0000E+000
3232.0000,0.0000E+000
3233.0000,0.0000E+000
3234.0000,0.0000E+000
3235.0000,0.0000E+000
3236.0000,0.0000E+000
3237.0000,0.0000E+000
3238.0000,0.0000E+000
3239.0000,0.0000E+000
3240.0000,0.0000E+000
3241.0000,0.0000E+000
3242.0000,0.0000E+000
3243.0000,0.0000E+000
3244.0000,0.0000E+000
3245.0000,0.0000E+000
3246.0000,0.0000E+000
3247.0000,0.0000E+000
3248.0000,0.0000E+000
3249.0000,0.0000E+000
3250.0000,0.0000E+000
3251.0000,0.0000E+000
3252.0000,0.0000E+000
3253.0000,0.0000E+000
3254.0000,0.0000E+000
3255.0000,0.0000E+000
3256.0000,0.0000E+000
3257.0000,0.0000E+000
3258.0000,0.0000E+000
3259.0000,0.0000E+000
3260.0000,0.0000E+000
3261.0000,0.0000E+000
3262.0000,0.0000E+000
3263.0000,0.0000E+000
3264.0000,0.0000E+000
3265.0000,0.0000E+000
3266.0000,0.0000E+000
3267.0000,0.0000E+000
3268.0000,0.0000E+000
3269.0000,0.0000E+000
3270.0000,0.0000E+000
3271.0000,0.0000E+000
3272.0000,0.0000E+000
3273.0000,6.3758E-002
3274.0000,9.6155E-002
3275.0000,1.0990E-001
3276.0000,1.0910E-001
3277.0000,9.8134E-002
3278.0000,9.1887E-002
3279.0000,1.0131E-001
3280.0000,1.2978E-001
3281.0000,1.5762E-001
3282.0000,1.7587E-001
3283.0000,1.8772E-001
3284.0000,1.9581E-001
3285.0000,2.0539E-001
3286.0000,2.2515E-001
3287.0000,2.4755E-001
3288.0000,2.6822E-001
3289.0000,2.9501E-001
3290.0000,3.2587E-001
3291.0000,3.4734E-001
3292.0000,3.4991E-001
3293.0000,3.5736E-001
3294.0000,3.7731E-001
3295.0000,3.9442E-001
3296.0000,4.0671E-001
3297.0000,4.1005E-001
3298.0000,4.0330E-001
3299.0000,3.9758E-001
3300.0000,3.9422E-001
3301.0000,3.8924E-001
3302.0000,3.9088E-001
3303.0000,3.9412E-001
3304.0000,3.9849E-001
3305.0000,4.0427E-001
3306.0000,4.0983E-001
3307.0000,4.2095E-001
3308.0000,4.3965E-001
3309.0000,4.5930E-001
3310.0000,4.7804E-001
3311.0000,4.9320E-001
3312.0000,5.0560E-001
3313.0000,5.1534E-001
3314.0000,5.2614E-001
3315.0000,5.4029E-001
3316.0000,5.5326E-001
3317.0000,5.6241E-001
3318.0000,5.6787E-001
3319.0000,5.7022E-001
3320.0000,5.7271E-001
3321.0000,5.7895E-001
3322.0000,5.8620E-001
3323.0000,5.9456E-001
3324.0000,6.0538E-001
3325.0000,6.1641E-001
3326.0000,6.2629E-001
3327.0000,6.3506E-001
3328.0000,6.4527E-001
3329.0000,6.5764E-001
3330.0000,6.6806E-001
3331.0000,6.7395E-001
3332.0000,6.7844E-001
3333.0000,6.8462E-001
3334.0000,6.9335E-001
3335.0000,7.0322E-001
3336.0000,7.1074E-001
3337.0000,7.1379E-001
3338.0000,7.1423E-001
3339.0000,7.0988E-001
3340.0000,7.0266E-001
3341.0000,7.0495E-001
3342.0000,7.1160E-001
3343.0000,7.2086E-001
3344.0000,7.3140E-001
3345.0000,7.4270E-001
3346.0000,7.5289E-001
3347.0000,7.5930E-001
3348.0000,7.6554E-001
3349.0000,7.7519E-001
3350.0000,7.8364E-001
3351.0000,7.9136E-001
3352.0000,7.9919E-001
3353.0000,8.0387E-001
3354.0000,8.0697E-001
3355.0000,8.1012E-001
3356.0000,8.0452E-001
3357.0000,7.9446E-001
3358.0000,7.9834E-001
3359.0000,8.0515E-001
3360.0000,8.0645E-001
3361.0000,8.0509E-001
3362.0000,8.1150E-001
3363.0000,8.1883E-001
3364.0000,8.2374E-001
3365.0000,8.2455E-001
3366.0000,8.2432E-001
3367.0000,8.2582E-001
3368.0000,8.2799E-001
3369.0000,8.3294E-001
3370.0000,8.3929E-001
3371.0000,8.4409E-001
3372.0000,8.4851E-001
3373.0000,8.5056E-001
3374.0000,8.2961E-001
3375.0000,8.1319E-001
3376.0000,8.1317E-001
3377.0000,7.9793E-001
3378.0000,7.5963E-001
3379.0000,7.2019E-001
3380.0000,6.8465E-001
3381.0000,6.5812E-001
3382.0000,6.2480E-001
3383.0000,5.9121E-001
3384.0000,5.6275E-001
3385.0000,5.3028E-001
3386.0000,4.8859E-001
3387.0000,4.4708E-001
3388.0000,4.0149E-001
3389.0000,3.6952E-001
3390.0000,3.1554E-001
3391.0000,2.4090E-001
3392.0000,2.0901E-001
3393.0000,2.1196E-001
3394.0000,2.1455E-001
3395.0000,1.9307E-001
3396.0000,1.5316E-001
3397.0000,1.1299E-001
3398.0000,7.5252E-002
3399.0000,4.0501E-002
3400.0000,0.0000E+000
3401.0000,0.0000E+000
3402.0000,0.0000E+000
3403.0000,0.0000E+000
3404.0000,0.0000E+000
3405.0000,0.0000E+000
3406.0000,0.0000E+000
3407.0000,0.0000E+000
3408.0000,0.0000E+000
3409.0000,0.0000E+000
3410.0000,0.0000E+000
3411.0000,0.0000E+000
3412.0000,0.0000E+000
3413.0000,0.0000E+000
3414.0000,0.0000E+000
3415.0000,0.0000E+000
3416.0000,0.0000E+000
3417.0000,0.0000E+000
3418.0000,0.0000E+000
3419.0000,0.0000E+000
3420.0000,0.0000E+000
3421.0000,0.0000E+000
3422.0000,0.0000E+000
3423.0000,0.0000E+000
3424.0000,0.0000E+000
3425.0000,0.0000E+000
3426.0000,0.0000E+000
3427.0000,0.0000E+000
3428.0000,0.0000E+000
3429.0000,0.0000E+000
3430.0000,0.0000E+000
3431.0000,0.0000E+000
3432.0000,0.0000E+000
3433.0000,0.0000E+000
3434.0000,0.0000E+000
3435.0000,0.0000E+000
3436.0000,0.0000E+000
3437.0000,0.0000E+000
3438.0000,0.0000E+000
3439.0000,0.0000E+000
3440.0000,0.0000E+000
3441.0000,0.0000E+000
3442.0000,0.0000E+000
3443.0000,0.0000E+000
3444.0000,0.0000E+000
3445.0000,0.0000E+000
3446.0000,0.0000E+000
3447.0000,0.0000E+000
3448.0000,0.0000E+000
3449.0000,0.0000E+000
3450.0000,0.0000E+000
3451.0000,0.0000E+000
3452.0000,0.0000E+000
3453.0000,0.0000E+000
3454.0000,0.0000E+000
3455.0000,0.0000E+000
3456.0000,0.0000E+000
3457.0000,0.0000E+000
3458.0000,0.0000E+000
3459.0000,0.0000E+000
3460.0000,0.0000E+000
3461.0000,0.0000E+000
3462.0000,0.0000E+000
3463.0000,0.0000E+000
3464.0000,0.0000E+000
3465.0000,0.0000E+000
3466.0000,0.0000E+000
3467.0000,0.0000E+000
3468.0000,0.0000E+000
3469.0000,0.0000E+000
3470.0000,0.0000E+000
3471.0000,0.0000E+000
3472.0000,0.0000E+000
3473.0000,0.0000E+000
3474.0000,0.0000E+000
3475.0000,0.0000E+000
3476.0000,0.0000E+000
3477.0000,0.0000E+000
3478.0000,0.0000E+000
3479.0000,0.0000E+000
3480.0000,0.0000E+000
3481.0000,0.0000E+000
3482.0000,0.0000E+000
3483.0000,0.0000E+000
3484.0000,0.0000E+000
3485.0000,0.0000E+000
3486.0000,0.0000E+000
3487.0000,0.0000E+000
3488.0000,0.0000E+000
3489.0000,0.0000E+000
3490.0000,0.0000E+000
3491.0000,0.0000E+000
3492.0000,0.0000E+000
3493.0000,0.0000E+000
3494.0000,0.0000E+000
3495.0000,0.0000E+000
3496.0000,0.0000E+000
3497.0000,0.0000E+000
3498.0000,0.0000E+000
3499.0000,0.0000E+000
3500.0000,0.0000E+000
3501.0000,0.0000E+000
3502.0000,0.0000E+000
3503.0000,0.0000E+000
3504.0000,0.0000E+000
3505.0000,0.0000E+000
3506.0000,0.0000E+000
3507.0000,0.0000E+000
3508.0000,0.0000E+000
3509.0000,0.0000E+000
3510.0000,0.0000E+000
3511.0000,0.0000E+000
3512.0000,0.0000E+000
3513.0000,0.0000E+000
3514.0000,0.0000E+000
3515.0000,0.0000E+000
3516.0000,0.0000E+000
3517.0000,0.0000E+000
3518.0000,0.0000E+000
3519.0000,0.0000E+000
3520.0000,0.0000E+000
3521.0000,0.0000E+000
3522.0000,0.0000E+000
3523.0000,0.0000E+000
3524.0000,0.0000E+000
3525.0000,0.0000E+000
3526.0000,0.0000E+000
3527.0000,0.0000E+000
3528.0000,0.0000E+000
3529.0000,0.0000E+000
3530.0000,0.0000E+000
3531.0000,0.0000E+000
3532.0000,0.0000E+000
3533.0000,0.0000E+000
3534.0000,0.0000E+000
3535.0000,0.0000E+000
3536.0000,0.0000E+000
3537.0000,0.0000E+000
3538.0000,0.0000E+000
3539.0000,0.0000E+000
3540.0000,0.0000E+000
3541.0000,0.0000E+000
3542.0000,0.0000E+000
3543.0000,0.0000E+000
3544.0000,0.0000E+000
3545.0000,0.0000E+000
3546.0000,0.0000E+000
3547.0000,0.0000E+000
3548.0000,0.0000E+000
3549.0000,0.0000E+000
3550.0000,0.0000E+000
3551.0000,0.0000E+000
3552.0000,0.0000E+000
3553.0000,0.0000E+000
3554.0000,0.0000E+000
3555.0000,0.0000E+000
3556.0000,0.0000E+000
3557.0000,0.0000E+000
3558.0000,0.0000E+000
3559.0000,0.0000E+000
3560.0000,0.0000E+000
3561.0000,0.0000E+000
3562.0000,0.0000E+000
3563.0000,0.0000E+000
3564.0000,0.0000E+000
3565.0000,0.0000E+000
3566.0000,0.0000E+000
3567.0000,0.0000E+000
3568.0000,0.0000E+000
3569.0000,0.0000E+000
3570.0000,0.0000E+000
3571.0000,0.0000E+000
3572.0000,0.0000E+000
3573.0000,0.0000E+000
3574.0000,0.0000E+000
3575.0000,0.0000E+000
3576.0000,0.0000E+000
3577.0000,0.0000E+000
3578.0000,0.0000E+000
3579.0000,0.0000E+000
3580.0000,0.0000E+000
3581.0000,0.0000E+000
3582.0000,0.0000E+000
3583.0000,0.0000E+000
3584.0000,0.0000E+000
3585.0000,0.0000E+000
3586.0000,0.0000E+000
3587.0000,0.0000E+000
3588.0000,0.0000E+000
3589.0000,0.0000E+000
3590.0000,0.0000E+000
3591.0000,0.0000E+000
3592.0000,0.0000E+000
3593.0000,0.0000E+000
3594.0000,0.0000E+000
3595.0000,0.0000E+000
3596.0000,0.0000E+000
3597.0000,0.0000E+000
3598.0000,0.0000E+000
3599.0000,0.0000E+000
3600.0000,0.0000E+000
3601.0000,0.0000E+000
3602.0000,0.0000E+000
3603.0000,0.0000E+000
3604.0000,0.0000E+000
3605.0000,0.0000E+000
3606.0000,0.0000E+000
3607.0000,0.0000E+000
3608.0000,0.0000E+000
3609.0000,0.0000E+000
3610.0000,0.0000E+000
3611.0000,0.0000E+000
3612.0000,0.0000E+000
3613.0000,0.0000E+000
3614.0000,0.0000E+000
3615.0000,0.0000E+000
3616.0000,0.0000E+000
3617.0000,0.0000E+000
3618.0000,0.0000E+000
3619.0000,0.0000E+000
3620.0000,0.0000E+000
3621.0000,0.0000E+000
3622.0000,0.0000E+000
3623.0000,0.0000E+000
3624.0000,0.0000E+000
3625.0000,0.0000E+000
3626.0000,0.0000E+000
3627.0000,0.0000E+000
3628.0000,0.0000E+000
3629.0000,0.0000E+000
3630.0000,0.0000E+000
3631.0000,0.0000E+000
3632.0000,0.0000E+000
3633.0000,0.0000E+000
3634.0000,0.0000E+000
3635.0000,0.0000E+000
3636.0000,0.0000E+000
3637.0000,0.0000E+000
3638.0000,0.0000E+000
3639.0000,0.0000E+000
3640.0000,0.0000E+000
3641.0000,0.0000E+000
3642.0000,0.0000E+000
3643.0000,0.0000E+000
3644.0000,0.0000E+000
3645.0000,0.0000E+000
3646.0000,0.0000E+000
3647.0000,0.0000E+000
3648.0000,0.0000E+000
3649.0000,0.0000E+000
3650.0000,0.0000E+000
3651.0000,0.0000E+000
3652.0000,0.0000E+000
