"",32.900
177.0000,0.0000E+000
178.0000,4.0541E+002
179.0000,4.0057E+002
180.0000,4.1143E+002
181.0000,4.0736E+002
182.0000,3.6711E+002
183.0000,3.2390E+002
184.0000,3.3872E+002
185.0000,3.7351E+002
186.0000,4.0356E+002
187.0000,3.9886E+002
188.0000,3.7535E+002
189.0000,3.8342E+002
190.0000,3.6972E+002
191.0000,3.7839E+002
192.0000,3.6705E+002
193.0000,3.8149E+002
194.0000,3.7922E+002
195.0000,3.8914E+002
196.0000,3.8624E+002
197.0000,4.0873E+002
198.0000,4.1972E+002
199.0000,4.1063E+002
200.0000,3.7059E+002
201.0000,3.5106E+002
202.0000,3.7072E+002
203.0000,3.5330E+002
204.0000,3.3446E+002
205.0000,3.8316E+002
206.0000,3.6645E+002
207.0000,4.1462E+002
208.0000,3.4581E+002
209.0000,3.4257E+002
210.0000,3.5406E+002
211.0000,3.5443E+002
212.0000,3.8802E+002
213.0000,3.9072E+002
214.0000,3.7473E+002
215.0000,3.8599E+002
216.0000,3.8787E+002
217.0000,3.4971E+002
218.0000,3.6080E+002
219.0000,3.6633E+002
220.0000,3.8973E+002
221.0000,3.8012E+002
222.0000,3.7734E+002
223.0000,3.8872E+002
224.0000,4.0510E+002
225.0000,3.9893E+002
226.0000,3.9544E+002
227.0000,3.5706E+002
228.0000,3.4992E+002
229.0000,3.2830E+002
230.0000,3.5104E+002
231.0000,3.7908E+002
232.0000,3.9222E+002
233.0000,3.5381E+002
234.0000,3.4708E+002
235.0000,3.4974E+002
236.0000,3.4064E+002
237.0000,3.4338E+002
238.0000,3.4360E+002
239.0000,3.7133E+002
240.0000,4.0835E+002
241.0000,4.0169E+002
242.0000,4.2135E+002
243.0000,3.7698E+002
244.0000,3.4136E+002
245.0000,3.4861E+002
246.0000,3.4080E+002
247.0000,3.1583E+002
248.0000,3.2149E+002
249.0000,3.3314E+002
250.0000,3.3816E+002
251.0000,3.3836E+002
252.0000,3.0158E+002
253.0000,3.0014E+002
254.0000,3.4407E+002
255.0000,3.6791E+002
256.0000,3.5370E+002
257.0000,3.8944E+002
258.0000,3.9422E+002
259.0000,3.8728E+002
260.0000,3.5691E+002
261.0000,3.3180E+002
262.0000,3.5220E+002
263.0000,3.4019E+002
264.0000,3.2613E+002
265.0000,3.5954E+002
266.0000,2.9131E+002
267.0000,3.2709E+002
268.0000,3.6936E+002
269.0000,3.4462E+002
270.0000,2.9899E+002
271.0000,3.3556E+002
272.0000,3.0020E+002
273.0000,3.0905E+002
274.0000,3.1843E+002
275.0000,3.1893E+002
276.0000,3.3101E+002
277.0000,3.3262E+002
278.0000,3.4954E+002
279.0000,3.8090E+002
280.0000,3.9097E+002
281.0000,3.7023E+002
282.0000,3.6175E+002
283.0000,3.6674E+002
284.0000,3.4236E+002
285.0000,3.5183E+002
286.0000,3.5917E+002
287.0000,3.5771E+002
288.0000,3.2895E+002
289.0000,3.2333E+002
290.0000,3.2003E+002
291.0000,3.2121E+002
292.0000,2.9263E+002
293.0000,2.7156E+002
294.0000,2.9710E+002
295.0000,3.2733E+002
296.0000,3.0974E+002
297.0000,3.2804E+002
298.0000,3.1212E+002
299.0000,2.9713E+002
300.0000,2.8023E+002
301.0000,2.6705E+002
302.0000,2.7737E+002
303.0000,2.7961E+002
304.0000,2.8569E+002
305.0000,2.9607E+002
306.0000,2.7740E+002
307.0000,2.9195E+002
308.0000,2.9350E+002
309.0000,3.1851E+002
310.0000,2.8933E+002
311.0000,2.8096E+002
312.0000,2.6741E+002
313.0000,3.0864E+002
314.0000,2.5129E+002
315.0000,2.4790E+002
316.0000,2.7081E+002
317.0000,2.7701E+002
318.0000,2.8062E+002
319.0000,3.4981E+002
320.0000,2.8327E+002
321.0000,2.4138E+002
322.0000,2.4443E+002
323.0000,2.5127E+002
324.0000,2.5998E+002
325.0000,3.0099E+002
326.0000,2.6156E+002
327.0000,2.6832E+002
328.0000,2.2732E+002
329.0000,2.5499E+002
330.0000,2.7315E+002
331.0000,2.9949E+002
332.0000,3.2413E+002
333.0000,3.2867E+002
334.0000,2.6220E+002
335.0000,2.7362E+002
336.0000,2.3654E+002
337.0000,2.5935E+002
338.0000,2.3256E+002
339.0000,2.4705E+002
340.0000,2.2722E+002
341.0000,2.0688E+002
342.0000,2.5852E+002
343.0000,2.3933E+002
344.0000,2.3446E+002
345.0000,2.4575E+002
346.0000,2.0227E+002
347.0000,1.9822E+002
348.0000,2.1264E+002
349.0000,2.7757E+002
350.0000,2.3050E+002
351.0000,2.2605E+002
352.0000,2.4543E+002
353.0000,2.2984E+002
354.0000,0.0000E+000
355.0000,0.0000E+000
356.0000,0.0000E+000
357.0000,0.0000E+000
358.0000,0.0000E+000
359.0000,0.0000E+000
360.0000,0.0000E+000
361.0000,0.0000E+000
362.0000,0.0000E+000
363.0000,0.0000E+000
364.0000,0.0000E+000
365.0000,0.0000E+000
366.0000,0.0000E+000
367.0000,0.0000E+000
368.0000,0.0000E+000
369.0000,0.0000E+000
370.0000,0.0000E+000
371.0000,0.0000E+000
372.0000,0.0000E+000
373.0000,0.0000E+000
374.0000,0.0000E+000
375.0000,0.0000E+000
376.0000,2.8050E+002
377.0000,0.0000E+000
378.0000,3.2223E+002
379.0000,0.0000E+000
380.0000,0.0000E+000
381.0000,0.0000E+000
382.0000,2.9982E+002
383.0000,0.0000E+000
384.0000,2.6569E+002
385.0000,2.7714E+002
386.0000,0.0000E+000
387.0000,0.0000E+000
388.0000,0.0000E+000
389.0000,0.0000E+000
390.0000,0.0000E+000
391.0000,0.0000E+000
392.0000,0.0000E+000
393.0000,0.0000E+000
394.0000,0.0000E+000
395.0000,0.0000E+000
396.0000,0.0000E+000
397.0000,0.0000E+000
398.0000,2.9217E+002
399.0000,2.5650E+002
400.0000,2.9667E+002
401.0000,0.0000E+000
402.0000,0.0000E+000
403.0000,0.0000E+000
404.0000,0.0000E+000
405.0000,0.0000E+000
406.0000,0.0000E+000
407.0000,0.0000E+000
408.0000,0.0000E+000
409.0000,0.0000E+000
410.0000,0.0000E+000
411.0000,2.6163E+002
412.0000,2.6994E+002
413.0000,0.0000E+000
414.0000,0.0000E+000
415.0000,0.0000E+000
416.0000,0.0000E+000
417.0000,0.0000E+000
418.0000,0.0000E+000
419.0000,0.0000E+000
420.0000,0.0000E+000
421.0000,0.0000E+000
422.0000,0.0000E+000
423.0000,0.0000E+000
424.0000,0.0000E+000
425.0000,0.0000E+000
426.0000,0.0000E+000
427.0000,0.0000E+000
428.0000,0.0000E+000
429.0000,0.0000E+000
430.0000,0.0000E+000
431.0000,0.0000E+000
432.0000,0.0000E+000
433.0000,3.0330E+002
434.0000,2.6319E+002
435.0000,2.7441E+002
436.0000,3.0720E+002
437.0000,3.0188E+002
438.0000,0.0000E+000
439.0000,0.0000E+000
440.0000,0.0000E+000
441.0000,0.0000E+000
442.0000,0.0000E+000
443.0000,0.0000E+000
444.0000,0.0000E+000
445.0000,0.0000E+000
446.0000,0.0000E+000
447.0000,2.9123E+002
448.0000,2.7993E+002
449.0000,2.6555E+002
450.0000,2.4211E+002
451.0000,2.5430E+002
452.0000,2.5257E+002
453.0000,2.5824E+002
454.0000,2.7113E+002
455.0000,3.0531E+002
456.0000,2.6825E+002
457.0000,2.7497E+002
458.0000,3.0930E+002
459.0000,0.0000E+000
460.0000,2.5669E+002
461.0000,2.8017E+002
462.0000,2.9417E+002
463.0000,2.4634E+002
464.0000,2.6407E+002
465.0000,2.7059E+002
466.0000,2.8493E+002
467.0000,3.1852E+002
468.0000,2.9169E+002
469.0000,3.3614E+002
470.0000,2.9481E+002
471.0000,3.0167E+002
472.0000,2.9911E+002
473.0000,2.8881E+002
474.0000,2.7894E+002
475.0000,2.7716E+002
476.0000,2.8988E+002
477.0000,3.2082E+002
478.0000,3.3365E+002
479.0000,3.1495E+002
480.0000,2.5812E+002
481.0000,2.9075E+002
482.0000,2.5839E+002
483.0000,2.6139E+002
484.0000,2.7030E+002
485.0000,2.8809E+002
486.0000,3.2654E+002
487.0000,3.4869E+002
488.0000,3.4077E+002
489.0000,3.1605E+002
490.0000,3.1394E+002
491.0000,2.7557E+002
492.0000,3.0640E+002
493.0000,3.2850E+002
494.0000,3.6037E+002
495.0000,3.6500E+002
496.0000,3.6897E+002
497.0000,3.6570E+002
498.0000,3.5555E+002
499.0000,3.6271E+002
500.0000,3.6064E+002
501.0000,3.2818E+002
502.0000,3.3986E+002
503.0000,3.4128E+002
504.0000,3.2750E+002
505.0000,3.2291E+002
506.0000,3.2239E+002
507.0000,3.2121E+002
508.0000,3.1280E+002
509.0000,3.1886E+002
510.0000,3.5499E+002
511.0000,3.7262E+002
512.0000,3.3468E+002
513.0000,3.6524E+002
514.0000,3.7323E+002
515.0000,3.7645E+002
516.0000,3.8937E+002
517.0000,3.9510E+002
518.0000,3.8136E+002
519.0000,3.7105E+002
520.0000,3.5882E+002
521.0000,3.4710E+002
522.0000,3.6003E+002
523.0000,3.7820E+002
524.0000,3.7244E+002
525.0000,3.6573E+002
526.0000,3.5657E+002
527.0000,3.5432E+002
528.0000,3.6368E+002
529.0000,3.6779E+002
530.0000,3.6358E+002
531.0000,3.4515E+002
532.0000,3.5985E+002
533.0000,3.7945E+002
534.0000,3.8582E+002
535.0000,3.7629E+002
536.0000,3.4582E+002
537.0000,3.7594E+002
538.0000,3.8854E+002
539.0000,3.9758E+002
540.0000,3.9663E+002
541.0000,4.0930E+002
542.0000,4.0888E+002
543.0000,4.0244E+002
544.0000,4.0353E+002
545.0000,3.6135E+002
546.0000,3.4591E+002
547.0000,3.7678E+002
548.0000,3.6806E+002
549.0000,3.8186E+002
550.0000,3.7655E+002
551.0000,3.5862E+002
552.0000,3.5113E+002
553.0000,3.5532E+002
554.0000,3.7071E+002
555.0000,3.6805E+002
556.0000,3.7787E+002
557.0000,3.9051E+002
558.0000,4.0740E+002
559.0000,3.7568E+002
560.0000,3.8268E+002
561.0000,3.8497E+002
562.0000,3.9483E+002
563.0000,3.8787E+002
564.0000,3.7140E+002
565.0000,3.6971E+002
566.0000,4.0047E+002
567.0000,4.0040E+002
568.0000,3.9423E+002
569.0000,3.4688E+002
570.0000,3.7449E+002
571.0000,3.8697E+002
572.0000,3.9357E+002
573.0000,4.0302E+002
574.0000,3.7719E+002
575.0000,3.6843E+002
576.0000,3.5500E+002
577.0000,4.0333E+002
578.0000,4.0327E+002
579.0000,4.0722E+002
580.0000,3.8417E+002
581.0000,3.4333E+002
582.0000,3.3526E+002
583.0000,3.8169E+002
584.0000,3.6121E+002
585.0000,3.2655E+002
586.0000,3.4596E+002
587.0000,3.2618E+002
588.0000,3.1076E+002
589.0000,3.1017E+002
590.0000,3.3191E+002
591.0000,3.7240E+002
592.0000,3.4829E+002
593.0000,3.5490E+002
594.0000,3.7872E+002
595.0000,3.7163E+002
596.0000,3.9651E+002
597.0000,3.6961E+002
598.0000,3.3506E+002
599.0000,3.4345E+002
600.0000,3.3850E+002
601.0000,3.4965E+002
602.0000,3.5548E+002
603.0000,3.5577E+002
604.0000,3.9525E+002
605.0000,3.7977E+002
606.0000,3.6880E+002
607.0000,3.0748E+002
608.0000,3.3562E+002
609.0000,3.4943E+002
610.0000,3.7780E+002
611.0000,3.6363E+002
612.0000,3.6991E+002
613.0000,3.7213E+002
614.0000,3.5991E+002
615.0000,3.3215E+002
616.0000,3.4901E+002
617.0000,3.4201E+002
618.0000,3.0421E+002
619.0000,2.9157E+002
620.0000,3.2977E+002
621.0000,3.6386E+002
622.0000,3.8418E+002
623.0000,3.6913E+002
624.0000,3.3838E+002
625.0000,3.4123E+002
626.0000,3.6185E+002
627.0000,3.3484E+002
628.0000,3.0917E+002
629.0000,3.0554E+002
630.0000,3.5511E+002
631.0000,3.6898E+002
632.0000,3.3164E+002
633.0000,3.1295E+002
634.0000,3.1035E+002
635.0000,3.2189E+002
636.0000,3.4042E+002
637.0000,2.9791E+002
638.0000,3.4430E+002
639.0000,3.3779E+002
640.0000,3.2042E+002
641.0000,3.6148E+002
642.0000,3.2039E+002
643.0000,2.9415E+002
644.0000,2.8643E+002
645.0000,2.8713E+002
646.0000,3.1833E+002
647.0000,3.3228E+002
648.0000,3.3395E+002
649.0000,3.6083E+002
650.0000,2.6723E+002
651.0000,2.7363E+002
652.0000,2.8861E+002
653.0000,2.7252E+002
654.0000,3.0504E+002
655.0000,3.5434E+002
656.0000,3.3951E+002
657.0000,3.5743E+002
658.0000,2.8576E+002
659.0000,2.8174E+002
660.0000,3.1890E+002
661.0000,3.1245E+002
662.0000,3.0156E+002
663.0000,2.9137E+002
664.0000,2.5676E+002
665.0000,3.3539E+002
666.0000,2.9455E+002
667.0000,2.7105E+002
668.0000,2.9451E+002
669.0000,3.0904E+002
670.0000,2.9358E+002
671.0000,2.6168E+002
672.0000,2.5876E+002
673.0000,2.6801E+002
674.0000,2.7766E+002
675.0000,2.8618E+002
676.0000,3.3332E+002
677.0000,3.3305E+002
678.0000,2.9224E+002
679.0000,2.8718E+002
680.0000,3.3480E+002
681.0000,3.3905E+002
682.0000,3.3674E+002
683.0000,3.2709E+002
684.0000,3.4559E+002
685.0000,3.4210E+002
686.0000,2.9654E+002
687.0000,3.0083E+002
688.0000,2.8196E+002
689.0000,2.4082E+002
690.0000,2.4653E+002
691.0000,2.7541E+002
692.0000,2.6290E+002
693.0000,2.4215E+002
694.0000,2.6229E+002
695.0000,2.9540E+002
696.0000,3.0880E+002
697.0000,3.1034E+002
698.0000,3.3269E+002
699.0000,3.4779E+002
700.0000,2.7128E+002
701.0000,2.3877E+002
702.0000,2.5189E+002
703.0000,2.3347E+002
704.0000,2.4514E+002
705.0000,2.6605E+002
706.0000,2.3004E+002
707.0000,2.3527E+002
708.0000,2.4875E+002
709.0000,2.6697E+002
710.0000,2.4256E+002
711.0000,3.0399E+002
712.0000,2.7896E+002
713.0000,2.7484E+002
714.0000,2.7374E+002
715.0000,2.7322E+002
716.0000,2.7505E+002
717.0000,2.4733E+002
718.0000,2.3031E+002
719.0000,2.4644E+002
720.0000,2.4585E+002
721.0000,3.1102E+002
722.0000,2.8106E+002
723.0000,2.4556E+002
724.0000,2.9450E+002
725.0000,2.7337E+002
726.0000,2.4197E+002
727.0000,2.2549E+002
728.0000,2.5365E+002
729.0000,2.3030E+002
730.0000,2.8376E+002
731.0000,2.6874E+002
732.0000,2.2960E+002
733.0000,2.4865E+002
734.0000,2.9441E+002
735.0000,3.3170E+002
736.0000,2.6141E+002
737.0000,2.8731E+002
738.0000,2.4727E+002
739.0000,2.3432E+002
740.0000,2.2221E+002
741.0000,2.5901E+002
742.0000,2.8750E+002
743.0000,2.7315E+002
744.0000,2.7859E+002
745.0000,2.6288E+002
746.0000,1.9484E+002
747.0000,2.2470E+002
748.0000,2.6100E+002
749.0000,2.3082E+002
750.0000,0.0000E+000
751.0000,0.0000E+000
752.0000,0.0000E+000
753.0000,0.0000E+000
754.0000,0.0000E+000
755.0000,0.0000E+000
756.0000,0.0000E+000
757.0000,0.0000E+000
758.0000,0.0000E+000
759.0000,0.0000E+000
760.0000,0.0000E+000
761.0000,0.0000E+000
762.0000,0.0000E+000
763.0000,0.0000E+000
764.0000,0.0000E+000
765.0000,0.0000E+000
766.0000,0.0000E+000
767.0000,0.0000E+000
768.0000,0.0000E+000
769.0000,0.0000E+000
770.0000,0.0000E+000
771.0000,0.0000E+000
772.0000,0.0000E+000
773.0000,0.0000E+000
774.0000,0.0000E+000
775.0000,0.0000E+000
776.0000,0.0000E+000
777.0000,0.0000E+000
778.0000,0.0000E+000
779.0000,0.0000E+000
780.0000,0.0000E+000
781.0000,0.0000E+000
782.0000,0.0000E+000
783.0000,0.0000E+000
784.0000,0.0000E+000
785.0000,0.0000E+000
786.0000,0.0000E+000
787.0000,0.0000E+000
788.0000,0.0000E+000
789.0000,0.0000E+000
790.0000,0.0000E+000
791.0000,0.0000E+000
792.0000,0.0000E+000
793.0000,0.0000E+000
794.0000,0.0000E+000
795.0000,0.0000E+000
796.0000,0.0000E+000
797.0000,0.0000E+000
798.0000,0.0000E+000
799.0000,2.7548E+002
800.0000,2.5036E+002
801.0000,2.7073E+002
802.0000,2.9411E+002
803.0000,3.1457E+002
804.0000,0.0000E+000
805.0000,0.0000E+000
806.0000,0.0000E+000
807.0000,0.0000E+000
808.0000,0.0000E+000
809.0000,0.0000E+000
810.0000,2.8189E+002
811.0000,2.8848E+002
812.0000,2.5017E+002
813.0000,2.9706E+002
814.0000,2.7208E+002
815.0000,3.1243E+002
816.0000,2.6437E+002
817.0000,0.0000E+000
818.0000,2.4894E+002
819.0000,2.3700E+002
820.0000,2.6735E+002
821.0000,3.1163E+002
822.0000,3.1042E+002
823.0000,0.0000E+000
824.0000,0.0000E+000
825.0000,0.0000E+000
826.0000,0.0000E+000
827.0000,0.0000E+000
828.0000,0.0000E+000
829.0000,0.0000E+000
830.0000,0.0000E+000
831.0000,0.0000E+000
832.0000,0.0000E+000
833.0000,2.9286E+002
834.0000,2.9698E+002
835.0000,3.2752E+002
836.0000,3.1668E+002
837.0000,3.1864E+002
838.0000,3.0317E+002
839.0000,2.6668E+002
840.0000,2.7976E+002
841.0000,2.8459E+002
842.0000,3.0413E+002
843.0000,3.1346E+002
844.0000,2.9043E+002
845.0000,2.9325E+002
846.0000,3.2997E+002
847.0000,3.3162E+002
848.0000,3.3266E+002
849.0000,3.1184E+002
850.0000,2.7865E+002
851.0000,3.0543E+002
852.0000,2.6089E+002
853.0000,2.6299E+002
854.0000,2.7963E+002
855.0000,2.8368E+002
856.0000,2.7519E+002
857.0000,2.8905E+002
858.0000,3.2099E+002
859.0000,3.6134E+002
860.0000,3.6675E+002
861.0000,3.0271E+002
862.0000,2.8634E+002
863.0000,2.8071E+002
864.0000,3.3862E+002
865.0000,3.6741E+002
866.0000,3.4499E+002
867.0000,3.3060E+002
868.0000,3.3900E+002
869.0000,3.5422E+002
870.0000,3.3236E+002
871.0000,2.8793E+002
872.0000,3.1262E+002
873.0000,3.3238E+002
874.0000,3.4697E+002
875.0000,3.4137E+002
876.0000,3.4183E+002
877.0000,3.5516E+002
878.0000,3.1005E+002
879.0000,3.2879E+002
880.0000,3.6708E+002
881.0000,3.7321E+002
882.0000,3.7537E+002
883.0000,3.8547E+002
884.0000,3.8425E+002
885.0000,3.6927E+002
886.0000,3.2065E+002
887.0000,3.0409E+002
888.0000,3.5155E+002
889.0000,3.8146E+002
890.0000,3.6925E+002
891.0000,3.6066E+002
892.0000,3.6462E+002
893.0000,3.5350E+002
894.0000,3.2630E+002
895.0000,3.2301E+002
896.0000,3.4474E+002
897.0000,3.5923E+002
898.0000,3.2927E+002
899.0000,3.6144E+002
900.0000,3.7692E+002
901.0000,3.3486E+002
902.0000,3.4485E+002
903.0000,3.1069E+002
904.0000,3.1623E+002
905.0000,3.6091E+002
906.0000,3.6593E+002
907.0000,3.8176E+002
908.0000,3.9346E+002
909.0000,3.3872E+002
910.0000,3.2710E+002
911.0000,3.3276E+002
912.0000,3.2732E+002
913.0000,3.3194E+002
914.0000,3.5403E+002
915.0000,3.9865E+002
916.0000,3.6673E+002
917.0000,3.5053E+002
918.0000,3.7715E+002
919.0000,3.9007E+002
920.0000,3.8920E+002
921.0000,3.9628E+002
922.0000,3.6445E+002
923.0000,3.4166E+002
924.0000,3.4491E+002
925.0000,3.6578E+002
926.0000,3.4741E+002
927.0000,3.4607E+002
928.0000,3.7750E+002
929.0000,3.9636E+002
930.0000,3.9022E+002
931.0000,3.4173E+002
932.0000,3.4090E+002
933.0000,3.5990E+002
934.0000,3.8948E+002
935.0000,3.5833E+002
936.0000,3.7044E+002
937.0000,3.7800E+002
938.0000,3.8540E+002
939.0000,3.8878E+002
940.0000,3.7587E+002
941.0000,3.5853E+002
942.0000,3.6622E+002
943.0000,3.7113E+002
944.0000,3.7821E+002
945.0000,3.6685E+002
946.0000,3.2448E+002
947.0000,3.6441E+002
948.0000,3.7905E+002
949.0000,4.0109E+002
950.0000,3.5107E+002
951.0000,3.5642E+002
952.0000,3.3849E+002
953.0000,3.5879E+002
954.0000,3.6513E+002
955.0000,3.2108E+002
956.0000,3.4435E+002
957.0000,3.5990E+002
958.0000,3.5214E+002
959.0000,3.2544E+002
960.0000,3.1081E+002
961.0000,3.2977E+002
962.0000,3.2455E+002
963.0000,3.2455E+002
964.0000,3.8282E+002
965.0000,3.8796E+002
966.0000,3.9127E+002
967.0000,3.8803E+002
968.0000,3.5315E+002
969.0000,3.4533E+002
970.0000,3.5645E+002
971.0000,3.7351E+002
972.0000,3.7942E+002
973.0000,3.1429E+002
974.0000,3.0222E+002
975.0000,3.3135E+002
976.0000,3.2301E+002
977.0000,2.9950E+002
978.0000,3.4139E+002
979.0000,3.6614E+002
980.0000,3.7745E+002
981.0000,3.8030E+002
982.0000,3.8626E+002
983.0000,3.8524E+002
984.0000,3.3051E+002
985.0000,3.1306E+002
986.0000,3.2353E+002
987.0000,3.5110E+002
988.0000,3.1874E+002
989.0000,2.9848E+002
990.0000,2.9089E+002
991.0000,2.9253E+002
992.0000,3.2144E+002
993.0000,3.4691E+002
994.0000,3.4737E+002
995.0000,3.1776E+002
996.0000,3.1436E+002
997.0000,3.2470E+002
998.0000,3.7066E+002
999.0000,3.6886E+002
1000.0000,3.6144E+002
1001.0000,3.2198E+002
1002.0000,2.9730E+002
1003.0000,3.0937E+002
1004.0000,3.1260E+002
1005.0000,3.4452E+002
1006.0000,3.3912E+002
1007.0000,3.3591E+002
1008.0000,3.4564E+002
1009.0000,3.5020E+002
1010.0000,3.5352E+002
1011.0000,3.3389E+002
1012.0000,3.5498E+002
1013.0000,3.5031E+002
1014.0000,3.4496E+002
1015.0000,2.8349E+002
1016.0000,3.0568E+002
1017.0000,2.9636E+002
1018.0000,2.8310E+002
1019.0000,3.0233E+002
1020.0000,3.3785E+002
1021.0000,3.7143E+002
1022.0000,3.5568E+002
1023.0000,3.0250E+002
1024.0000,3.0211E+002
1025.0000,3.4917E+002
1026.0000,3.4325E+002
1027.0000,3.1046E+002
1028.0000,2.8683E+002
1029.0000,3.6215E+002
1030.0000,2.9490E+002
1031.0000,2.5294E+002
1032.0000,2.8374E+002
1033.0000,2.8881E+002
1034.0000,3.0164E+002
1035.0000,2.6222E+002
1036.0000,2.8678E+002
1037.0000,2.7337E+002
1038.0000,2.7975E+002
1039.0000,3.0085E+002
1040.0000,2.7398E+002
1041.0000,2.7078E+002
1042.0000,2.8467E+002
1043.0000,2.6832E+002
1044.0000,2.3888E+002
1045.0000,2.6058E+002
1046.0000,2.9941E+002
1047.0000,2.7237E+002
1048.0000,3.2771E+002
1049.0000,2.9672E+002
1050.0000,2.4736E+002
1051.0000,2.4692E+002
1052.0000,2.3187E+002
1053.0000,2.7261E+002
1054.0000,3.0198E+002
1055.0000,3.2688E+002
1056.0000,2.5701E+002
1057.0000,2.2970E+002
1058.0000,2.4799E+002
1059.0000,2.9089E+002
1060.0000,3.1869E+002
1061.0000,2.5040E+002
1062.0000,2.8387E+002
1063.0000,2.4446E+002
1064.0000,2.2485E+002
1065.0000,2.6157E+002
1066.0000,2.8642E+002
1067.0000,2.5427E+002
1068.0000,2.4888E+002
1069.0000,2.2575E+002
1070.0000,2.5438E+002
1071.0000,2.4861E+002
1072.0000,2.5804E+002
1073.0000,2.7919E+002
1074.0000,2.5980E+002
1075.0000,2.8165E+002
1076.0000,2.4024E+002
1077.0000,2.6732E+002
1078.0000,2.2554E+002
1079.0000,2.7390E+002
1080.0000,2.4045E+002
1081.0000,2.1116E+002
1082.0000,2.5729E+002
1083.0000,2.7559E+002
1084.0000,2.6852E+002
1085.0000,2.5458E+002
1086.0000,2.8675E+002
1087.0000,2.5270E+002
1088.0000,2.3936E+002
1089.0000,2.2981E+002
1090.0000,2.7085E+002
1091.0000,2.6463E+002
1092.0000,2.7288E+002
1093.0000,2.4211E+002
1094.0000,0.0000E+000
1095.0000,0.0000E+000
1096.0000,0.0000E+000
1097.0000,0.0000E+000
1098.0000,0.0000E+000
1099.0000,0.0000E+000
1100.0000,0.0000E+000
1101.0000,2.9170E+002
1102.0000,2.9543E+002
1103.0000,2.8773E+002
1104.0000,0.0000E+000
1105.0000,0.0000E+000
1106.0000,0.0000E+000
1107.0000,0.0000E+000
1108.0000,0.0000E+000
1109.0000,0.0000E+000
1110.0000,0.0000E+000
1111.0000,0.0000E+000
1112.0000,0.0000E+000
1113.0000,0.0000E+000
1114.0000,0.0000E+000
1115.0000,0.0000E+000
1116.0000,0.0000E+000
1117.0000,0.0000E+000
1118.0000,0.0000E+000
1119.0000,0.0000E+000
1120.0000,0.0000E+000
1121.0000,0.0000E+000
1122.0000,0.0000E+000
1123.0000,0.0000E+000
1124.0000,0.0000E+000
1125.0000,0.0000E+000
1126.0000,0.0000E+000
1127.0000,0.0000E+000
1128.0000,0.0000E+000
1129.0000,0.0000E+000
1130.0000,0.0000E+000
1131.0000,0.0000E+000
1132.0000,0.0000E+000
1133.0000,0.0000E+000
1134.0000,0.0000E+000
1135.0000,0.0000E+000
1136.0000,0.0000E+000
1137.0000,0.0000E+000
1138.0000,0.0000E+000
1139.0000,0.0000E+000
1140.0000,0.0000E+000
1141.0000,0.0000E+000
1142.0000,0.0000E+000
1143.0000,3.1277E+002
1144.0000,0.0000E+000
1145.0000,0.0000E+000
1146.0000,0.0000E+000
1147.0000,0.0000E+000
1148.0000,0.0000E+000
1149.0000,0.0000E+000
1150.0000,0.0000E+000
1151.0000,0.0000E+000
1152.0000,0.0000E+000
1153.0000,0.0000E+000
1154.0000,0.0000E+000
1155.0000,0.0000E+000
1156.0000,0.0000E+000
1157.0000,0.0000E+000
1158.0000,2.8090E+002
1159.0000,3.0485E+002
1160.0000,0.0000E+000
1161.0000,0.0000E+000
1162.0000,0.0000E+000
1163.0000,0.0000E+000
1164.0000,0.0000E+000
1165.0000,0.0000E+000
1166.0000,0.0000E+000
1167.0000,0.0000E+000
1168.0000,0.0000E+000
1169.0000,0.0000E+000
1170.0000,0.0000E+000
1171.0000,0.0000E+000
1172.0000,0.0000E+000
1173.0000,0.0000E+000
1174.0000,2.9671E+002
1175.0000,0.0000E+000
1176.0000,0.0000E+000
1177.0000,0.0000E+000
1178.0000,0.0000E+000
1179.0000,0.0000E+000
1180.0000,2.7255E+002
1181.0000,0.0000E+000
1182.0000,0.0000E+000
1183.0000,0.0000E+000
1184.0000,0.0000E+000
1185.0000,0.0000E+000
1186.0000,3.4566E+002
1187.0000,2.5549E+002
1188.0000,0.0000E+000
1189.0000,2.8769E+002
1190.0000,3.0252E+002
1191.0000,2.7004E+002
1192.0000,2.7126E+002
1193.0000,2.5512E+002
1194.0000,2.6847E+002
1195.0000,2.8813E+002
1196.0000,2.8094E+002
1197.0000,3.2659E+002
1198.0000,2.8254E+002
1199.0000,2.5238E+002
1200.0000,2.5370E+002
1201.0000,2.6249E+002
1202.0000,2.7005E+002
1203.0000,2.8811E+002
1204.0000,3.0298E+002
1205.0000,2.8922E+002
1206.0000,2.8273E+002
1207.0000,2.9151E+002
1208.0000,3.1002E+002
1209.0000,3.0016E+002
1210.0000,2.8416E+002
1211.0000,2.9597E+002
1212.0000,3.2453E+002
1213.0000,3.2307E+002
1214.0000,3.4473E+002
1215.0000,2.6353E+002
1216.0000,2.6665E+002
1217.0000,3.1310E+002
1218.0000,3.2478E+002
1219.0000,3.3354E+002
1220.0000,2.8349E+002
1221.0000,2.9827E+002
1222.0000,2.8755E+002
1223.0000,3.5135E+002
1224.0000,3.0974E+002
1225.0000,3.2099E+002
1226.0000,2.8707E+002
1227.0000,3.0888E+002
1228.0000,3.0201E+002
1229.0000,3.0023E+002
1230.0000,3.3274E+002
1231.0000,3.1176E+002
1232.0000,3.1877E+002
1233.0000,3.1927E+002
1234.0000,3.2461E+002
1235.0000,2.9663E+002
1236.0000,3.0388E+002
1237.0000,3.1252E+002
1238.0000,3.1255E+002
1239.0000,3.0554E+002
1240.0000,2.9580E+002
1241.0000,3.2293E+002
1242.0000,3.6418E+002
1243.0000,2.8120E+002
1244.0000,2.9047E+002
1245.0000,3.1220E+002
1246.0000,3.6972E+002
1247.0000,3.4471E+002
1248.0000,3.3436E+002
1249.0000,3.3797E+002
1250.0000,3.6731E+002
1251.0000,3.8014E+002
1252.0000,3.6731E+002
1253.0000,3.8668E+002
1254.0000,3.7322E+002
1255.0000,3.9022E+002
1256.0000,3.9363E+002
1257.0000,3.5769E+002
1258.0000,3.2115E+002
1259.0000,3.2162E+002
1260.0000,3.6996E+002
1261.0000,3.8971E+002
1262.0000,3.5999E+002
1263.0000,3.4961E+002
1264.0000,3.2990E+002
1265.0000,3.4208E+002
1266.0000,3.4311E+002
1267.0000,3.4631E+002
1268.0000,3.5889E+002
1269.0000,3.9188E+002
1270.0000,3.5849E+002
1271.0000,3.4325E+002
1272.0000,3.5836E+002
1273.0000,3.8657E+002
1274.0000,3.9927E+002
1275.0000,4.0162E+002
1276.0000,3.8770E+002
1277.0000,3.5913E+002
1278.0000,3.6246E+002
1279.0000,3.5853E+002
1280.0000,3.6301E+002
1281.0000,3.6619E+002
1282.0000,3.8017E+002
1283.0000,3.9060E+002
1284.0000,3.9631E+002
1285.0000,3.9539E+002
1286.0000,3.6145E+002
1287.0000,3.4957E+002
1288.0000,3.7084E+002
1289.0000,3.7485E+002
1290.0000,3.8559E+002
1291.0000,3.4531E+002
1292.0000,3.5098E+002
1293.0000,3.6142E+002
1294.0000,3.7980E+002
1295.0000,3.8762E+002
1296.0000,3.9610E+002
1297.0000,3.9942E+002
1298.0000,3.8052E+002
1299.0000,3.9236E+002
1300.0000,4.1034E+002
1301.0000,3.5953E+002
1302.0000,3.6295E+002
1303.0000,3.7692E+002
1304.0000,3.6381E+002
1305.0000,3.6405E+002
1306.0000,3.5570E+002
1307.0000,3.7868E+002
1308.0000,3.7360E+002
1309.0000,3.7242E+002
1310.0000,3.8315E+002
1311.0000,3.7554E+002
1312.0000,3.7313E+002
1313.0000,3.8692E+002
1314.0000,3.7504E+002
1315.0000,3.7940E+002
1316.0000,3.6741E+002
1317.0000,3.5620E+002
1318.0000,3.6849E+002
1319.0000,3.7307E+002
1320.0000,3.5291E+002
1321.0000,3.5634E+002
1322.0000,3.5008E+002
1323.0000,3.5840E+002
1324.0000,3.4736E+002
1325.0000,3.6530E+002
1326.0000,3.6242E+002
1327.0000,3.0622E+002
1328.0000,3.3298E+002
1329.0000,3.4921E+002
1330.0000,3.3922E+002
1331.0000,3.4932E+002
1332.0000,3.7355E+002
1333.0000,3.2177E+002
1334.0000,3.2480E+002
1335.0000,3.4465E+002
1336.0000,3.4628E+002
1337.0000,3.8473E+002
1338.0000,3.2997E+002
1339.0000,3.2323E+002
1340.0000,3.4298E+002
1341.0000,3.5260E+002
1342.0000,3.7182E+002
1343.0000,3.7011E+002
1344.0000,3.8596E+002
1345.0000,3.7762E+002
1346.0000,3.2854E+002
1347.0000,3.6036E+002
1348.0000,3.2492E+002
1349.0000,3.2527E+002
1350.0000,3.4557E+002
1351.0000,3.8371E+002
1352.0000,3.9685E+002
1353.0000,3.7636E+002
1354.0000,3.4040E+002
1355.0000,3.1986E+002
1356.0000,3.2075E+002
1357.0000,2.8089E+002
1358.0000,2.8457E+002
1359.0000,3.3273E+002
1360.0000,3.3199E+002
1361.0000,2.9580E+002
1362.0000,3.1554E+002
1363.0000,3.1081E+002
1364.0000,3.4917E+002
1365.0000,3.8358E+002
1366.0000,3.8651E+002
1367.0000,3.6831E+002
1368.0000,3.5486E+002
1369.0000,3.5533E+002
1370.0000,3.1773E+002
1371.0000,3.0747E+002
1372.0000,2.8840E+002
1373.0000,3.1310E+002
1374.0000,2.8858E+002
1375.0000,2.7698E+002
1376.0000,2.8869E+002
1377.0000,3.3812E+002
1378.0000,2.9483E+002
1379.0000,2.9718E+002
1380.0000,2.9784E+002
1381.0000,3.2655E+002
1382.0000,3.2798E+002
1383.0000,3.1207E+002
1384.0000,3.3503E+002
1385.0000,3.1556E+002
1386.0000,2.6325E+002
1387.0000,2.5642E+002
1388.0000,2.5799E+002
1389.0000,3.0254E+002
1390.0000,3.1579E+002
1391.0000,2.6785E+002
1392.0000,2.6111E+002
1393.0000,3.2088E+002
1394.0000,3.1811E+002
1395.0000,2.9350E+002
1396.0000,3.3339E+002
1397.0000,2.9243E+002
1398.0000,2.5529E+002
1399.0000,2.6266E+002
1400.0000,2.8686E+002
1401.0000,2.4304E+002
1402.0000,2.7411E+002
1403.0000,2.9482E+002
1404.0000,3.1635E+002
1405.0000,3.4001E+002
1406.0000,3.4499E+002
1407.0000,3.4854E+002
1408.0000,3.0234E+002
1409.0000,2.7896E+002
1410.0000,2.7152E+002
1411.0000,2.5163E+002
1412.0000,2.8385E+002
1413.0000,3.3894E+002
1414.0000,3.4931E+002
1415.0000,3.2249E+002
1416.0000,2.6401E+002
1417.0000,2.4619E+002
1418.0000,2.2591E+002
1419.0000,2.4408E+002
1420.0000,2.3100E+002
1421.0000,2.2884E+002
1422.0000,2.1890E+002
1423.0000,2.5075E+002
1424.0000,3.0521E+002
1425.0000,2.6697E+002
1426.0000,2.4928E+002
1427.0000,2.6027E+002
1428.0000,2.5801E+002
1429.0000,2.5827E+002
1430.0000,2.9820E+002
1431.0000,2.5986E+002
1432.0000,2.3519E+002
1433.0000,2.6997E+002
1434.0000,2.5058E+002
1435.0000,2.3760E+002
1436.0000,2.6884E+002
1437.0000,2.0682E+002
1438.0000,2.6008E+002
1439.0000,3.2090E+002
1440.0000,2.8346E+002
1441.0000,2.8157E+002
1442.0000,2.1669E+002
1443.0000,2.4494E+002
1444.0000,2.8663E+002
1445.0000,2.7797E+002
1446.0000,2.8222E+002
1447.0000,2.4779E+002
1448.0000,2.4038E+002
1449.0000,2.5936E+002
1450.0000,2.6158E+002
1451.0000,2.2702E+002
1452.0000,2.1041E+002
1453.0000,2.8212E+002
1454.0000,2.6026E+002
1455.0000,0.0000E+000
1456.0000,0.0000E+000
1457.0000,3.0636E+002
1458.0000,0.0000E+000
1459.0000,0.0000E+000
1460.0000,0.0000E+000
1461.0000,0.0000E+000
1462.0000,0.0000E+000
1463.0000,0.0000E+000
1464.0000,0.0000E+000
1465.0000,0.0000E+000
1466.0000,0.0000E+000
1467.0000,0.0000E+000
1468.0000,0.0000E+000
1469.0000,0.0000E+000
1470.0000,0.0000E+000
1471.0000,0.0000E+000
1472.0000,0.0000E+000
1473.0000,0.0000E+000
1474.0000,0.0000E+000
1475.0000,0.0000E+000
1476.0000,0.0000E+000
1477.0000,0.0000E+000
1478.0000,0.0000E+000
1479.0000,0.0000E+000
1480.0000,0.0000E+000
1481.0000,0.0000E+000
1482.0000,0.0000E+000
1483.0000,0.0000E+000
1484.0000,0.0000E+000
1485.0000,0.0000E+000
1486.0000,0.0000E+000
1487.0000,0.0000E+000
1488.0000,0.0000E+000
1489.0000,0.0000E+000
1490.0000,0.0000E+000
1491.0000,0.0000E+000
1492.0000,0.0000E+000
1493.0000,0.0000E+000
1494.0000,0.0000E+000
1495.0000,0.0000E+000
1496.0000,0.0000E+000
1497.0000,0.0000E+000
1498.0000,0.0000E+000
1499.0000,2.7232E+002
1500.0000,0.0000E+000
1501.0000,0.0000E+000
1502.0000,2.7843E+002
1503.0000,2.9508E+002
1504.0000,0.0000E+000
1505.0000,0.0000E+000
1506.0000,0.0000E+000
1507.0000,0.0000E+000
1508.0000,0.0000E+000
1509.0000,0.0000E+000
1510.0000,0.0000E+000
1511.0000,0.0000E+000
1512.0000,0.0000E+000
1513.0000,0.0000E+000
1514.0000,0.0000E+000
1515.0000,0.0000E+000
1516.0000,0.0000E+000
1517.0000,0.0000E+000
1518.0000,2.6944E+002
1519.0000,0.0000E+000
1520.0000,0.0000E+000
1521.0000,0.0000E+000
1522.0000,0.0000E+000
1523.0000,0.0000E+000
1524.0000,0.0000E+000
1525.0000,2.8454E+002
1526.0000,2.7370E+002
1527.0000,2.9174E+002
1528.0000,0.0000E+000
1529.0000,0.0000E+000
1530.0000,3.0207E+002
1531.0000,0.0000E+000
1532.0000,0.0000E+000
1533.0000,0.0000E+000
1534.0000,2.4859E+002
1535.0000,2.5142E+002
1536.0000,0.0000E+000
1537.0000,2.7561E+002
1538.0000,2.9253E+002
1539.0000,0.0000E+000
1540.0000,0.0000E+000
1541.0000,0.0000E+000
1542.0000,0.0000E+000
1543.0000,0.0000E+000
1544.0000,0.0000E+000
1545.0000,2.7114E+002
1546.0000,2.9365E+002
1547.0000,2.8797E+002
1548.0000,3.0740E+002
1549.0000,3.1090E+002
1550.0000,2.8016E+002
1551.0000,2.8363E+002
1552.0000,3.0621E+002
1553.0000,3.2140E+002
1554.0000,3.2100E+002
1555.0000,2.9523E+002
1556.0000,2.8656E+002
1557.0000,3.1355E+002
1558.0000,0.0000E+000
1559.0000,2.5950E+002
1560.0000,2.7188E+002
1561.0000,3.0006E+002
1562.0000,0.0000E+000
1563.0000,0.0000E+000
1564.0000,2.6587E+002
1565.0000,2.6841E+002
1566.0000,2.5413E+002
1567.0000,2.6558E+002
1568.0000,3.0032E+002
1569.0000,2.7692E+002
1570.0000,2.7457E+002
1571.0000,3.3998E+002
1572.0000,3.2038E+002
1573.0000,3.0163E+002
1574.0000,2.7008E+002
1575.0000,3.1632E+002
1576.0000,3.4046E+002
1577.0000,3.3840E+002
1578.0000,3.4311E+002
1579.0000,2.8035E+002
1580.0000,2.8206E+002
1581.0000,3.4778E+002
1582.0000,3.1902E+002
1583.0000,2.9695E+002
1584.0000,3.1816E+002
1585.0000,3.3187E+002
1586.0000,3.4601E+002
1587.0000,3.5335E+002
1588.0000,3.2475E+002
1589.0000,3.4701E+002
1590.0000,3.1667E+002
1591.0000,2.9985E+002
1592.0000,3.0756E+002
1593.0000,3.0235E+002
1594.0000,3.1773E+002
1595.0000,3.4035E+002
1596.0000,3.3559E+002
1597.0000,3.4722E+002
1598.0000,3.0988E+002
1599.0000,2.7738E+002
1600.0000,3.1128E+002
1601.0000,3.2111E+002
1602.0000,3.3143E+002
1603.0000,3.4131E+002
1604.0000,3.5616E+002
1605.0000,3.0404E+002
1606.0000,2.8250E+002
1607.0000,3.4490E+002
1608.0000,3.5894E+002
1609.0000,3.6560E+002
1610.0000,3.3927E+002
1611.0000,3.1093E+002
1612.0000,2.8814E+002
1613.0000,3.4232E+002
1614.0000,3.3148E+002
1615.0000,3.3264E+002
1616.0000,3.3485E+002
1617.0000,3.4261E+002
1618.0000,3.3771E+002
1619.0000,3.4662E+002
1620.0000,3.6770E+002
1621.0000,3.7322E+002
1622.0000,3.7164E+002
1623.0000,3.9602E+002
1624.0000,3.5307E+002
1625.0000,3.7370E+002
1626.0000,3.6233E+002
1627.0000,3.6645E+002
1628.0000,3.1808E+002
1629.0000,3.5582E+002
1630.0000,3.9214E+002
1631.0000,3.7273E+002
1632.0000,3.9576E+002
1633.0000,3.9219E+002
1634.0000,3.9070E+002
1635.0000,3.9669E+002
1636.0000,3.9654E+002
1637.0000,3.7930E+002
1638.0000,3.7066E+002
1639.0000,3.8821E+002
1640.0000,3.9175E+002
1641.0000,3.7245E+002
1642.0000,3.8045E+002
1643.0000,3.9983E+002
1644.0000,3.9169E+002
1645.0000,3.6731E+002
1646.0000,3.4260E+002
1647.0000,3.4896E+002
1648.0000,3.5690E+002
1649.0000,3.7402E+002
1650.0000,3.7248E+002
1651.0000,3.4039E+002
1652.0000,3.5709E+002
1653.0000,3.5967E+002
1654.0000,3.2509E+002
1655.0000,3.2648E+002
1656.0000,3.2369E+002
1657.0000,3.6241E+002
1658.0000,3.6701E+002
1659.0000,3.8422E+002
1660.0000,3.4146E+002
1661.0000,3.5431E+002
1662.0000,3.7281E+002
1663.0000,3.8826E+002
1664.0000,3.6486E+002
1665.0000,3.8371E+002
1666.0000,3.6202E+002
1667.0000,3.7631E+002
1668.0000,3.9032E+002
1669.0000,3.6510E+002
1670.0000,3.9030E+002
1671.0000,3.9960E+002
1672.0000,3.7723E+002
1673.0000,3.6294E+002
1674.0000,3.7397E+002
1675.0000,3.6189E+002
1676.0000,3.5235E+002
1677.0000,3.7268E+002
1678.0000,3.3782E+002
1679.0000,3.2808E+002
1680.0000,3.1377E+002
1681.0000,3.6839E+002
1682.0000,4.0800E+002
1683.0000,3.8858E+002
1684.0000,3.9016E+002
1685.0000,3.9550E+002
1686.0000,3.6246E+002
1687.0000,3.6739E+002
1688.0000,3.7799E+002
1689.0000,3.8481E+002
1690.0000,3.7665E+002
1691.0000,3.8684E+002
1692.0000,3.7781E+002
1693.0000,4.2036E+002
1694.0000,4.1090E+002
1695.0000,4.0647E+002
1696.0000,3.9019E+002
1697.0000,3.6801E+002
1698.0000,3.5977E+002
1699.0000,3.0611E+002
1700.0000,3.4401E+002
1701.0000,3.8763E+002
1702.0000,3.6997E+002
1703.0000,3.3476E+002
1704.0000,3.0122E+002
1705.0000,3.2125E+002
1706.0000,3.3202E+002
1707.0000,3.2752E+002
1708.0000,3.5032E+002
1709.0000,3.0921E+002
1710.0000,3.3566E+002
1711.0000,3.3669E+002
1712.0000,3.3094E+002
1713.0000,3.0112E+002
1714.0000,3.3313E+002
1715.0000,3.7777E+002
1716.0000,3.7498E+002
1717.0000,3.2529E+002
1718.0000,3.3928E+002
1719.0000,3.3806E+002
1720.0000,3.1685E+002
1721.0000,3.2534E+002
1722.0000,2.9236E+002
1723.0000,2.8856E+002
1724.0000,2.9718E+002
1725.0000,3.3336E+002
1726.0000,3.7195E+002
1727.0000,3.5961E+002
1728.0000,3.0246E+002
1729.0000,2.8115E+002
1730.0000,3.5486E+002
1731.0000,3.6384E+002
1732.0000,3.2087E+002
1733.0000,3.3042E+002
1734.0000,3.1625E+002
1735.0000,3.1252E+002
1736.0000,3.6591E+002
1737.0000,3.4984E+002
1738.0000,3.2224E+002
1739.0000,3.1659E+002
1740.0000,3.3721E+002
1741.0000,3.2053E+002
1742.0000,3.3250E+002
1743.0000,3.3573E+002
1744.0000,2.8249E+002
1745.0000,2.7310E+002
1746.0000,3.1897E+002
1747.0000,2.9268E+002
1748.0000,2.8447E+002
1749.0000,3.0765E+002
1750.0000,2.8906E+002
1751.0000,2.9923E+002
1752.0000,2.6919E+002
1753.0000,2.9700E+002
1754.0000,3.2393E+002
1755.0000,3.3286E+002
1756.0000,2.9931E+002
1757.0000,3.4854E+002
1758.0000,3.1526E+002
1759.0000,2.6873E+002
1760.0000,2.8989E+002
1761.0000,3.1936E+002
1762.0000,3.0986E+002
1763.0000,3.2863E+002
1764.0000,3.5366E+002
1765.0000,3.0094E+002
1766.0000,2.6860E+002
1767.0000,2.8526E+002
1768.0000,2.7210E+002
1769.0000,2.9376E+002
1770.0000,2.8585E+002
1771.0000,2.6286E+002
1772.0000,2.7732E+002
1773.0000,2.8359E+002
1774.0000,3.1177E+002
1775.0000,2.8078E+002
1776.0000,2.6383E+002
1777.0000,2.7520E+002
1778.0000,3.3299E+002
1779.0000,3.4003E+002
1780.0000,2.8566E+002
1781.0000,2.5203E+002
1782.0000,2.4773E+002
1783.0000,2.7306E+002
1784.0000,3.2083E+002
1785.0000,2.8585E+002
1786.0000,2.8460E+002
1787.0000,2.9588E+002
1788.0000,3.1718E+002
1789.0000,3.1833E+002
1790.0000,3.1394E+002
1791.0000,3.0488E+002
1792.0000,2.8671E+002
1793.0000,2.6238E+002
1794.0000,3.0043E+002
1795.0000,2.6964E+002
1796.0000,2.6356E+002
1797.0000,3.2568E+002
1798.0000,2.7140E+002
1799.0000,2.7246E+002
1800.0000,2.5175E+002
1801.0000,2.4989E+002
1802.0000,2.5153E+002
1803.0000,2.7922E+002
1804.0000,2.7066E+002
1805.0000,2.2895E+002
1806.0000,2.2116E+002
1807.0000,2.4528E+002
1808.0000,2.7984E+002
1809.0000,2.9381E+002
1810.0000,2.4331E+002
1811.0000,2.0722E+002
1812.0000,1.9883E+002
1813.0000,2.2833E+002
1814.0000,2.5950E+002
1815.0000,2.2689E+002
1816.0000,2.0569E+002
1817.0000,2.2176E+002
1818.0000,2.4586E+002
1819.0000,0.0000E+000
1820.0000,0.0000E+000
1821.0000,2.9576E+002
1822.0000,0.0000E+000
1823.0000,0.0000E+000
1824.0000,0.0000E+000
1825.0000,0.0000E+000
1826.0000,0.0000E+000
1827.0000,0.0000E+000
1828.0000,0.0000E+000
1829.0000,0.0000E+000
1830.0000,0.0000E+000
1831.0000,0.0000E+000
1832.0000,0.0000E+000
1833.0000,0.0000E+000
1834.0000,0.0000E+000
1835.0000,0.0000E+000
1836.0000,0.0000E+000
1837.0000,0.0000E+000
1838.0000,0.0000E+000
1839.0000,0.0000E+000
1840.0000,0.0000E+000
1841.0000,0.0000E+000
1842.0000,0.0000E+000
1843.0000,0.0000E+000
1844.0000,0.0000E+000
1845.0000,0.0000E+000
1846.0000,0.0000E+000
1847.0000,0.0000E+000
1848.0000,0.0000E+000
1849.0000,0.0000E+000
1850.0000,3.1405E+002
1851.0000,2.6596E+002
1852.0000,0.0000E+000
1853.0000,0.0000E+000
1854.0000,0.0000E+000
1855.0000,0.0000E+000
1856.0000,0.0000E+000
1857.0000,0.0000E+000
1858.0000,0.0000E+000
1859.0000,0.0000E+000
1860.0000,0.0000E+000
1861.0000,0.0000E+000
1862.0000,0.0000E+000
1863.0000,0.0000E+000
1864.0000,0.0000E+000
1865.0000,0.0000E+000
1866.0000,0.0000E+000
1867.0000,0.0000E+000
1868.0000,0.0000E+000
1869.0000,0.0000E+000
1870.0000,0.0000E+000
1871.0000,0.0000E+000
1872.0000,0.0000E+000
1873.0000,0.0000E+000
1874.0000,0.0000E+000
1875.0000,0.0000E+000
1876.0000,0.0000E+000
1877.0000,0.0000E+000
1878.0000,0.0000E+000
1879.0000,0.0000E+000
1880.0000,0.0000E+000
1881.0000,3.0913E+002
1882.0000,2.9355E+002
1883.0000,0.0000E+000
1884.0000,0.0000E+000
1885.0000,0.0000E+000
1886.0000,2.6568E+002
1887.0000,2.8804E+002
1888.0000,0.0000E+000
1889.0000,0.0000E+000
1890.0000,0.0000E+000
1891.0000,2.4274E+002
1892.0000,2.5401E+002
1893.0000,2.4290E+002
1894.0000,2.4013E+002
1895.0000,2.6697E+002
1896.0000,2.8905E+002
1897.0000,2.8501E+002
1898.0000,3.0361E+002
1899.0000,3.0381E+002
1900.0000,2.5802E+002
1901.0000,2.6121E+002
1902.0000,2.6306E+002
1903.0000,2.7507E+002
1904.0000,2.7636E+002
1905.0000,2.8770E+002
1906.0000,3.0716E+002
1907.0000,3.2712E+002
1908.0000,2.8504E+002
1909.0000,2.6784E+002
1910.0000,0.0000E+000
1911.0000,0.0000E+000
1912.0000,0.0000E+000
1913.0000,3.2473E+002
1914.0000,3.1923E+002
1915.0000,3.2705E+002
1916.0000,2.8401E+002
1917.0000,2.8479E+002
1918.0000,2.9603E+002
1919.0000,2.8613E+002
1920.0000,2.8412E+002
1921.0000,3.0149E+002
1922.0000,3.2611E+002
1923.0000,3.2086E+002
1924.0000,3.1972E+002
1925.0000,2.6474E+002
1926.0000,2.7834E+002
1927.0000,2.6250E+002
1928.0000,2.6445E+002
1929.0000,2.5848E+002
1930.0000,2.6356E+002
1931.0000,2.9982E+002
1932.0000,3.1380E+002
1933.0000,3.0709E+002
1934.0000,2.9534E+002
1935.0000,2.7938E+002
1936.0000,2.8856E+002
1937.0000,2.9934E+002
1938.0000,2.8418E+002
1939.0000,2.6468E+002
1940.0000,3.1006E+002
1941.0000,3.2822E+002
1942.0000,3.2369E+002
1943.0000,2.9335E+002
1944.0000,2.5962E+002
1945.0000,2.6695E+002
1946.0000,3.1346E+002
1947.0000,3.6093E+002
1948.0000,3.6874E+002
1949.0000,3.1172E+002
1950.0000,3.0035E+002
1951.0000,3.2340E+002
1952.0000,2.8952E+002
1953.0000,3.3050E+002
1954.0000,3.0305E+002
1955.0000,2.5709E+002
1956.0000,2.6518E+002
1957.0000,3.2348E+002
1958.0000,2.7352E+002
1959.0000,3.4736E+002
1960.0000,3.1169E+002
1961.0000,3.0048E+002
1962.0000,2.8914E+002
1963.0000,3.2276E+002
1964.0000,3.4326E+002
1965.0000,3.2967E+002
1966.0000,3.2776E+002
1967.0000,3.4355E+002
1968.0000,3.4396E+002
1969.0000,3.5588E+002
1970.0000,3.5929E+002
1971.0000,3.7075E+002
1972.0000,3.5913E+002
1973.0000,3.2871E+002
1974.0000,3.4723E+002
1975.0000,3.3738E+002
1976.0000,3.3548E+002
1977.0000,3.8099E+002
1978.0000,3.6164E+002
1979.0000,3.6922E+002
1980.0000,3.5986E+002
1981.0000,3.8555E+002
1982.0000,3.7640E+002
1983.0000,3.2529E+002
1984.0000,3.0878E+002
1985.0000,3.2038E+002
1986.0000,3.6554E+002
1987.0000,3.7491E+002
1988.0000,3.5795E+002
1989.0000,3.8547E+002
1990.0000,3.7212E+002
1991.0000,3.1953E+002
1992.0000,3.4573E+002
1993.0000,3.8202E+002
1994.0000,3.3966E+002
1995.0000,3.4797E+002
1996.0000,3.8524E+002
1997.0000,3.5487E+002
1998.0000,3.4706E+002
1999.0000,3.9324E+002
2000.0000,3.8430E+002
2001.0000,3.4018E+002
2002.0000,3.6152E+002
2003.0000,3.8474E+002
2004.0000,4.0068E+002
2005.0000,3.8018E+002
2006.0000,3.2854E+002
2007.0000,3.3682E+002
2008.0000,3.2128E+002
2009.0000,3.4042E+002
2010.0000,3.6054E+002
2011.0000,3.6371E+002
2012.0000,4.0464E+002
2013.0000,4.1069E+002
2014.0000,4.0340E+002
2015.0000,4.0246E+002
2016.0000,4.0865E+002
2017.0000,3.8227E+002
2018.0000,3.7396E+002
2019.0000,3.8816E+002
2020.0000,4.1387E+002
2021.0000,3.9713E+002
2022.0000,3.8934E+002
2023.0000,3.7954E+002
2024.0000,3.7142E+002
2025.0000,3.7436E+002
2026.0000,3.8239E+002
2027.0000,3.7293E+002
2028.0000,3.8201E+002
2029.0000,3.6403E+002
2030.0000,4.0680E+002
2031.0000,3.8628E+002
2032.0000,3.3540E+002
2033.0000,3.4002E+002
2034.0000,3.5831E+002
2035.0000,3.8319E+002
2036.0000,3.3128E+002
2037.0000,3.1722E+002
2038.0000,3.5498E+002
2039.0000,3.7625E+002
2040.0000,3.8508E+002
2041.0000,4.0171E+002
2042.0000,3.9756E+002
2043.0000,3.6173E+002
2044.0000,3.2526E+002
2045.0000,3.4688E+002
2046.0000,3.8401E+002
2047.0000,3.9354E+002
2048.0000,3.6852E+002
2049.0000,3.7609E+002
2050.0000,3.8778E+002
2051.0000,3.5854E+002
2052.0000,3.6830E+002
2053.0000,4.0156E+002
2054.0000,3.6611E+002
2055.0000,3.6527E+002
2056.0000,3.6477E+002
2057.0000,3.4777E+002
2058.0000,3.3855E+002
2059.0000,3.8294E+002
2060.0000,3.8588E+002
2061.0000,3.6537E+002
2062.0000,3.8191E+002
2063.0000,3.6617E+002
2064.0000,3.3770E+002
2065.0000,3.2803E+002
2066.0000,3.4842E+002
2067.0000,3.4291E+002
2068.0000,3.7580E+002
2069.0000,3.7103E+002
2070.0000,3.7296E+002
2071.0000,3.7862E+002
2072.0000,3.6626E+002
2073.0000,3.3370E+002
2074.0000,3.1155E+002
2075.0000,3.4938E+002
2076.0000,3.5771E+002
2077.0000,3.5188E+002
2078.0000,3.5795E+002
2079.0000,3.1346E+002
2080.0000,3.3236E+002
2081.0000,3.5232E+002
2082.0000,3.2924E+002
2083.0000,3.1819E+002
2084.0000,3.1423E+002
2085.0000,3.7034E+002
2086.0000,3.2902E+002
2087.0000,3.4752E+002
2088.0000,3.0604E+002
2089.0000,2.9260E+002
2090.0000,3.5102E+002
2091.0000,3.3439E+002
2092.0000,3.7074E+002
2093.0000,3.6148E+002
2094.0000,3.2871E+002
2095.0000,3.5216E+002
2096.0000,4.0208E+002
2097.0000,3.6185E+002
2098.0000,3.7229E+002
2099.0000,3.8067E+002
2100.0000,3.2403E+002
2101.0000,2.9006E+002
2102.0000,3.2810E+002
2103.0000,3.5257E+002
2104.0000,3.5339E+002
2105.0000,3.2844E+002
2106.0000,3.0421E+002
2107.0000,2.9412E+002
2108.0000,2.7766E+002
2109.0000,2.9487E+002
2110.0000,3.0589E+002
2111.0000,2.8159E+002
2112.0000,3.1450E+002
2113.0000,3.3131E+002
2114.0000,3.1820E+002
2115.0000,2.8793E+002
2116.0000,2.8169E+002
2117.0000,2.7533E+002
2118.0000,2.8586E+002
2119.0000,2.9515E+002
2120.0000,2.7448E+002
2121.0000,2.6669E+002
2122.0000,3.0728E+002
2123.0000,3.1703E+002
2124.0000,3.4878E+002
2125.0000,3.7116E+002
2126.0000,3.0357E+002
2127.0000,2.9270E+002
2128.0000,2.8399E+002
2129.0000,2.8603E+002
2130.0000,2.6316E+002
2131.0000,2.5673E+002
2132.0000,2.6036E+002
2133.0000,2.9651E+002
2134.0000,3.2252E+002
2135.0000,3.0671E+002
2136.0000,2.6424E+002
2137.0000,3.0332E+002
2138.0000,3.2126E+002
2139.0000,2.9869E+002
2140.0000,2.5188E+002
2141.0000,2.5885E+002
2142.0000,2.7020E+002
2143.0000,2.6623E+002
2144.0000,3.0621E+002
2145.0000,2.9479E+002
2146.0000,3.2580E+002
2147.0000,2.8071E+002
2148.0000,2.5776E+002
2149.0000,2.6683E+002
2150.0000,2.4342E+002
2151.0000,2.8832E+002
2152.0000,3.0916E+002
2153.0000,2.5701E+002
2154.0000,2.4265E+002
2155.0000,2.9714E+002
2156.0000,2.5248E+002
2157.0000,2.3551E+002
2158.0000,2.3918E+002
2159.0000,2.7253E+002
2160.0000,3.2718E+002
2161.0000,2.8708E+002
2162.0000,2.6298E+002
2163.0000,2.6599E+002
2164.0000,2.5315E+002
2165.0000,2.5306E+002
2166.0000,2.5705E+002
2167.0000,2.3841E+002
2168.0000,2.2663E+002
2169.0000,2.2523E+002
2170.0000,2.5662E+002
2171.0000,2.7708E+002
2172.0000,3.0932E+002
2173.0000,2.6019E+002
2174.0000,2.2579E+002
2175.0000,2.3732E+002
2176.0000,2.2868E+002
2177.0000,2.4042E+002
2178.0000,2.4227E+002
2179.0000,2.3716E+002
2180.0000,2.5921E+002
2181.0000,2.5497E+002
2182.0000,2.7119E+002
2183.0000,0.0000E+000
2184.0000,0.0000E+000
2185.0000,0.0000E+000
2186.0000,0.0000E+000
2187.0000,0.0000E+000
2188.0000,0.0000E+000
2189.0000,0.0000E+000
2190.0000,0.0000E+000
2191.0000,0.0000E+000
2192.0000,2.8755E+002
2193.0000,0.0000E+000
2194.0000,0.0000E+000
2195.0000,0.0000E+000
2196.0000,0.0000E+000
2197.0000,0.0000E+000
2198.0000,0.0000E+000
2199.0000,0.0000E+000
2200.0000,0.0000E+000
2201.0000,0.0000E+000
2202.0000,0.0000E+000
2203.0000,0.0000E+000
2204.0000,0.0000E+000
2205.0000,0.0000E+000
2206.0000,0.0000E+000
2207.0000,0.0000E+000
2208.0000,0.0000E+000
2209.0000,0.0000E+000
2210.0000,0.0000E+000
2211.0000,0.0000E+000
2212.0000,0.0000E+000
2213.0000,0.0000E+000
2214.0000,0.0000E+000
2215.0000,0.0000E+000
2216.0000,0.0000E+000
2217.0000,0.0000E+000
2218.0000,0.0000E+000
2219.0000,0.0000E+000
2220.0000,0.0000E+000
2221.0000,0.0000E+000
2222.0000,0.0000E+000
2223.0000,0.0000E+000
2224.0000,0.0000E+000
2225.0000,0.0000E+000
2226.0000,0.0000E+000
2227.0000,0.0000E+000
2228.0000,0.0000E+000
2229.0000,0.0000E+000
2230.0000,0.0000E+000
2231.0000,0.0000E+000
2232.0000,0.0000E+000
2233.0000,0.0000E+000
2234.0000,0.0000E+000
2235.0000,2.7074E+002
2236.0000,0.0000E+000
2237.0000,0.0000E+000
2238.0000,0.0000E+000
2239.0000,2.7475E+002
2240.0000,0.0000E+000
2241.0000,0.0000E+000
2242.0000,0.0000E+000
2243.0000,0.0000E+000
2244.0000,0.0000E+000
2245.0000,0.0000E+000
2246.0000,0.0000E+000
2247.0000,0.0000E+000
2248.0000,0.0000E+000
2249.0000,0.0000E+000
2250.0000,0.0000E+000
2251.0000,0.0000E+000
2252.0000,0.0000E+000
2253.0000,0.0000E+000
2254.0000,0.0000E+000
2255.0000,3.0808E+002
2256.0000,0.0000E+000
2257.0000,0.0000E+000
2258.0000,0.0000E+000
2259.0000,0.0000E+000
2260.0000,3.1877E+002
2261.0000,2.7986E+002
2262.0000,2.7636E+002
2263.0000,0.0000E+000
2264.0000,0.0000E+000
2265.0000,0.0000E+000
2266.0000,2.6494E+002
2267.0000,2.8712E+002
2268.0000,2.5715E+002
2269.0000,0.0000E+000
2270.0000,0.0000E+000
2271.0000,2.9418E+002
2272.0000,0.0000E+000
2273.0000,0.0000E+000
2274.0000,0.0000E+000
2275.0000,0.0000E+000
2276.0000,0.0000E+000
2277.0000,0.0000E+000
2278.0000,0.0000E+000
2279.0000,0.0000E+000
2280.0000,2.8589E+002
2281.0000,0.0000E+000
2282.0000,2.7247E+002
2283.0000,2.4036E+002
2284.0000,2.9683E+002
2285.0000,3.1323E+002
2286.0000,2.5647E+002
2287.0000,2.5345E+002
2288.0000,2.4463E+002
2289.0000,2.6266E+002
2290.0000,2.8481E+002
2291.0000,3.3201E+002
2292.0000,3.0145E+002
2293.0000,3.1598E+002
2294.0000,3.0458E+002
2295.0000,2.4461E+002
2296.0000,2.7303E+002
2297.0000,3.2716E+002
2298.0000,2.7465E+002
2299.0000,3.0938E+002
2300.0000,3.3193E+002
2301.0000,2.9146E+002
2302.0000,2.6189E+002
2303.0000,3.1204E+002
2304.0000,3.3003E+002
2305.0000,3.1666E+002
2306.0000,3.5649E+002
2307.0000,3.6673E+002
2308.0000,3.8926E+002
2309.0000,3.0348E+002
2310.0000,2.9798E+002
2311.0000,2.7209E+002
2312.0000,3.0424E+002
2313.0000,3.5929E+002
2314.0000,3.5320E+002
2315.0000,3.2684E+002
2316.0000,2.9810E+002
2317.0000,3.1366E+002
2318.0000,3.1058E+002
2319.0000,3.1043E+002
2320.0000,3.1838E+002
2321.0000,3.4505E+002
2322.0000,3.0986E+002
2323.0000,3.3144E+002
2324.0000,3.4813E+002
2325.0000,3.7374E+002
2326.0000,3.6599E+002
2327.0000,3.6541E+002
2328.0000,3.7628E+002
2329.0000,3.7782E+002
2330.0000,3.7385E+002
2331.0000,3.6615E+002
2332.0000,3.6461E+002
2333.0000,3.6742E+002
2334.0000,3.8197E+002
2335.0000,3.4751E+002
2336.0000,3.6006E+002
2337.0000,3.8005E+002
2338.0000,3.6164E+002
2339.0000,3.8537E+002
2340.0000,3.8398E+002
2341.0000,3.5777E+002
2342.0000,3.7633E+002
2343.0000,3.2508E+002
2344.0000,2.9404E+002
2345.0000,2.9844E+002
2346.0000,3.2407E+002
2347.0000,3.4706E+002
2348.0000,3.4793E+002
2349.0000,3.6565E+002
2350.0000,3.8654E+002
2351.0000,3.6265E+002
2352.0000,3.7460E+002
2353.0000,3.7954E+002
2354.0000,3.6732E+002
2355.0000,3.6231E+002
2356.0000,3.3041E+002
2357.0000,3.4687E+002
2358.0000,3.5732E+002
2359.0000,3.7533E+002
2360.0000,3.1545E+002
2361.0000,3.2884E+002
2362.0000,3.4484E+002
2363.0000,3.6866E+002
2364.0000,3.9734E+002
2365.0000,3.9090E+002
2366.0000,3.7906E+002
2367.0000,3.6707E+002
2368.0000,3.6029E+002
2369.0000,3.7328E+002
2370.0000,3.7747E+002
2371.0000,3.5725E+002
2372.0000,3.5448E+002
2373.0000,3.6531E+002
2374.0000,3.7096E+002
2375.0000,3.6836E+002
2376.0000,3.5565E+002
2377.0000,3.6469E+002
2378.0000,3.6262E+002
2379.0000,3.6525E+002
2380.0000,3.6399E+002
2381.0000,3.3483E+002
2382.0000,3.7274E+002
2383.0000,3.9180E+002
2384.0000,3.6217E+002
2385.0000,3.4207E+002
2386.0000,3.4984E+002
2387.0000,3.4592E+002
2388.0000,3.5784E+002
2389.0000,3.8421E+002
2390.0000,3.8005E+002
2391.0000,3.6369E+002
2392.0000,3.9137E+002
2393.0000,3.9566E+002
2394.0000,3.7593E+002
2395.0000,3.6818E+002
2396.0000,3.6922E+002
2397.0000,3.7905E+002
2398.0000,3.5238E+002
2399.0000,3.5017E+002
2400.0000,3.8765E+002
2401.0000,3.8405E+002
2402.0000,3.4124E+002
2403.0000,3.7248E+002
2404.0000,3.5839E+002
2405.0000,3.5037E+002
2406.0000,3.7672E+002
2407.0000,3.7827E+002
2408.0000,3.9557E+002
2409.0000,4.1114E+002
2410.0000,3.9561E+002
2411.0000,3.7083E+002
2412.0000,3.9981E+002
2413.0000,3.5533E+002
2414.0000,3.4851E+002
2415.0000,3.5605E+002
2416.0000,3.8311E+002
2417.0000,4.0161E+002
2418.0000,3.8516E+002
2419.0000,3.5007E+002
2420.0000,3.6118E+002
2421.0000,3.7451E+002
2422.0000,3.8148E+002
2423.0000,3.7108E+002
2424.0000,3.6634E+002
2425.0000,3.3124E+002
2426.0000,3.4276E+002
2427.0000,3.7497E+002
2428.0000,3.7847E+002
2429.0000,3.9418E+002
2430.0000,4.1545E+002
2431.0000,3.3538E+002
2432.0000,3.3067E+002
2433.0000,3.5358E+002
2434.0000,3.7494E+002
2435.0000,3.6056E+002
2436.0000,3.8287E+002
2437.0000,4.0085E+002
2438.0000,4.0357E+002
2439.0000,3.8006E+002
2440.0000,3.7613E+002
2441.0000,3.9347E+002
2442.0000,3.5596E+002
2443.0000,3.2764E+002
2444.0000,3.3596E+002
2445.0000,3.6739E+002
2446.0000,3.6105E+002
2447.0000,3.6986E+002
2448.0000,3.7062E+002
2449.0000,2.9186E+002
2450.0000,3.0173E+002
2451.0000,3.1144E+002
2452.0000,2.9413E+002
2453.0000,3.5034E+002
2454.0000,3.5907E+002
2455.0000,3.7720E+002
2456.0000,3.9286E+002
2457.0000,3.9954E+002
2458.0000,3.7318E+002
2459.0000,3.5366E+002
2460.0000,3.5216E+002
2461.0000,3.6988E+002
2462.0000,3.8211E+002
2463.0000,3.5002E+002
2464.0000,3.5441E+002
2465.0000,3.5943E+002
2466.0000,3.3160E+002
2467.0000,3.4456E+002
2468.0000,3.3089E+002
2469.0000,2.7129E+002
2470.0000,2.8611E+002
2471.0000,3.1142E+002
2472.0000,3.1361E+002
2473.0000,3.2284E+002
2474.0000,3.1057E+002
2475.0000,3.2509E+002
2476.0000,3.5746E+002
2477.0000,3.8079E+002
2478.0000,3.2878E+002
2479.0000,3.1395E+002
2480.0000,3.1033E+002
2481.0000,3.0916E+002
2482.0000,3.2060E+002
2483.0000,3.5157E+002
2484.0000,3.2839E+002
2485.0000,3.1528E+002
2486.0000,3.0158E+002
2487.0000,3.2328E+002
2488.0000,3.0351E+002
2489.0000,3.0651E+002
2490.0000,3.2234E+002
2491.0000,2.5826E+002
2492.0000,2.8619E+002
2493.0000,2.8207E+002
2494.0000,2.6579E+002
2495.0000,2.7166E+002
2496.0000,2.6642E+002
2497.0000,2.8399E+002
2498.0000,2.8499E+002
2499.0000,2.4712E+002
2500.0000,2.5156E+002
2501.0000,2.6264E+002
2502.0000,2.9258E+002
2503.0000,3.0035E+002
2504.0000,3.2007E+002
2505.0000,2.9522E+002
2506.0000,2.6545E+002
2507.0000,2.7693E+002
2508.0000,2.9575E+002
2509.0000,3.2610E+002
2510.0000,2.9701E+002
2511.0000,3.0132E+002
2512.0000,2.5800E+002
2513.0000,2.5684E+002
2514.0000,2.8330E+002
2515.0000,2.7098E+002
2516.0000,2.4967E+002
2517.0000,3.0041E+002
2518.0000,2.6887E+002
2519.0000,2.6324E+002
2520.0000,2.6633E+002
2521.0000,2.6531E+002
2522.0000,3.1646E+002
2523.0000,3.2449E+002
2524.0000,3.1379E+002
2525.0000,2.5766E+002
2526.0000,2.5104E+002
2527.0000,2.4362E+002
2528.0000,2.5375E+002
2529.0000,2.7572E+002
2530.0000,3.2225E+002
2531.0000,3.1458E+002
2532.0000,2.6510E+002
2533.0000,2.4742E+002
2534.0000,2.5347E+002
2535.0000,2.1951E+002
2536.0000,2.2917E+002
2537.0000,2.2681E+002
2538.0000,2.7339E+002
2539.0000,2.9005E+002
2540.0000,2.8691E+002
2541.0000,2.5832E+002
2542.0000,1.9669E+002
2543.0000,2.2733E+002
2544.0000,2.4520E+002
2545.0000,2.7176E+002
2546.0000,2.8942E+002
2547.0000,2.8124E+002
2548.0000,2.2318E+002
2549.0000,2.4020E+002
2550.0000,2.5593E+002
2551.0000,2.5238E+002
2552.0000,2.8557E+002
2553.0000,2.0661E+002
2554.0000,2.5772E+002
2555.0000,2.8334E+002
2556.0000,2.7570E+002
2557.0000,2.7216E+002
2558.0000,2.2154E+002
2559.0000,2.1264E+002
2560.0000,2.4769E+002
2561.0000,2.5341E+002
2562.0000,2.5750E+002
2563.0000,2.4975E+002
2564.0000,2.2615E+002
2565.0000,2.4978E+002
2566.0000,2.3402E+002
2567.0000,2.7616E+002
2568.0000,2.8550E+002
2569.0000,2.3666E+002
2570.0000,0.0000E+000
2571.0000,0.0000E+000
2572.0000,0.0000E+000
2573.0000,0.0000E+000
2574.0000,0.0000E+000
2575.0000,0.0000E+000
2576.0000,0.0000E+000
2577.0000,0.0000E+000
2578.0000,0.0000E+000
2579.0000,2.9844E+002
2580.0000,0.0000E+000
2581.0000,0.0000E+000
2582.0000,3.0162E+002
2583.0000,0.0000E+000
2584.0000,0.0000E+000
2585.0000,0.0000E+000
2586.0000,0.0000E+000
2587.0000,2.8435E+002
2588.0000,0.0000E+000
2589.0000,0.0000E+000
2590.0000,0.0000E+000
2591.0000,0.0000E+000
2592.0000,0.0000E+000
2593.0000,0.0000E+000
2594.0000,0.0000E+000
2595.0000,0.0000E+000
2596.0000,0.0000E+000
2597.0000,0.0000E+000
2598.0000,0.0000E+000
2599.0000,0.0000E+000
2600.0000,0.0000E+000
2601.0000,0.0000E+000
2602.0000,0.0000E+000
2603.0000,2.8422E+002
2604.0000,0.0000E+000
2605.0000,0.0000E+000
2606.0000,0.0000E+000
2607.0000,0.0000E+000
2608.0000,2.7012E+002
2609.0000,2.7311E+002
2610.0000,0.0000E+000
2611.0000,0.0000E+000
2612.0000,0.0000E+000
2613.0000,0.0000E+000
2614.0000,0.0000E+000
2615.0000,0.0000E+000
2616.0000,0.0000E+000
2617.0000,0.0000E+000
2618.0000,2.8586E+002
2619.0000,0.0000E+000
2620.0000,0.0000E+000
2621.0000,0.0000E+000
2622.0000,2.5199E+002
2623.0000,2.8622E+002
2624.0000,2.7513E+002
2625.0000,0.0000E+000
2626.0000,2.5224E+002
2627.0000,2.6686E+002
2628.0000,3.1523E+002
2629.0000,2.8080E+002
2630.0000,2.8274E+002
2631.0000,2.9774E+002
2632.0000,3.0122E+002
2633.0000,2.7968E+002
2634.0000,2.9717E+002
2635.0000,3.0782E+002
2636.0000,3.2081E+002
2637.0000,3.0768E+002
2638.0000,2.9788E+002
2639.0000,3.0390E+002
2640.0000,3.1537E+002
2641.0000,2.8353E+002
2642.0000,2.1872E+002
2643.0000,2.9115E+002
2644.0000,3.0762E+002
2645.0000,2.4071E+002
2646.0000,2.9379E+002
2647.0000,2.7139E+002
2648.0000,2.8382E+002
2649.0000,2.3996E+002
2650.0000,2.6967E+002
2651.0000,2.5757E+002
2652.0000,2.4354E+002
2653.0000,2.5412E+002
2654.0000,2.7813E+002
2655.0000,2.8714E+002
2656.0000,2.8675E+002
2657.0000,2.7547E+002
2658.0000,2.8156E+002
2659.0000,2.6487E+002
2660.0000,2.7274E+002
2661.0000,3.1385E+002
2662.0000,3.3454E+002
2663.0000,3.0329E+002
2664.0000,2.6601E+002
2665.0000,2.7540E+002
2666.0000,3.0459E+002
2667.0000,3.3491E+002
2668.0000,3.3400E+002
2669.0000,3.4342E+002
2670.0000,3.0546E+002
2671.0000,2.7919E+002
2672.0000,2.7918E+002
2673.0000,3.1846E+002
2674.0000,2.5009E+002
2675.0000,2.4843E+002
2676.0000,2.6113E+002
2677.0000,3.2686E+002
2678.0000,3.3839E+002
2679.0000,3.4603E+002
2680.0000,3.5190E+002
2681.0000,3.4643E+002
2682.0000,3.2021E+002
2683.0000,2.9693E+002
2684.0000,3.3914E+002
2685.0000,3.6856E+002
2686.0000,3.4225E+002
2687.0000,3.0910E+002
2688.0000,2.8780E+002
2689.0000,3.3458E+002
2690.0000,3.5270E+002
2691.0000,3.6765E+002
2692.0000,3.6902E+002
2693.0000,2.9871E+002
2694.0000,2.9281E+002
2695.0000,3.1704E+002
2696.0000,3.3379E+002
2697.0000,3.3522E+002
2698.0000,3.8207E+002
2699.0000,3.7686E+002
2700.0000,3.7281E+002
2701.0000,3.8302E+002
2702.0000,3.6578E+002
2703.0000,3.4059E+002
2704.0000,3.6935E+002
2705.0000,3.8560E+002
2706.0000,3.7689E+002
2707.0000,3.3501E+002
2708.0000,3.2748E+002
2709.0000,3.6574E+002
2710.0000,3.4711E+002
2711.0000,3.5589E+002
2712.0000,3.4680E+002
2713.0000,3.3178E+002
2714.0000,3.3922E+002
2715.0000,3.3304E+002
2716.0000,3.4044E+002
2717.0000,3.3951E+002
2718.0000,3.5090E+002
2719.0000,3.6057E+002
2720.0000,3.8784E+002
2721.0000,3.3284E+002
2722.0000,3.2102E+002
2723.0000,3.3866E+002
2724.0000,3.3476E+002
2725.0000,3.2415E+002
2726.0000,3.5046E+002
2727.0000,4.0084E+002
2728.0000,3.9066E+002
2729.0000,3.8522E+002
2730.0000,3.6325E+002
2731.0000,3.3817E+002
2732.0000,3.7723E+002
2733.0000,3.5440E+002
2734.0000,3.6063E+002
2735.0000,3.4951E+002
2736.0000,3.7214E+002
2737.0000,3.5058E+002
2738.0000,3.6796E+002
2739.0000,3.5360E+002
2740.0000,3.4255E+002
2741.0000,3.8413E+002
2742.0000,3.7064E+002
2743.0000,3.5814E+002
2744.0000,3.9432E+002
2745.0000,3.5671E+002
2746.0000,3.2519E+002
2747.0000,3.4065E+002
2748.0000,3.5034E+002
2749.0000,3.5323E+002
2750.0000,3.6916E+002
2751.0000,3.8302E+002
2752.0000,3.8201E+002
2753.0000,3.9203E+002
2754.0000,3.8865E+002
2755.0000,3.9184E+002
2756.0000,3.4317E+002
2757.0000,3.5305E+002
2758.0000,3.4523E+002
2759.0000,3.6701E+002
2760.0000,3.8001E+002
2761.0000,3.8421E+002
2762.0000,3.3174E+002
2763.0000,3.8055E+002
2764.0000,3.9634E+002
2765.0000,3.7860E+002
2766.0000,3.8544E+002
2767.0000,3.7678E+002
2768.0000,3.6266E+002
2769.0000,3.7569E+002
2770.0000,3.9558E+002
2771.0000,3.8021E+002
2772.0000,3.8228E+002
2773.0000,4.1005E+002
2774.0000,3.8038E+002
2775.0000,3.3890E+002
2776.0000,3.5573E+002
2777.0000,3.7799E+002
2778.0000,4.0576E+002
2779.0000,4.1173E+002
2780.0000,4.0521E+002
2781.0000,3.7489E+002
2782.0000,3.7283E+002
2783.0000,3.8913E+002
2784.0000,3.7393E+002
2785.0000,3.6538E+002
2786.0000,3.5887E+002
2787.0000,3.2727E+002
2788.0000,3.4087E+002
2789.0000,3.4457E+002
2790.0000,3.4393E+002
2791.0000,3.5382E+002
2792.0000,3.6302E+002
2793.0000,3.7517E+002
2794.0000,3.6036E+002
2795.0000,3.6045E+002
2796.0000,3.9138E+002
2797.0000,3.1311E+002
2798.0000,3.2164E+002
2799.0000,3.4684E+002
2800.0000,3.6351E+002
2801.0000,3.5329E+002
2802.0000,3.4558E+002
2803.0000,3.7867E+002
2804.0000,4.0507E+002
2805.0000,3.6667E+002
2806.0000,3.6373E+002
2807.0000,3.8395E+002
2808.0000,3.4322E+002
2809.0000,3.1804E+002
2810.0000,2.9507E+002
2811.0000,3.1892E+002
2812.0000,3.2934E+002
2813.0000,3.4092E+002
2814.0000,3.3488E+002
2815.0000,2.9253E+002
2816.0000,3.1239E+002
2817.0000,3.5505E+002
2818.0000,3.4164E+002
2819.0000,2.8905E+002
2820.0000,3.0731E+002
2821.0000,3.2842E+002
2822.0000,3.1979E+002
2823.0000,2.9358E+002
2824.0000,2.9510E+002
2825.0000,3.4455E+002
2826.0000,3.2667E+002
2827.0000,3.2869E+002
2828.0000,3.5557E+002
2829.0000,3.4433E+002
2830.0000,3.3993E+002
2831.0000,3.3433E+002
2832.0000,3.8025E+002
2833.0000,3.7825E+002
2834.0000,3.4981E+002
2835.0000,3.3960E+002
2836.0000,3.1590E+002
2837.0000,3.1555E+002
2838.0000,3.2246E+002
2839.0000,3.4673E+002
2840.0000,2.9815E+002
2841.0000,2.9878E+002
2842.0000,2.6086E+002
2843.0000,3.3213E+002
2844.0000,3.4228E+002
2845.0000,3.1769E+002
2846.0000,2.7874E+002
2847.0000,2.9444E+002
2848.0000,3.3809E+002
2849.0000,3.4805E+002
2850.0000,2.9576E+002
2851.0000,3.0746E+002
2852.0000,2.9446E+002
2853.0000,3.1432E+002
2854.0000,3.3125E+002
2855.0000,3.3081E+002
2856.0000,3.2924E+002
2857.0000,3.2621E+002
2858.0000,3.4664E+002
2859.0000,3.5080E+002
2860.0000,3.3754E+002
2861.0000,3.1795E+002
2862.0000,3.1509E+002
2863.0000,2.9716E+002
2864.0000,2.9075E+002
2865.0000,2.6455E+002
2866.0000,2.4061E+002
2867.0000,2.6781E+002
2868.0000,3.0041E+002
2869.0000,2.7663E+002
2870.0000,2.8007E+002
2871.0000,2.9425E+002
2872.0000,2.8687E+002
2873.0000,3.2457E+002
2874.0000,2.5769E+002
2875.0000,2.5011E+002
2876.0000,2.6238E+002
2877.0000,2.5079E+002
2878.0000,2.4460E+002
2879.0000,2.4493E+002
2880.0000,2.5602E+002
2881.0000,2.6766E+002
2882.0000,2.5469E+002
2883.0000,2.6759E+002
2884.0000,2.7801E+002
2885.0000,2.4351E+002
2886.0000,2.4979E+002
2887.0000,2.7116E+002
2888.0000,2.5493E+002
2889.0000,2.5356E+002
2890.0000,2.5158E+002
2891.0000,2.7836E+002
2892.0000,3.0444E+002
2893.0000,2.9367E+002
2894.0000,2.9577E+002
2895.0000,3.0617E+002
2896.0000,2.3144E+002
2897.0000,2.6802E+002
2898.0000,2.9838E+002
2899.0000,2.7690E+002
2900.0000,3.1986E+002
2901.0000,2.8702E+002
2902.0000,2.3584E+002
2903.0000,2.3446E+002
2904.0000,2.4267E+002
2905.0000,2.3575E+002
2906.0000,2.6934E+002
2907.0000,2.9183E+002
2908.0000,3.0415E+002
2909.0000,2.8905E+002
2910.0000,2.6737E+002
2911.0000,3.0112E+002
2912.0000,2.7780E+002
2913.0000,2.3407E+002
2914.0000,2.3234E+002
2915.0000,2.6583E+002
2916.0000,2.2936E+002
2917.0000,2.8623E+002
2918.0000,2.4411E+002
2919.0000,2.5124E+002
2920.0000,2.4637E+002
2921.0000,2.3136E+002
2922.0000,2.4667E+002
2923.0000,2.1219E+002
2924.0000,0.0000E+000
2925.0000,0.0000E+000
2926.0000,0.0000E+000
2927.0000,0.0000E+000
2928.0000,0.0000E+000
2929.0000,0.0000E+000
2930.0000,0.0000E+000
2931.0000,0.0000E+000
2932.0000,0.0000E+000
2933.0000,0.0000E+000
2934.0000,0.0000E+000
2935.0000,2.8423E+002
2936.0000,0.0000E+000
2937.0000,0.0000E+000
2938.0000,0.0000E+000
2939.0000,0.0000E+000
2940.0000,0.0000E+000
2941.0000,0.0000E+000
2942.0000,0.0000E+000
2943.0000,0.0000E+000
2944.0000,0.0000E+000
2945.0000,0.0000E+000
2946.0000,0.0000E+000
2947.0000,0.0000E+000
2948.0000,0.0000E+000
2949.0000,0.0000E+000
2950.0000,0.0000E+000
2951.0000,3.0868E+002
2952.0000,2.9757E+002
2953.0000,0.0000E+000
2954.0000,0.0000E+000
2955.0000,0.0000E+000
2956.0000,0.0000E+000
2957.0000,0.0000E+000
2958.0000,0.0000E+000
2959.0000,0.0000E+000
2960.0000,0.0000E+000
2961.0000,0.0000E+000
2962.0000,0.0000E+000
2963.0000,0.0000E+000
2964.0000,2.7121E+002
2965.0000,0.0000E+000
2966.0000,0.0000E+000
2967.0000,0.0000E+000
2968.0000,0.0000E+000
2969.0000,0.0000E+000
2970.0000,0.0000E+000
2971.0000,0.0000E+000
2972.0000,0.0000E+000
2973.0000,0.0000E+000
2974.0000,0.0000E+000
2975.0000,0.0000E+000
2976.0000,0.0000E+000
2977.0000,0.0000E+000
2978.0000,0.0000E+000
2979.0000,0.0000E+000
2980.0000,0.0000E+000
2981.0000,0.0000E+000
2982.0000,0.0000E+000
2983.0000,0.0000E+000
2984.0000,0.0000E+000
2985.0000,0.0000E+000
2986.0000,0.0000E+000
2987.0000,0.0000E+000
2988.0000,0.0000E+000
2989.0000,2.3762E+002
2990.0000,0.0000E+000
2991.0000,2.7522E+002
2992.0000,3.0988E+002
2993.0000,2.7387E+002
2994.0000,0.0000E+000
2995.0000,0.0000E+000
2996.0000,0.0000E+000
2997.0000,0.0000E+000
2998.0000,0.0000E+000
2999.0000,0.0000E+000
3000.0000,0.0000E+000
3001.0000,0.0000E+000
3002.0000,0.0000E+000
3003.0000,0.0000E+000
3004.0000,0.0000E+000
3005.0000,0.0000E+000
3006.0000,2.6176E+002
3007.0000,2.4980E+002
3008.0000,2.8747E+002
3009.0000,2.6611E+002
3010.0000,2.5455E+002
3011.0000,2.6989E+002
3012.0000,2.9774E+002
3013.0000,0.0000E+000
3014.0000,0.0000E+000
3015.0000,2.3350E+002
3016.0000,2.6249E+002
3017.0000,0.0000E+000
3018.0000,2.6592E+002
3019.0000,2.8175E+002
3020.0000,3.0897E+002
3021.0000,3.2531E+002
3022.0000,3.1177E+002
3023.0000,3.0963E+002
3024.0000,3.0897E+002
3025.0000,2.7865E+002
3026.0000,2.6383E+002
3027.0000,2.9008E+002
3028.0000,2.9233E+002
3029.0000,2.8367E+002
3030.0000,3.5340E+002
3031.0000,3.1940E+002
3032.0000,2.4209E+002
3033.0000,2.5669E+002
3034.0000,2.9090E+002
3035.0000,3.0811E+002
3036.0000,2.9617E+002
3037.0000,2.8622E+002
3038.0000,2.8547E+002
3039.0000,2.9894E+002
3040.0000,3.0709E+002
3041.0000,3.1414E+002
3042.0000,2.8504E+002
3043.0000,3.0785E+002
3044.0000,2.9053E+002
3045.0000,2.8853E+002
3046.0000,2.7266E+002
3047.0000,2.7994E+002
3048.0000,2.9875E+002
3049.0000,3.3180E+002
3050.0000,3.6184E+002
3051.0000,3.3887E+002
3052.0000,3.6362E+002
3053.0000,3.4135E+002
3054.0000,2.7937E+002
3055.0000,2.8415E+002
3056.0000,2.9666E+002
3057.0000,3.1241E+002
3058.0000,2.9825E+002
3059.0000,3.0987E+002
3060.0000,3.2970E+002
3061.0000,3.6741E+002
3062.0000,3.6079E+002
3063.0000,3.7626E+002
3064.0000,3.7661E+002
3065.0000,3.8518E+002
3066.0000,3.4231E+002
3067.0000,3.3545E+002
3068.0000,2.8577E+002
3069.0000,3.0593E+002
3070.0000,3.6775E+002
3071.0000,3.7108E+002
3072.0000,3.6737E+002
3073.0000,3.6864E+002
3074.0000,3.7786E+002
3075.0000,3.7006E+002
3076.0000,3.0438E+002
3077.0000,3.0627E+002
3078.0000,3.4460E+002
3079.0000,3.6724E+002
3080.0000,3.7601E+002
3081.0000,3.5121E+002
3082.0000,3.5173E+002
3083.0000,3.8588E+002
3084.0000,3.6913E+002
3085.0000,3.3684E+002
3086.0000,3.6140E+002
3087.0000,3.2201E+002
3088.0000,3.4404E+002
3089.0000,3.6563E+002
3090.0000,3.5022E+002
3091.0000,3.2139E+002
3092.0000,3.2339E+002
3093.0000,3.3842E+002
3094.0000,3.6518E+002
3095.0000,3.9102E+002
3096.0000,3.9124E+002
3097.0000,3.8713E+002
3098.0000,3.9943E+002
3099.0000,3.8985E+002
3100.0000,4.0483E+002
3101.0000,3.8601E+002
3102.0000,3.8025E+002
3103.0000,4.2252E+002
3104.0000,4.2562E+002
3105.0000,4.1889E+002
3106.0000,4.1657E+002
3107.0000,4.0352E+002
3108.0000,4.0440E+002
3109.0000,3.9426E+002
3110.0000,4.0669E+002
3111.0000,4.1034E+002
3112.0000,4.0241E+002
3113.0000,4.0015E+002
3114.0000,3.6606E+002
3115.0000,3.9077E+002
3116.0000,4.0623E+002
3117.0000,3.9454E+002
3118.0000,3.9172E+002
3119.0000,4.0057E+002
3120.0000,4.0853E+002
3121.0000,4.0918E+002
3122.0000,4.0473E+002
3123.0000,3.6462E+002
3124.0000,3.8021E+002
3125.0000,4.0876E+002
3126.0000,3.8234E+002
3127.0000,3.4180E+002
3128.0000,3.7701E+002
3129.0000,3.4748E+002
3130.0000,3.7266E+002
3131.0000,3.7951E+002
3132.0000,3.4693E+002
3133.0000,3.6660E+002
3134.0000,3.8017E+002
3135.0000,3.7610E+002
3136.0000,3.5997E+002
3137.0000,3.3839E+002
3138.0000,3.2767E+002
3139.0000,3.3143E+002
3140.0000,3.5210E+002
3141.0000,3.9477E+002
3142.0000,4.1289E+002
3143.0000,3.5358E+002
3144.0000,3.2851E+002
3145.0000,3.5983E+002
3146.0000,3.7615E+002
3147.0000,3.5893E+002
3148.0000,3.2381E+002
3149.0000,3.4672E+002
3150.0000,3.4572E+002
3151.0000,3.5610E+002
3152.0000,3.4183E+002
3153.0000,3.4745E+002
3154.0000,3.5589E+002
3155.0000,3.6839E+002
3156.0000,3.5775E+002
3157.0000,3.1542E+002
3158.0000,3.2215E+002
3159.0000,3.8626E+002
3160.0000,4.0012E+002
3161.0000,3.8404E+002
3162.0000,3.9186E+002
3163.0000,3.7953E+002
3164.0000,3.8296E+002
3165.0000,4.0298E+002
3166.0000,4.0984E+002
3167.0000,3.9557E+002
3168.0000,3.4802E+002
3169.0000,3.3774E+002
3170.0000,2.9172E+002
3171.0000,3.2767E+002
3172.0000,3.5193E+002
3173.0000,2.9764E+002
3174.0000,3.6422E+002
3175.0000,3.9109E+002
3176.0000,3.9135E+002
3177.0000,3.8049E+002
3178.0000,3.5398E+002
3179.0000,3.0784E+002
3180.0000,3.4168E+002
3181.0000,2.8214E+002
3182.0000,3.0006E+002
3183.0000,3.0874E+002
3184.0000,3.1894E+002
3185.0000,3.1762E+002
3186.0000,3.6107E+002
3187.0000,3.1499E+002
3188.0000,2.8750E+002
3189.0000,3.1438E+002
3190.0000,3.2409E+002
3191.0000,3.5575E+002
3192.0000,3.2448E+002
3193.0000,3.0900E+002
3194.0000,3.0542E+002
3195.0000,3.2429E+002
3196.0000,3.2826E+002
3197.0000,3.1282E+002
3198.0000,3.3097E+002
3199.0000,3.5438E+002
3200.0000,3.5504E+002
3201.0000,3.7543E+002
3202.0000,3.0304E+002
3203.0000,2.8495E+002
3204.0000,3.0308E+002
3205.0000,3.2259E+002
3206.0000,3.0886E+002
3207.0000,3.0135E+002
3208.0000,3.0723E+002
3209.0000,3.4133E+002
3210.0000,3.2333E+002
3211.0000,3.2816E+002
3212.0000,3.3812E+002
3213.0000,2.9902E+002
3214.0000,3.0270E+002
3215.0000,2.8543E+002
3216.0000,3.0238E+002
3217.0000,2.8274E+002
3218.0000,2.8154E+002
3219.0000,2.8744E+002
3220.0000,2.7706E+002
3221.0000,2.9611E+002
3222.0000,2.7525E+002
3223.0000,2.4910E+002
3224.0000,2.8691E+002
3225.0000,3.0131E+002
3226.0000,3.4496E+002
3227.0000,3.0167E+002
3228.0000,2.8383E+002
3229.0000,2.4008E+002
3230.0000,2.5832E+002
3231.0000,2.8630E+002
3232.0000,3.1929E+002
3233.0000,2.8925E+002
3234.0000,2.6021E+002
3235.0000,2.9475E+002
3236.0000,2.7901E+002
3237.0000,2.7765E+002
3238.0000,2.3197E+002
3239.0000,2.5841E+002
3240.0000,2.6050E+002
3241.0000,2.7767E+002
3242.0000,2.9618E+002
3243.0000,3.2492E+002
3244.0000,2.6527E+002
3245.0000,2.3346E+002
3246.0000,2.4743E+002
3247.0000,3.0224E+002
3248.0000,2.7475E+002
3249.0000,2.3142E+002
3250.0000,2.1882E+002
3251.0000,2.7806E+002
3252.0000,3.1715E+002
3253.0000,2.5417E+002
3254.0000,2.2815E+002
3255.0000,2.2344E+002
3256.0000,2.7412E+002
3257.0000,2.7258E+002
3258.0000,2.5493E+002
3259.0000,2.4222E+002
3260.0000,2.9111E+002
3261.0000,3.0294E+002
3262.0000,2.6073E+002
3263.0000,2.3226E+002
3264.0000,2.8181E+002
3265.0000,2.6453E+002
3266.0000,2.2830E+002
3267.0000,2.1254E+002
3268.0000,2.2183E+002
3269.0000,2.3192E+002
3270.0000,2.7082E+002
3271.0000,2.2045E+002
3272.0000,0.0000E+000
3273.0000,0.0000E+000
3274.0000,0.0000E+000
3275.0000,0.0000E+000
3276.0000,2.8851E+002
3277.0000,3.1945E+002
3278.0000,2.9463E+002
3279.0000,0.0000E+000
3280.0000,0.0000E+000
3281.0000,0.0000E+000
3282.0000,0.0000E+000
3283.0000,0.0000E+000
3284.0000,0.0000E+000
3285.0000,0.0000E+000
3286.0000,0.0000E+000
3287.0000,0.0000E+000
3288.0000,0.0000E+000
3289.0000,0.0000E+000
3290.0000,0.0000E+000
3291.0000,0.0000E+000
3292.0000,3.0149E+002
3293.0000,0.0000E+000
3294.0000,0.0000E+000
3295.0000,0.0000E+000
3296.0000,0.0000E+000
3297.0000,2.9599E+002
3298.0000,2.7755E+002
3299.0000,0.0000E+000
3300.0000,2.8767E+002
3301.0000,0.0000E+000
3302.0000,0.0000E+000
3303.0000,0.0000E+000
3304.0000,0.0000E+000
3305.0000,0.0000E+000
3306.0000,0.0000E+000
3307.0000,0.0000E+000
3308.0000,0.0000E+000
3309.0000,0.0000E+000
3310.0000,0.0000E+000
3311.0000,0.0000E+000
3312.0000,0.0000E+000
3313.0000,0.0000E+000
3314.0000,0.0000E+000
3315.0000,0.0000E+000
3316.0000,0.0000E+000
3317.0000,0.0000E+000
3318.0000,0.0000E+000
3319.0000,0.0000E+000
3320.0000,0.0000E+000
3321.0000,0.0000E+000
3322.0000,0.0000E+000
3323.0000,0.0000E+000
3324.0000,0.0000E+000
3325.0000,0.0000E+000
3326.0000,0.0000E+000
3327.0000,0.0000E+000
3328.0000,0.0000E+000
3329.0000,0.0000E+000
3330.0000,0.0000E+000
3331.0000,0.0000E+000
3332.0000,0.0000E+000
3333.0000,0.0000E+000
3334.0000,0.0000E+000
3335.0000,0.0000E+000
3336.0000,0.0000E+000
3337.0000,0.0000E+000
3338.0000,0.0000E+000
3339.0000,2.4074E+002
3340.0000,0.0000E+000
3341.0000,0.0000E+000
3342.0000,0.0000E+000
3343.0000,0.0000E+000
3344.0000,0.0000E+000
3345.0000,0.0000E+000
3346.0000,0.0000E+000
3347.0000,0.0000E+000
3348.0000,0.0000E+000
3349.0000,0.0000E+000
3350.0000,0.0000E+000
3351.0000,0.0000E+000
3352.0000,0.0000E+000
3353.0000,0.0000E+000
3354.0000,0.0000E+000
3355.0000,0.0000E+000
3356.0000,2.6873E+002
3357.0000,0.0000E+000
3358.0000,0.0000E+000
3359.0000,0.0000E+000
3360.0000,2.6853E+002
3361.0000,0.0000E+000
3362.0000,0.0000E+000
3363.0000,0.0000E+000
3364.0000,0.0000E+000
3365.0000,2.8989E+002
3366.0000,0.0000E+000
3367.0000,0.0000E+000
3368.0000,0.0000E+000
3369.0000,0.0000E+000
3370.0000,0.0000E+000
3371.0000,0.0000E+000
3372.0000,0.0000E+000
3373.0000,2.9263E+002
3374.0000,2.8682E+002
3375.0000,3.0946E+002
3376.0000,0.0000E+000
3377.0000,2.5413E+002
3378.0000,2.7735E+002
3379.0000,2.3984E+002
3380.0000,2.7417E+002
3381.0000,3.0164E+002
3382.0000,2.4149E+002
3383.0000,2.6686E+002
3384.0000,3.3312E+002
3385.0000,2.7538E+002
3386.0000,2.4682E+002
3387.0000,3.0210E+002
3388.0000,2.8418E+002
3389.0000,3.0377E+002
3390.0000,3.1643E+002
3391.0000,3.4642E+002
3392.0000,0.0000E+000
3393.0000,0.0000E+000
3394.0000,0.0000E+000
3395.0000,2.7133E+002
3396.0000,2.4969E+002
3397.0000,2.7489E+002
3398.0000,3.1664E+002
3399.0000,3.2936E+002
3400.0000,2.5447E+002
3401.0000,2.6793E+002
3402.0000,3.2286E+002
3403.0000,3.2209E+002
3404.0000,2.8909E+002
3405.0000,3.1647E+002
3406.0000,3.2571E+002
3407.0000,3.5419E+002
3408.0000,2.9896E+002
3409.0000,3.0303E+002
3410.0000,3.0682E+002
3411.0000,3.2558E+002
3412.0000,2.8964E+002
3413.0000,2.7156E+002
3414.0000,2.9393E+002
3415.0000,3.4003E+002
3416.0000,3.6273E+002
3417.0000,3.0314E+002
3418.0000,3.1235E+002
3419.0000,3.4521E+002
3420.0000,3.3818E+002
3421.0000,3.7055E+002
3422.0000,3.8968E+002
3423.0000,3.5916E+002
3424.0000,2.9345E+002
3425.0000,2.9057E+002
3426.0000,3.0587E+002
3427.0000,3.1948E+002
3428.0000,3.4786E+002
3429.0000,3.5953E+002
3430.0000,3.6027E+002
3431.0000,3.3519E+002
3432.0000,3.5212E+002
3433.0000,3.6731E+002
3434.0000,3.5951E+002
3435.0000,3.1016E+002
3436.0000,3.4050E+002
3437.0000,3.3327E+002
3438.0000,3.0146E+002
3439.0000,3.2246E+002
3440.0000,3.5468E+002
3441.0000,3.6781E+002
3442.0000,3.5156E+002
3443.0000,3.5123E+002
3444.0000,3.3714E+002
3445.0000,3.4169E+002
3446.0000,3.6814E+002
3447.0000,3.8162E+002
3448.0000,3.5344E+002
3449.0000,3.6919E+002
3450.0000,3.8810E+002
3451.0000,3.7286E+002
3452.0000,3.3977E+002
3453.0000,3.2217E+002
3454.0000,3.6445E+002
3455.0000,3.7343E+002
3456.0000,3.4123E+002
3457.0000,3.0850E+002
3458.0000,3.2173E+002
3459.0000,3.3798E+002
3460.0000,3.4134E+002
3461.0000,3.6635E+002
3462.0000,3.8343E+002
3463.0000,3.9907E+002
3464.0000,3.5125E+002
3465.0000,3.5113E+002
3466.0000,3.6551E+002
3467.0000,3.7972E+002
3468.0000,3.8595E+002
3469.0000,4.0031E+002
3470.0000,3.9492E+002
3471.0000,3.9034E+002
3472.0000,3.4160E+002
3473.0000,3.3637E+002
3474.0000,3.5657E+002
3475.0000,3.9395E+002
3476.0000,3.7679E+002
3477.0000,3.4680E+002
3478.0000,3.4485E+002
3479.0000,3.5003E+002
3480.0000,3.8609E+002
3481.0000,3.9314E+002
3482.0000,3.9074E+002
3483.0000,3.9380E+002
3484.0000,3.4121E+002
3485.0000,3.3557E+002
3486.0000,3.5430E+002
3487.0000,3.5075E+002
3488.0000,3.4867E+002
3489.0000,3.7208E+002
3490.0000,3.8896E+002
3491.0000,3.6855E+002
3492.0000,3.3572E+002
3493.0000,3.4443E+002
3494.0000,3.6593E+002
3495.0000,3.7452E+002
3496.0000,3.5626E+002
3497.0000,3.5996E+002
3498.0000,3.4096E+002
3499.0000,3.5639E+002
3500.0000,3.7367E+002
3501.0000,3.6372E+002
3502.0000,3.7954E+002
3503.0000,3.7089E+002
3504.0000,3.6277E+002
3505.0000,3.3653E+002
3506.0000,3.3875E+002
3507.0000,3.5190E+002
3508.0000,3.6278E+002
3509.0000,3.6913E+002
3510.0000,3.6304E+002
3511.0000,3.9454E+002
3512.0000,3.5193E+002
3513.0000,3.4009E+002
3514.0000,3.3970E+002
3515.0000,3.6512E+002
3516.0000,3.3425E+002
3517.0000,3.1675E+002
3518.0000,3.4439E+002
3519.0000,3.7207E+002
3520.0000,3.8576E+002
3521.0000,3.6329E+002
3522.0000,3.5890E+002
3523.0000,3.5884E+002
3524.0000,3.5609E+002
3525.0000,3.7540E+002
3526.0000,3.5047E+002
3527.0000,3.2432E+002
3528.0000,3.3744E+002
3529.0000,3.7750E+002
3530.0000,3.9329E+002
3531.0000,3.8720E+002
3532.0000,3.5449E+002
3533.0000,3.4374E+002
3534.0000,3.6484E+002
3535.0000,3.8918E+002
3536.0000,3.3937E+002
3537.0000,3.2973E+002
3538.0000,3.2071E+002
3539.0000,3.2905E+002
3540.0000,3.7111E+002
3541.0000,3.2668E+002
3542.0000,3.2494E+002
3543.0000,3.1771E+002
3544.0000,2.9375E+002
3545.0000,3.3907E+002
3546.0000,3.0693E+002
3547.0000,3.2533E+002
3548.0000,2.7921E+002
3549.0000,3.1606E+002
3550.0000,3.6350E+002
3551.0000,3.5273E+002
3552.0000,3.0652E+002
3553.0000,3.1544E+002
3554.0000,3.2246E+002
3555.0000,3.2209E+002
3556.0000,3.3147E+002
3557.0000,3.4580E+002
3558.0000,3.4959E+002
3559.0000,3.5034E+002
3560.0000,3.5329E+002
3561.0000,3.6008E+002
3562.0000,3.1195E+002
3563.0000,3.5537E+002
3564.0000,3.2162E+002
3565.0000,2.8995E+002
3566.0000,3.2494E+002
3567.0000,3.3764E+002
3568.0000,2.9836E+002
3569.0000,2.9669E+002
3570.0000,3.1834E+002
3571.0000,2.8476E+002
3572.0000,3.0579E+002
3573.0000,3.4899E+002
3574.0000,3.5519E+002
3575.0000,3.9519E+002
3576.0000,3.3351E+002
3577.0000,3.3059E+002
3578.0000,3.1801E+002
3579.0000,2.8318E+002
3580.0000,3.2251E+002
3581.0000,3.4033E+002
3582.0000,3.4312E+002
3583.0000,3.3615E+002
3584.0000,2.9997E+002
3585.0000,3.1224E+002
3586.0000,3.0338E+002
3587.0000,3.0475E+002
3588.0000,3.3535E+002
3589.0000,2.9317E+002
3590.0000,2.9235E+002
3591.0000,3.0252E+002
3592.0000,2.8835E+002
3593.0000,2.4894E+002
3594.0000,2.8343E+002
3595.0000,3.0387E+002
3596.0000,2.9791E+002
3597.0000,3.1606E+002
3598.0000,2.6680E+002
3599.0000,2.8047E+002
3600.0000,2.6886E+002
3601.0000,2.8233E+002
3602.0000,3.0858E+002
3603.0000,2.6324E+002
3604.0000,2.7747E+002
3605.0000,2.3884E+002
3606.0000,2.6508E+002
3607.0000,3.0394E+002
3608.0000,2.6447E+002
3609.0000,2.3187E+002
3610.0000,2.5811E+002
3611.0000,2.3467E+002
3612.0000,2.4389E+002
3613.0000,2.9471E+002
3614.0000,3.2333E+002
3615.0000,2.8358E+002
3616.0000,2.8483E+002
3617.0000,2.8009E+002
3618.0000,2.5670E+002
3619.0000,2.2306E+002
3620.0000,2.6745E+002
3621.0000,3.1378E+002
3622.0000,2.3792E+002
3623.0000,3.0901E+002
3624.0000,2.5300E+002
3625.0000,2.4236E+002
3626.0000,2.9944E+002
3627.0000,2.5163E+002
3628.0000,2.3108E+002
3629.0000,2.9616E+002
3630.0000,2.9954E+002
3631.0000,2.9196E+002
3632.0000,2.6812E+002
3633.0000,2.6067E+002
3634.0000,2.5307E+002
3635.0000,2.5533E+002
3636.0000,2.8524E+002
3637.0000,2.9695E+002
3638.0000,2.8498E+002
3639.0000,2.6178E+002
3640.0000,2.3425E+002
3641.0000,2.7844E+002
3642.0000,2.7905E+002
3643.0000,2.9600E+002
3644.0000,3.0417E+002
3645.0000,3.0715E+002
3646.0000,2.4177E+002
3647.0000,2.4976E+002
3648.0000,2.8485E+002
3649.0000,2.4324E+002
3650.0000,2.1297E+002
3651.0000,2.1918E+002
3652.0000,2.1920E+002
