"",32.500
177.0000,0.0000E+000
178.0000,-1.6505E+001
179.0000,-1.4514E+001
180.0000,-1.2544E+001
181.0000,-3.0206E+001
182.0000,-3.7477E+001
183.0000,-2.7496E+001
184.0000,-3.4569E+001
185.0000,-3.0620E+001
186.0000,-2.1840E+001
187.0000,-4.4041E+001
188.0000,-2.7113E+001
189.0000,-4.3512E+001
190.0000,-1.4182E+001
191.0000,-3.1251E+000
192.0000,-7.9770E+000
193.0000,-2.2865E+001
194.0000,-2.1525E+001
195.0000,-1.3923E+001
196.0000,-2.0245E+001
197.0000,-2.6549E+001
198.0000,-2.6623E+001
199.0000,-1.4994E+001
200.0000,-1.9899E+001
201.0000,-2.4386E+001
202.0000,-2.3715E+001
203.0000,-4.3227E+001
204.0000,-3.9803E+001
205.0000,-2.6620E+001
206.0000,-1.2960E+001
207.0000,-6.0289E+000
208.0000,-4.6374E+001
209.0000,-3.0948E+001
210.0000,-2.4226E+001
211.0000,-3.3102E+001
212.0000,-4.0366E+001
213.0000,-2.3223E+001
214.0000,-2.2702E+001
215.0000,-1.6514E+001
216.0000,-2.3918E+001
217.0000,-2.9006E+001
218.0000,-2.1459E+001
219.0000,-2.3919E+001
220.0000,-3.0262E+001
221.0000,-2.8459E+001
222.0000,-2.3367E+001
223.0000,-1.9337E+001
224.0000,-2.2608E+001
225.0000,-1.9797E+001
226.0000,-3.5299E+001
227.0000,-3.7752E+001
228.0000,-4.1400E+001
229.0000,-3.5725E+001
230.0000,-3.4038E+001
231.0000,-4.3216E+001
232.0000,-2.2214E+001
233.0000,-3.3543E+001
234.0000,-4.1570E+001
235.0000,-3.9991E+001
236.0000,-3.1366E+001
237.0000,-2.0114E+001
238.0000,-2.5256E+001
239.0000,-4.1999E+001
240.0000,-1.9091E+001
241.0000,-1.7217E+001
242.0000,-1.5999E+001
243.0000,-2.3832E+001
244.0000,-2.5122E+001
245.0000,-3.0827E+001
246.0000,-3.3745E+001
247.0000,-3.1135E+001
248.0000,-1.8673E+001
249.0000,-2.1618E+001
250.0000,-2.1644E+001
251.0000,-2.9694E+001
252.0000,-4.2252E+001
253.0000,-3.6625E+001
254.0000,-1.0896E+001
255.0000,-2.3907E+000
256.0000,-6.8530E+000
257.0000,-1.0073E+001
258.0000,-1.7398E+001
259.0000,-1.3709E+001
260.0000,-2.3914E+001
261.0000,-2.6426E+001
262.0000,-2.8527E+001
263.0000,-3.1942E+001
264.0000,-2.0158E+001
265.0000,-1.0602E+001
266.0000,-4.5126E+001
267.0000,-4.8160E+001
268.0000,-3.0195E+001
269.0000,-3.3581E+001
270.0000,-3.0038E+001
271.0000,-4.8877E+001
272.0000,-6.4908E+001
273.0000,-3.2332E+001
274.0000,-1.2657E+001
275.0000,-1.0684E+001
276.0000,-1.1374E+001
277.0000,-8.5512E+000
278.0000,-6.3214E+000
279.0000,-2.7505E+000
280.0000,-6.6401E+000
281.0000,-5.6067E+001
282.0000,-3.3010E+001
283.0000,-2.3498E+001
284.0000,-6.1284E+001
285.0000,-6.9629E+001
286.0000,-2.8935E+001
287.0000,-9.7029E+000
288.0000,-9.2402E+001
289.0000,-8.3115E+001
290.0000,-4.1880E+001
291.0000,-2.7448E+001
292.0000,-6.0906E+001
293.0000,-4.3931E+001
294.0000,-4.8532E+001
295.0000,-6.8642E+001
296.0000,-3.4187E+001
297.0000,-9.7012E+001
298.0000,-1.1976E+002
299.0000,-6.4118E+001
300.0000,-4.6064E+001
301.0000,-6.0483E+001
302.0000,-4.2787E+001
303.0000,-1.7695E+001
304.0000,-1.7823E+001
305.0000,-4.1830E+001
306.0000,-4.7982E+001
307.0000,-4.0930E+000
308.0000,-7.6767E+000
309.0000,-7.4261E+000
310.0000,-3.5175E+001
311.0000,-4.0140E+001
312.0000,-3.5183E+001
313.0000,-4.1452E+001
314.0000,-1.2206E+002
315.0000,-5.7015E+001
316.0000,-4.4153E+001
317.0000,-1.3777E+001
318.0000,-3.3402E+001
319.0000,1.5944E+001
320.0000,-5.2787E+001
321.0000,-1.0249E+002
322.0000,-6.0808E+001
323.0000,-5.2890E+001
324.0000,-2.8476E+001
325.0000,-3.3434E+001
326.0000,-1.5124E+002
327.0000,-7.3455E+001
328.0000,-1.4458E+002
329.0000,-7.5294E+001
330.0000,-4.2067E+001
331.0000,-3.2380E+001
332.0000,1.2251E+001
333.0000,1.6453E+001
334.0000,-4.2046E+001
335.0000,-5.6138E+001
336.0000,-1.4305E+002
337.0000,-7.1984E+001
338.0000,-8.0774E+001
339.0000,-5.3908E+001
340.0000,-1.3330E+002
341.0000,-1.1259E+002
342.0000,-4.7940E+001
343.0000,-6.4599E+001
344.0000,-4.8987E+001
345.0000,-4.5976E+001
346.0000,-1.1358E+002
347.0000,-1.2215E+002
348.0000,-6.4693E+001
349.0000,-4.1683E+001
350.0000,-5.0050E+001
351.0000,-4.3803E+001
352.0000,-4.7945E+001
353.0000,-8.3289E+001
354.0000,0.0000E+000
355.0000,0.0000E+000
356.0000,0.0000E+000
357.0000,0.0000E+000
358.0000,0.0000E+000
359.0000,0.0000E+000
360.0000,0.0000E+000
361.0000,0.0000E+000
362.0000,0.0000E+000
363.0000,0.0000E+000
364.0000,0.0000E+000
365.0000,0.0000E+000
366.0000,0.0000E+000
367.0000,0.0000E+000
368.0000,0.0000E+000
369.0000,0.0000E+000
370.0000,0.0000E+000
371.0000,0.0000E+000
372.0000,0.0000E+000
373.0000,0.0000E+000
374.0000,0.0000E+000
375.0000,0.0000E+000
376.0000,2.9719E+001
377.0000,0.0000E+000
378.0000,6.8398E+001
379.0000,0.0000E+000
380.0000,0.0000E+000
381.0000,0.0000E+000
382.0000,2.5800E+001
383.0000,0.0000E+000
384.0000,1.1649E+001
385.0000,4.4648E+001
386.0000,0.0000E+000
387.0000,0.0000E+000
388.0000,0.0000E+000
389.0000,0.0000E+000
390.0000,0.0000E+000
391.0000,0.0000E+000
392.0000,0.0000E+000
393.0000,0.0000E+000
394.0000,0.0000E+000
395.0000,0.0000E+000
396.0000,0.0000E+000
397.0000,0.0000E+000
398.0000,1.4533E+001
399.0000,6.7730E+000
400.0000,3.0107E+001
401.0000,0.0000E+000
402.0000,0.0000E+000
403.0000,0.0000E+000
404.0000,0.0000E+000
405.0000,0.0000E+000
406.0000,0.0000E+000
407.0000,0.0000E+000
408.0000,0.0000E+000
409.0000,0.0000E+000
410.0000,0.0000E+000
411.0000,4.6529E+000
412.0000,4.7660E+001
413.0000,0.0000E+000
414.0000,0.0000E+000
415.0000,0.0000E+000
416.0000,0.0000E+000
417.0000,0.0000E+000
418.0000,0.0000E+000
419.0000,0.0000E+000
420.0000,0.0000E+000
421.0000,0.0000E+000
422.0000,0.0000E+000
423.0000,0.0000E+000
424.0000,0.0000E+000
425.0000,0.0000E+000
426.0000,0.0000E+000
427.0000,0.0000E+000
428.0000,0.0000E+000
429.0000,0.0000E+000
430.0000,0.0000E+000
431.0000,0.0000E+000
432.0000,0.0000E+000
433.0000,6.2772E+001
434.0000,6.4195E+001
435.0000,1.5514E+001
436.0000,1.2480E+001
437.0000,7.2493E+001
438.0000,0.0000E+000
439.0000,0.0000E+000
440.0000,0.0000E+000
441.0000,0.0000E+000
442.0000,0.0000E+000
443.0000,0.0000E+000
444.0000,0.0000E+000
445.0000,0.0000E+000
446.0000,0.0000E+000
447.0000,3.0798E+000
448.0000,2.7920E+000
449.0000,7.1199E+000
450.0000,1.6499E+001
451.0000,9.6747E+000
452.0000,1.7683E+001
453.0000,3.0432E+001
454.0000,7.1325E+001
455.0000,1.2589E+002
456.0000,8.1090E+001
457.0000,9.8587E+000
458.0000,8.1251E+000
459.0000,0.0000E+000
460.0000,3.1641E-001
461.0000,1.2666E+001
462.0000,2.2897E+001
463.0000,7.3436E+000
464.0000,7.7943E+000
465.0000,1.0182E+001
466.0000,3.9615E+001
467.0000,7.3650E+001
468.0000,2.0425E+001
469.0000,3.6829E+001
470.0000,3.5433E+001
471.0000,7.2642E+000
472.0000,3.1625E+001
473.0000,4.6936E+001
474.0000,6.5486E+001
475.0000,1.1325E+001
476.0000,-6.0009E+000
477.0000,-2.9163E+001
478.0000,-1.7256E+000
479.0000,1.2577E+001
480.0000,-1.4143E+001
481.0000,7.5630E+000
482.0000,-1.0551E+001
483.0000,-5.1665E+000
484.0000,1.9216E+000
485.0000,1.6142E+001
486.0000,-1.1233E+001
487.0000,-2.8021E+000
488.0000,9.7814E+000
489.0000,2.2006E+001
490.0000,6.8943E+000
491.0000,-1.9881E+001
492.0000,-2.2809E+000
493.0000,-8.8221E+000
494.0000,-1.3700E+001
495.0000,-7.5332E-001
496.0000,-4.8145E+000
497.0000,-5.3460E+000
498.0000,-2.8846E+001
499.0000,-1.3488E+001
500.0000,-3.1517E+000
501.0000,4.3354E+000
502.0000,8.3747E+000
503.0000,3.0106E-001
504.0000,-8.3225E+000
505.0000,-4.3806E+000
506.0000,-4.4399E+001
507.0000,-2.7054E+001
508.0000,-2.1762E-001
509.0000,9.4981E+000
510.0000,1.8389E+001
511.0000,1.2993E+001
512.0000,4.8847E+000
513.0000,3.4316E+000
514.0000,1.6776E+000
515.0000,-8.6849E+000
516.0000,-4.4111E+000
517.0000,-1.7192E+001
518.0000,-4.5188E+001
519.0000,-6.1413E+001
520.0000,-2.1821E+001
521.0000,-7.6754E+000
522.0000,-3.0235E+001
523.0000,-3.3399E+001
524.0000,-1.1063E+001
525.0000,-2.7894E+001
526.0000,-4.2818E+001
527.0000,4.0074E+000
528.0000,4.9632E+000
529.0000,-1.2557E+000
530.0000,-7.7269E+000
531.0000,-2.1957E+000
532.0000,-1.7829E+000
533.0000,4.3303E+000
534.0000,1.3388E+001
535.0000,-9.3724E+000
536.0000,-2.6399E+001
537.0000,-1.9614E+001
538.0000,-6.5492E+000
539.0000,-1.6068E+001
540.0000,-1.8685E+001
541.0000,-2.9488E+001
542.0000,-7.2609E+000
543.0000,-1.1360E+001
544.0000,-5.0168E+000
545.0000,-1.6724E+001
546.0000,-2.8837E+001
547.0000,-2.2676E+000
548.0000,-1.5123E+000
549.0000,-4.2698E+000
550.0000,-1.5278E+001
551.0000,-2.3553E+001
552.0000,-2.4995E+001
553.0000,-9.1929E+000
554.0000,-1.3907E+001
555.0000,-2.1396E+001
556.0000,-2.2158E+001
557.0000,-1.4390E+001
558.0000,-1.2754E+001
559.0000,-1.4376E+001
560.0000,-1.1557E+001
561.0000,-1.2826E+001
562.0000,-6.8142E+000
563.0000,-1.2019E+001
564.0000,-1.9568E+001
565.0000,-3.2635E+001
566.0000,-2.2302E+001
567.0000,-2.5543E+001
568.0000,-3.9401E+001
569.0000,-3.5762E+001
570.0000,-3.1943E+001
571.0000,-1.6647E+001
572.0000,-2.3490E+001
573.0000,-2.5473E+001
574.0000,-2.8498E+001
575.0000,-2.1130E+001
576.0000,-2.2746E+001
577.0000,-1.2899E+001
578.0000,-2.6182E+000
579.0000,-7.6432E+000
580.0000,-2.1080E+001
581.0000,-3.4367E+001
582.0000,-2.8204E+001
583.0000,-3.4539E+001
584.0000,-3.5814E+001
585.0000,-3.8349E+001
586.0000,-4.0257E+001
587.0000,-6.1407E+001
588.0000,-6.9760E+001
589.0000,-4.4796E+001
590.0000,-3.2202E+001
591.0000,-1.7132E+001
592.0000,-2.7021E+001
593.0000,-1.9844E+001
594.0000,-1.9896E+001
595.0000,-2.7387E+001
596.0000,-2.2861E+001
597.0000,-3.7748E+001
598.0000,-2.2349E+001
599.0000,-3.0561E+001
600.0000,-2.5992E+001
601.0000,-3.1702E+001
602.0000,-3.2281E+001
603.0000,-6.3318E+001
604.0000,-2.1586E+001
605.0000,-2.5550E+001
606.0000,-2.1185E+001
607.0000,-4.7131E+001
608.0000,-3.0095E+001
609.0000,-5.5509E+001
610.0000,-5.6050E+001
611.0000,-2.4767E+001
612.0000,-2.0038E+001
613.0000,-1.8139E+001
614.0000,-1.7141E+001
615.0000,-1.6800E+001
616.0000,-1.8608E+001
617.0000,-4.9375E+001
618.0000,-4.5778E+001
619.0000,-3.7286E+001
620.0000,-3.0565E+001
621.0000,-3.5785E+001
622.0000,-1.3483E+001
623.0000,-1.1091E+001
624.0000,-1.2250E+001
625.0000,-1.2292E+001
626.0000,-1.6142E+001
627.0000,-3.2808E+001
628.0000,-8.5338E+001
629.0000,-4.5293E+001
630.0000,-3.5905E+001
631.0000,-1.0717E+001
632.0000,-3.3174E+001
633.0000,-4.5468E+001
634.0000,-3.0446E+001
635.0000,-3.0689E+001
636.0000,-2.5009E+001
637.0000,-4.8628E+001
638.0000,-4.4167E+001
639.0000,-3.7703E+001
640.0000,-2.5768E+001
641.0000,-4.7411E+000
642.0000,-4.6291E+001
643.0000,-4.7470E+001
644.0000,-4.4252E+001
645.0000,-3.1825E+001
646.0000,-2.3048E+001
647.0000,-1.5371E+001
648.0000,-3.7812E+001
649.0000,-1.8411E+001
650.0000,-6.5556E+001
651.0000,-7.4199E+001
652.0000,-8.6038E+001
653.0000,-5.1688E+001
654.0000,-5.8559E+001
655.0000,-2.2146E+001
656.0000,-1.5955E+001
657.0000,-8.9262E+000
658.0000,-1.5033E+002
659.0000,-5.8799E+001
660.0000,-3.6341E+001
661.0000,-8.1824E+001
662.0000,-1.0351E+002
663.0000,-9.7444E+001
664.0000,-5.3781E+001
665.0000,-6.3563E+001
666.0000,-1.3401E+002
667.0000,-9.6932E+001
668.0000,-2.4617E+001
669.0000,-4.1704E+000
670.0000,-4.2493E+001
671.0000,-8.4290E+001
672.0000,-7.0120E+001
673.0000,-5.0974E+001
674.0000,-3.7507E+001
675.0000,-3.4890E+001
676.0000,-8.6703E+000
677.0000,-1.0856E+000
678.0000,-1.4966E+001
679.0000,-1.5685E+001
680.0000,-1.1661E+000
681.0000,-1.2216E+001
682.0000,-7.0614E+000
683.0000,-3.9757E+000
684.0000,1.0754E+001
685.0000,3.1526E+001
686.0000,-3.6225E+001
687.0000,-3.8675E+001
688.0000,-6.8275E+001
689.0000,-5.6645E+001
690.0000,-4.3650E+001
691.0000,-5.5261E+001
692.0000,-5.3703E+001
693.0000,-3.1393E+001
694.0000,-3.2581E+001
695.0000,-1.4467E+001
696.0000,-1.1266E+001
697.0000,-2.1573E+001
698.0000,9.1846E+000
699.0000,1.7523E+001
700.0000,-6.2246E+001
701.0000,-6.8279E+001
702.0000,-6.3286E+001
703.0000,-8.1598E+001
704.0000,-8.9706E+001
705.0000,-4.3011E+001
706.0000,-1.9021E+002
707.0000,-1.1033E+002
708.0000,-4.6702E+001
709.0000,-2.6285E+001
710.0000,-2.4335E+001
711.0000,-2.5984E+001
712.0000,8.3013E-001
713.0000,-3.0314E+000
714.0000,-1.6872E+001
715.0000,-1.5682E+001
716.0000,7.0891E-001
717.0000,-5.4124E+001
718.0000,-3.8262E+001
719.0000,-2.9402E+001
720.0000,-2.1023E+001
721.0000,-4.7404E+000
722.0000,-2.1038E+001
723.0000,-2.4875E+001
724.0000,-1.2089E+001
725.0000,-4.0637E+001
726.0000,-4.6164E+001
727.0000,-5.3705E+001
728.0000,-3.6944E+001
729.0000,-5.5353E+001
730.0000,-2.8557E+001
731.0000,-2.5423E+001
732.0000,-2.5039E+001
733.0000,-3.1622E+000
734.0000,2.1635E+001
735.0000,7.6162E+001
736.0000,4.1739E-001
737.0000,-2.3862E+000
738.0000,-4.8216E+001
739.0000,-5.9319E+001
740.0000,-6.8698E+001
741.0000,-2.6192E+001
742.0000,1.8161E+000
743.0000,-1.7845E+001
744.0000,-2.0783E+001
745.0000,-3.7547E+001
746.0000,-1.6933E+002
747.0000,-6.8821E+001
748.0000,-2.0675E+001
749.0000,-1.0274E+002
750.0000,0.0000E+000
751.0000,0.0000E+000
752.0000,0.0000E+000
753.0000,0.0000E+000
754.0000,0.0000E+000
755.0000,0.0000E+000
756.0000,0.0000E+000
757.0000,0.0000E+000
758.0000,0.0000E+000
759.0000,0.0000E+000
760.0000,0.0000E+000
761.0000,0.0000E+000
762.0000,0.0000E+000
763.0000,0.0000E+000
764.0000,0.0000E+000
765.0000,0.0000E+000
766.0000,0.0000E+000
767.0000,0.0000E+000
768.0000,0.0000E+000
769.0000,0.0000E+000
770.0000,0.0000E+000
771.0000,0.0000E+000
772.0000,0.0000E+000
773.0000,0.0000E+000
774.0000,0.0000E+000
775.0000,0.0000E+000
776.0000,0.0000E+000
777.0000,0.0000E+000
778.0000,0.0000E+000
779.0000,0.0000E+000
780.0000,0.0000E+000
781.0000,0.0000E+000
782.0000,0.0000E+000
783.0000,0.0000E+000
784.0000,0.0000E+000
785.0000,0.0000E+000
786.0000,0.0000E+000
787.0000,0.0000E+000
788.0000,0.0000E+000
789.0000,0.0000E+000
790.0000,0.0000E+000
791.0000,0.0000E+000
792.0000,0.0000E+000
793.0000,0.0000E+000
794.0000,0.0000E+000
795.0000,0.0000E+000
796.0000,0.0000E+000
797.0000,0.0000E+000
798.0000,0.0000E+000
799.0000,2.2110E+001
800.0000,5.9168E+000
801.0000,2.4202E+001
802.0000,9.5702E+001
803.0000,4.9142E+001
804.0000,0.0000E+000
805.0000,0.0000E+000
806.0000,0.0000E+000
807.0000,0.0000E+000
808.0000,0.0000E+000
809.0000,0.0000E+000
810.0000,3.5936E+001
811.0000,7.1662E+001
812.0000,1.8649E+000
813.0000,2.5093E+000
814.0000,6.4347E+000
815.0000,2.8268E+001
816.0000,6.3851E+001
817.0000,0.0000E+000
818.0000,2.1692E+001
819.0000,1.1554E+001
820.0000,6.3371E+000
821.0000,1.9437E+001
822.0000,1.0717E+001
823.0000,0.0000E+000
824.0000,0.0000E+000
825.0000,0.0000E+000
826.0000,0.0000E+000
827.0000,0.0000E+000
828.0000,0.0000E+000
829.0000,0.0000E+000
830.0000,0.0000E+000
831.0000,0.0000E+000
832.0000,0.0000E+000
833.0000,3.4126E+001
834.0000,1.9034E+000
835.0000,8.5715E+001
836.0000,1.8344E+001
837.0000,2.7207E+001
838.0000,5.7394E+001
839.0000,5.2621E+001
840.0000,3.7317E+001
841.0000,8.5360E+000
842.0000,8.0874E+001
843.0000,7.7055E+001
844.0000,8.7194E+000
845.0000,3.4891E+000
846.0000,1.8497E+001
847.0000,1.6008E+001
848.0000,1.3571E+001
849.0000,1.1670E+001
850.0000,2.3339E+001
851.0000,1.2345E+001
852.0000,1.1998E+001
853.0000,1.4546E+001
854.0000,8.7293E+000
855.0000,-7.3103E-001
856.0000,2.1057E+000
857.0000,2.4234E+001
858.0000,3.4564E+001
859.0000,3.4886E+001
860.0000,2.1155E+001
861.0000,5.4256E+000
862.0000,-1.1707E+001
863.0000,-1.0323E+001
864.0000,1.9646E+001
865.0000,8.9429E+000
866.0000,-1.1399E+001
867.0000,-3.2986E+001
868.0000,-4.3917E+001
869.0000,-9.4479E+000
870.0000,-1.7627E+001
871.0000,-4.1067E+000
872.0000,3.8837E-001
873.0000,6.3052E+000
874.0000,2.1648E+001
875.0000,1.9531E+001
876.0000,-1.1962E+000
877.0000,3.6186E+000
878.0000,-1.5995E+001
879.0000,-4.6063E+000
880.0000,-3.5843E+000
881.0000,-5.8875E+000
882.0000,-3.3877E+000
883.0000,-1.5438E+001
884.0000,-5.3996E+001
885.0000,-2.1021E+001
886.0000,-6.1207E+001
887.0000,-3.5384E+001
888.0000,-8.6296E+000
889.0000,-4.0986E+000
890.0000,-1.8422E+001
891.0000,-1.8567E+001
892.0000,-1.6333E+001
893.0000,-3.3506E+001
894.0000,-3.9946E+001
895.0000,-2.4536E+001
896.0000,-1.5435E+001
897.0000,-1.9643E+001
898.0000,-2.3898E+001
899.0000,-9.7742E+000
900.0000,-1.7079E+001
901.0000,-4.2488E+001
902.0000,-6.4607E+001
903.0000,-7.0307E+001
904.0000,-2.7108E+001
905.0000,-1.6107E+000
906.0000,8.3143E+000
907.0000,1.4283E+001
908.0000,8.8673E+000
909.0000,-2.3744E+001
910.0000,-3.5649E+001
911.0000,-4.7756E+001
912.0000,-5.6482E+001
913.0000,-2.4071E+001
914.0000,-1.6897E+001
915.0000,-1.5699E+001
916.0000,-1.0684E+001
917.0000,-2.1708E+001
918.0000,-9.8013E+000
919.0000,-7.9201E+000
920.0000,-2.9401E+000
921.0000,-8.9461E+000
922.0000,-2.4908E+001
923.0000,-3.3517E+001
924.0000,-2.7015E+001
925.0000,-2.4806E+001
926.0000,-2.0981E+001
927.0000,-2.0290E+001
928.0000,-1.9837E+001
929.0000,-2.1082E+001
930.0000,-2.6720E+001
931.0000,-5.0486E+001
932.0000,-2.4177E+001
933.0000,-3.3826E+001
934.0000,-1.5440E+001
935.0000,-1.4767E+001
936.0000,-1.2030E+001
937.0000,-1.3449E+001
938.0000,-2.6975E+001
939.0000,-2.2319E+001
940.0000,-2.1779E+001
941.0000,-3.0547E+001
942.0000,-2.0418E+001
943.0000,-1.2503E+001
944.0000,-1.5021E+001
945.0000,-1.9360E+001
946.0000,-3.4227E+001
947.0000,-4.7024E+001
948.0000,-1.0094E+001
949.0000,-2.0663E+001
950.0000,-3.6652E+001
951.0000,-4.3146E+001
952.0000,-4.5426E+001
953.0000,-2.3896E+001
954.0000,-2.6490E+001
955.0000,-4.3637E+001
956.0000,-3.6645E+001
957.0000,-1.1465E+001
958.0000,-2.1062E+001
959.0000,-5.1105E+001
960.0000,-4.6858E+001
961.0000,-2.7619E+001
962.0000,-3.3866E+001
963.0000,-3.1195E+001
964.0000,-3.4149E+001
965.0000,-1.3160E+001
966.0000,4.4608E+000
967.0000,-2.0653E+000
968.0000,-1.8250E+001
969.0000,-1.3628E+001
970.0000,-1.5789E+001
971.0000,-8.9913E+000
972.0000,-3.3790E+001
973.0000,-5.4010E+001
974.0000,-3.6435E+001
975.0000,-3.0237E+001
976.0000,-3.1136E+001
977.0000,-4.1052E+001
978.0000,-2.2091E+001
979.0000,-6.7393E+000
980.0000,2.8094E+000
981.0000,-1.0597E+001
982.0000,-1.6818E+001
983.0000,-2.5208E+001
984.0000,-5.7649E+001
985.0000,-3.7556E+001
986.0000,-3.8032E+001
987.0000,-3.3374E+001
988.0000,-5.2443E+001
989.0000,-3.7961E+001
990.0000,-3.1945E+001
991.0000,-2.7314E+001
992.0000,-2.0296E+001
993.0000,-8.1316E+000
994.0000,-1.6178E+001
995.0000,-2.2260E+001
996.0000,-2.1900E+001
997.0000,-1.3096E+001
998.0000,1.2127E+001
999.0000,-2.1861E+000
1000.0000,-1.3656E+001
1001.0000,-5.0046E+001
1002.0000,-2.8704E+001
1003.0000,-2.8227E+001
1004.0000,-3.4255E+001
1005.0000,-2.3254E+001
1006.0000,-4.3053E+000
1007.0000,-4.9968E+000
1008.0000,-3.9800E+000
1009.0000,-2.2636E+001
1010.0000,-2.5544E+001
1011.0000,-2.1263E+001
1012.0000,-4.9690E+001
1013.0000,-3.1545E+001
1014.0000,-3.2445E+001
1015.0000,-9.6871E+001
1016.0000,-5.6737E+001
1017.0000,-6.6843E+001
1018.0000,-5.3133E+001
1019.0000,-3.2300E+001
1020.0000,-1.2199E+001
1021.0000,-2.8982E+000
1022.0000,7.3241E-002
1023.0000,-2.3622E+001
1024.0000,-7.3698E+000
1025.0000,1.1330E+000
1026.0000,-1.8271E+001
1027.0000,-3.2805E+001
1028.0000,-4.2703E+001
1029.0000,-3.0544E+001
1030.0000,-7.1721E+001
1031.0000,-9.3309E+001
1032.0000,-5.0775E+001
1033.0000,-3.6687E+001
1034.0000,-3.8799E+001
1035.0000,-5.5448E+001
1036.0000,-7.7023E+001
1037.0000,-8.6137E+001
1038.0000,-3.5332E+001
1039.0000,-6.0027E+001
1040.0000,-7.7175E+001
1041.0000,-7.2241E+001
1042.0000,-4.8743E+001
1043.0000,-7.3993E+001
1044.0000,-1.0537E+002
1045.0000,-5.1363E+001
1046.0000,-3.3707E+001
1047.0000,-4.5547E+001
1048.0000,-1.1201E+001
1049.0000,-1.0145E+002
1050.0000,-1.2478E+002
1051.0000,-5.2968E+001
1052.0000,-7.2566E+001
1053.0000,-7.9084E+001
1054.0000,-2.8255E+001
1055.0000,-2.6693E+000
1056.0000,-1.1042E+002
1057.0000,-1.0600E+002
1058.0000,-6.5350E+001
1059.0000,-3.9385E+001
1060.0000,-6.9326E+000
1061.0000,-6.4966E+001
1062.0000,-5.3010E+001
1063.0000,-8.2420E+001
1064.0000,-1.4006E+002
1065.0000,-8.5668E+001
1066.0000,-4.9351E+001
1067.0000,-1.5358E+002
1068.0000,-7.6231E+001
1069.0000,-9.7799E+001
1070.0000,-6.4511E+001
1071.0000,-5.6817E+001
1072.0000,-5.1006E+001
1073.0000,-2.7274E+001
1074.0000,-4.0756E+001
1075.0000,-2.4990E+001
1076.0000,-5.1757E+001
1077.0000,-4.2118E+001
1078.0000,-1.0065E+002
1079.0000,-1.0972E+002
1080.0000,-1.2578E+002
1081.0000,-8.9758E+001
1082.0000,-4.2483E+001
1083.0000,-1.8386E+001
1084.0000,-2.8336E+001
1085.0000,-3.8498E+001
1086.0000,-1.5104E+001
1087.0000,-9.9988E+000
1088.0000,-4.1228E+001
1089.0000,-2.6387E+001
1090.0000,-2.0573E+001
1091.0000,-9.9602E+000
1092.0000,-5.2897E+000
1093.0000,-2.1976E+001
1094.0000,-1.0581E+001
1095.0000,0.0000E+000
1096.0000,0.0000E+000
1097.0000,0.0000E+000
1098.0000,0.0000E+000
1099.0000,0.0000E+000
1100.0000,0.0000E+000
1101.0000,1.0806E+001
1102.0000,4.3230E+001
1103.0000,9.1311E+001
1104.0000,0.0000E+000
1105.0000,0.0000E+000
1106.0000,0.0000E+000
1107.0000,0.0000E+000
1108.0000,0.0000E+000
1109.0000,0.0000E+000
1110.0000,0.0000E+000
1111.0000,0.0000E+000
1112.0000,0.0000E+000
1113.0000,0.0000E+000
1114.0000,0.0000E+000
1115.0000,0.0000E+000
1116.0000,0.0000E+000
1117.0000,0.0000E+000
1118.0000,0.0000E+000
1119.0000,0.0000E+000
1120.0000,0.0000E+000
1121.0000,0.0000E+000
1122.0000,0.0000E+000
1123.0000,0.0000E+000
1124.0000,0.0000E+000
1125.0000,0.0000E+000
1126.0000,0.0000E+000
1127.0000,0.0000E+000
1128.0000,0.0000E+000
1129.0000,0.0000E+000
1130.0000,0.0000E+000
1131.0000,0.0000E+000
1132.0000,0.0000E+000
1133.0000,0.0000E+000
1134.0000,0.0000E+000
1135.0000,0.0000E+000
1136.0000,0.0000E+000
1137.0000,0.0000E+000
1138.0000,0.0000E+000
1139.0000,0.0000E+000
1140.0000,0.0000E+000
1141.0000,0.0000E+000
1142.0000,0.0000E+000
1143.0000,7.0963E+001
1144.0000,0.0000E+000
1145.0000,0.0000E+000
1146.0000,0.0000E+000
1147.0000,0.0000E+000
1148.0000,0.0000E+000
1149.0000,0.0000E+000
1150.0000,0.0000E+000
1151.0000,0.0000E+000
1152.0000,0.0000E+000
1153.0000,0.0000E+000
1154.0000,0.0000E+000
1155.0000,0.0000E+000
1156.0000,0.0000E+000
1157.0000,0.0000E+000
1158.0000,2.4314E+001
1159.0000,6.3895E+000
1160.0000,0.0000E+000
1161.0000,0.0000E+000
1162.0000,0.0000E+000
1163.0000,0.0000E+000
1164.0000,0.0000E+000
1165.0000,0.0000E+000
1166.0000,0.0000E+000
1167.0000,0.0000E+000
1168.0000,0.0000E+000
1169.0000,0.0000E+000
1170.0000,0.0000E+000
1171.0000,0.0000E+000
1172.0000,0.0000E+000
1173.0000,0.0000E+000
1174.0000,4.2215E+000
1175.0000,0.0000E+000
1176.0000,0.0000E+000
1177.0000,0.0000E+000
1178.0000,0.0000E+000
1179.0000,0.0000E+000
1180.0000,8.5103E+000
1181.0000,0.0000E+000
1182.0000,0.0000E+000
1183.0000,0.0000E+000
1184.0000,0.0000E+000
1185.0000,0.0000E+000
1186.0000,1.3275E+002
1187.0000,3.7399E+001
1188.0000,0.0000E+000
1189.0000,1.0597E-001
1190.0000,1.3075E+001
1191.0000,1.0845E+001
1192.0000,2.1053E+001
1193.0000,8.4876E+000
1194.0000,3.0461E+001
1195.0000,7.7006E+001
1196.0000,1.3133E+001
1197.0000,6.5634E+001
1198.0000,4.1910E+001
1199.0000,8.4250E+000
1200.0000,1.3832E+001
1201.0000,1.6186E+001
1202.0000,3.2242E+001
1203.0000,2.1027E+001
1204.0000,2.5408E+001
1205.0000,4.3131E+001
1206.0000,2.0018E+001
1207.0000,2.2481E+001
1208.0000,3.7952E+001
1209.0000,7.1694E+001
1210.0000,1.6572E+001
1211.0000,2.3590E+001
1212.0000,7.0680E+000
1213.0000,2.0812E+000
1214.0000,5.2956E+000
1215.0000,-1.8651E+001
1216.0000,-1.3252E+001
1217.0000,-1.4668E+000
1218.0000,-3.1350E+000
1219.0000,1.3636E+000
1220.0000,5.9986E+000
1221.0000,1.0897E+001
1222.0000,1.0085E+001
1223.0000,2.7911E+001
1224.0000,-9.0629E-001
1225.0000,-4.6858E+000
1226.0000,-3.3358E+000
1227.0000,-2.1560E+001
1228.0000,1.7195E+000
1229.0000,1.6403E+000
1230.0000,9.6663E-001
1231.0000,-6.4476E+000
1232.0000,-4.8466E+000
1233.0000,-7.9967E+000
1234.0000,-4.7113E+001
1235.0000,-2.4378E+001
1236.0000,-6.0141E+000
1237.0000,-2.1824E+001
1238.0000,-1.7028E+001
1239.0000,1.7768E-001
1240.0000,6.1190E+000
1241.0000,2.3647E+001
1242.0000,3.8015E+001
1243.0000,-1.9726E+001
1244.0000,-9.9748E+000
1245.0000,4.3068E+000
1246.0000,1.8028E+001
1247.0000,9.1854E+000
1248.0000,2.1576E-001
1249.0000,6.7253E+000
1250.0000,-6.3197E+000
1251.0000,-8.9775E+000
1252.0000,-1.8628E+001
1253.0000,9.3896E+000
1254.0000,2.1557E+001
1255.0000,1.7664E+001
1256.0000,1.2681E+001
1257.0000,-6.8082E+000
1258.0000,-2.7707E+001
1259.0000,-1.4473E+001
1260.0000,-8.9110E+000
1261.0000,-2.0494E+001
1262.0000,-3.2272E+001
1263.0000,-3.0214E+001
1264.0000,-4.3066E+001
1265.0000,-3.6377E+001
1266.0000,-3.1190E+001
1267.0000,-3.3320E+001
1268.0000,-2.5444E+001
1269.0000,-2.4073E+001
1270.0000,-2.8917E+001
1271.0000,-3.2734E+001
1272.0000,-2.5112E+001
1273.0000,-1.5338E+001
1274.0000,-1.4814E+001
1275.0000,-1.1641E+001
1276.0000,-2.1509E+001
1277.0000,-2.3101E+001
1278.0000,-2.5998E+001
1279.0000,-2.8735E+001
1280.0000,-2.3940E+001
1281.0000,-1.5777E+001
1282.0000,-1.7997E+001
1283.0000,-1.5187E+001
1284.0000,-1.9379E+001
1285.0000,-2.0074E+001
1286.0000,-3.6981E+001
1287.0000,-2.8643E+001
1288.0000,-1.5693E+001
1289.0000,-3.0233E+001
1290.0000,-1.8429E+001
1291.0000,-2.1396E+001
1292.0000,-1.2845E+001
1293.0000,-1.2171E+001
1294.0000,-1.4056E+001
1295.0000,-1.7255E+001
1296.0000,-1.5614E+001
1297.0000,-1.5662E+001
1298.0000,-2.1051E+001
1299.0000,-3.5579E+001
1300.0000,-3.9616E+001
1301.0000,-3.3541E+001
1302.0000,-2.2420E+001
1303.0000,-3.1441E+001
1304.0000,-3.5974E+001
1305.0000,-2.7553E+001
1306.0000,-1.9610E+001
1307.0000,-2.0163E+001
1308.0000,-2.4248E+001
1309.0000,-2.0329E+001
1310.0000,-3.3591E+001
1311.0000,-4.9504E+001
1312.0000,-2.4349E+001
1313.0000,-3.5053E+001
1314.0000,-2.4242E+001
1315.0000,-2.6328E+001
1316.0000,-3.4523E+001
1317.0000,-2.0580E+001
1318.0000,-3.0849E+001
1319.0000,-4.6597E+001
1320.0000,-3.3186E+001
1321.0000,-2.4209E+001
1322.0000,-2.1210E+001
1323.0000,-3.0989E+001
1324.0000,-3.6522E+001
1325.0000,-1.9775E+001
1326.0000,-2.9100E+001
1327.0000,-5.1367E+001
1328.0000,-2.9223E+001
1329.0000,-1.2861E+001
1330.0000,-2.0711E+001
1331.0000,-2.3476E+001
1332.0000,-2.0760E+001
1333.0000,-6.5206E+001
1334.0000,-3.2960E+001
1335.0000,-1.6356E+001
1336.0000,-1.8301E+001
1337.0000,-1.7421E+001
1338.0000,-2.6374E+001
1339.0000,-3.6576E+001
1340.0000,-1.8250E+001
1341.0000,-1.3707E+001
1342.0000,-1.6392E+001
1343.0000,-6.0506E+000
1344.0000,-1.8684E+001
1345.0000,-3.3787E+001
1346.0000,-4.1910E+001
1347.0000,-3.9053E+001
1348.0000,-5.3988E+001
1349.0000,-3.8736E+001
1350.0000,-5.7801E+001
1351.0000,-1.5189E+001
1352.0000,-1.6391E+001
1353.0000,-4.7286E+000
1354.0000,-3.6613E+001
1355.0000,-3.2208E+001
1356.0000,-4.5615E+001
1357.0000,-4.5992E+001
1358.0000,-5.0827E+001
1359.0000,-2.3265E+001
1360.0000,-4.1137E+001
1361.0000,-3.7050E+001
1362.0000,-2.7682E+001
1363.0000,-2.3927E+001
1364.0000,-4.5440E+001
1365.0000,-1.2285E+001
1366.0000,-6.2749E+000
1367.0000,-2.6766E+001
1368.0000,-1.7102E+001
1369.0000,-3.5951E+001
1370.0000,-4.4612E+001
1371.0000,-5.0519E+001
1372.0000,-8.6744E+001
1373.0000,-4.2978E+001
1374.0000,-5.8572E+001
1375.0000,-7.5287E+001
1376.0000,-3.3856E+001
1377.0000,-2.4085E+001
1378.0000,-2.4192E+001
1379.0000,-2.8622E+001
1380.0000,-2.4022E+001
1381.0000,-1.4011E+001
1382.0000,-1.9366E+001
1383.0000,-1.2443E+001
1384.0000,-2.0648E+001
1385.0000,-6.4695E+001
1386.0000,-7.1933E+001
1387.0000,-7.7565E+001
1388.0000,-6.0442E+001
1389.0000,-4.3219E+001
1390.0000,-9.4233E+001
1391.0000,-8.7736E+001
1392.0000,-5.0896E+001
1393.0000,-5.2883E+001
1394.0000,-1.4431E+001
1395.0000,-2.2762E+001
1396.0000,-4.8817E+001
1397.0000,-1.3742E+002
1398.0000,-1.2008E+002
1399.0000,-6.0674E+001
1400.0000,-3.7603E+001
1401.0000,-6.8993E+001
1402.0000,-6.6901E+001
1403.0000,-2.3427E+001
1404.0000,-8.2148E+000
1405.0000,-3.8730E+000
1406.0000,-3.4217E-001
1407.0000,8.7576E-001
1408.0000,-1.6492E+001
1409.0000,-4.9172E+001
1410.0000,-8.6271E+001
1411.0000,-5.3159E+001
1412.0000,-5.2587E+001
1413.0000,-1.2103E+001
1414.0000,6.3842E+000
1415.0000,-1.3710E+001
1416.0000,-8.9662E+001
1417.0000,-8.1594E+001
1418.0000,-1.5607E+002
1419.0000,-1.2504E+002
1420.0000,-1.1343E+002
1421.0000,-1.6995E+002
1422.0000,-1.5723E+002
1423.0000,-4.9515E+001
1424.0000,-3.7194E+001
1425.0000,-4.3340E+001
1426.0000,-4.0955E+001
1427.0000,-4.5221E+001
1428.0000,-4.7190E+001
1429.0000,-3.4251E+001
1430.0000,-1.8739E+001
1431.0000,-5.1292E+001
1432.0000,-4.1750E+001
1433.0000,-4.0551E+001
1434.0000,-5.4374E+001
1435.0000,-4.9892E+001
1436.0000,-4.4944E+001
1437.0000,-1.9894E+002
1438.0000,-7.7152E+001
1439.0000,2.2475E+001
1440.0000,-3.3112E+001
1441.0000,-3.8219E+001
1442.0000,-1.0518E+002
1443.0000,-5.9983E+001
1444.0000,7.5156E+000
1445.0000,-2.1865E+001
1446.0000,-2.9461E+001
1447.0000,-4.4565E+001
1448.0000,-4.3065E+001
1449.0000,-9.4713E+001
1450.0000,-8.3192E+001
1451.0000,-1.4346E+002
1452.0000,-1.0476E+002
1453.0000,-4.4801E+001
1454.0000,6.1934E+000
1455.0000,0.0000E+000
1456.0000,0.0000E+000
1457.0000,6.9664E+001
1458.0000,0.0000E+000
1459.0000,0.0000E+000
1460.0000,0.0000E+000
1461.0000,0.0000E+000
1462.0000,0.0000E+000
1463.0000,0.0000E+000
1464.0000,0.0000E+000
1465.0000,0.0000E+000
1466.0000,0.0000E+000
1467.0000,0.0000E+000
1468.0000,0.0000E+000
1469.0000,0.0000E+000
1470.0000,0.0000E+000
1471.0000,0.0000E+000
1472.0000,0.0000E+000
1473.0000,0.0000E+000
1474.0000,0.0000E+000
1475.0000,0.0000E+000
1476.0000,0.0000E+000
1477.0000,0.0000E+000
1478.0000,0.0000E+000
1479.0000,0.0000E+000
1480.0000,0.0000E+000
1481.0000,0.0000E+000
1482.0000,0.0000E+000
1483.0000,0.0000E+000
1484.0000,0.0000E+000
1485.0000,0.0000E+000
1486.0000,0.0000E+000
1487.0000,0.0000E+000
1488.0000,0.0000E+000
1489.0000,0.0000E+000
1490.0000,0.0000E+000
1491.0000,0.0000E+000
1492.0000,0.0000E+000
1493.0000,0.0000E+000
1494.0000,0.0000E+000
1495.0000,0.0000E+000
1496.0000,0.0000E+000
1497.0000,0.0000E+000
1498.0000,0.0000E+000
1499.0000,4.1850E+001
1500.0000,0.0000E+000
1501.0000,0.0000E+000
1502.0000,7.8497E+000
1503.0000,3.0809E+001
1504.0000,0.0000E+000
1505.0000,0.0000E+000
1506.0000,0.0000E+000
1507.0000,0.0000E+000
1508.0000,0.0000E+000
1509.0000,0.0000E+000
1510.0000,0.0000E+000
1511.0000,0.0000E+000
1512.0000,0.0000E+000
1513.0000,0.0000E+000
1514.0000,0.0000E+000
1515.0000,0.0000E+000
1516.0000,0.0000E+000
1517.0000,0.0000E+000
1518.0000,2.3959E+001
1519.0000,0.0000E+000
1520.0000,0.0000E+000
1521.0000,0.0000E+000
1522.0000,0.0000E+000
1523.0000,0.0000E+000
1524.0000,0.0000E+000
1525.0000,7.1948E+000
1526.0000,6.4037E+001
1527.0000,3.3818E+001
1528.0000,0.0000E+000
1529.0000,0.0000E+000
1530.0000,1.7399E+001
1531.0000,0.0000E+000
1532.0000,0.0000E+000
1533.0000,0.0000E+000
1534.0000,4.9166E+000
1535.0000,2.6116E+000
1536.0000,0.0000E+000
1537.0000,3.4839E+001
1538.0000,2.8889E+001
1539.0000,0.0000E+000
1540.0000,0.0000E+000
1541.0000,0.0000E+000
1542.0000,0.0000E+000
1543.0000,0.0000E+000
1544.0000,0.0000E+000
1545.0000,4.7998E+000
1546.0000,1.5182E+001
1547.0000,1.6910E+001
1548.0000,1.8761E+001
1549.0000,1.4217E+001
1550.0000,3.3907E+001
1551.0000,2.1759E+001
1552.0000,3.3956E+001
1553.0000,6.8655E+001
1554.0000,5.1048E+001
1555.0000,3.7582E+001
1556.0000,7.6536E+000
1557.0000,1.4499E+001
1558.0000,0.0000E+000
1559.0000,2.4000E+001
1560.0000,3.3211E+001
1561.0000,3.0781E+001
1562.0000,0.0000E+000
1563.0000,0.0000E+000
1564.0000,1.3612E+001
1565.0000,3.7182E+001
1566.0000,2.5552E+001
1567.0000,2.4117E+001
1568.0000,4.4401E+001
1569.0000,1.7779E+001
1570.0000,7.8958E+000
1571.0000,1.6346E+001
1572.0000,2.6615E+001
1573.0000,1.4402E+001
1574.0000,2.2564E+001
1575.0000,6.0402E+001
1576.0000,6.4611E+001
1577.0000,3.1859E+001
1578.0000,9.0145E+001
1579.0000,1.9409E+001
1580.0000,6.1961E+000
1581.0000,5.1377E+001
1582.0000,2.8049E+001
1583.0000,7.8809E+000
1584.0000,7.0642E+000
1585.0000,3.7677E-001
1586.0000,-1.9313E+000
1587.0000,1.0255E+001
1588.0000,1.6769E+001
1589.0000,1.8063E+001
1590.0000,3.3015E+000
1591.0000,-1.2702E+001
1592.0000,-4.8932E+000
1593.0000,-4.6479E+000
1594.0000,-2.6764E+000
1595.0000,1.3816E+001
1596.0000,7.7653E+000
1597.0000,-7.1470E+000
1598.0000,-3.4961E+001
1599.0000,-2.1192E+001
1600.0000,-1.3026E-002
1601.0000,3.0196E+001
1602.0000,2.9936E+001
1603.0000,-2.0225E+000
1604.0000,-8.4872E+000
1605.0000,-1.7935E+001
1606.0000,-2.7443E+001
1607.0000,-5.1168E+001
1608.0000,-3.9658E+001
1609.0000,-2.7776E+001
1610.0000,-1.1023E+001
1611.0000,-2.5386E+001
1612.0000,-4.6490E+001
1613.0000,5.5255E-001
1614.0000,-8.8205E+000
1615.0000,-1.1835E+001
1616.0000,-1.0901E+001
1617.0000,-1.2043E+001
1618.0000,-1.1415E+001
1619.0000,-1.8674E+001
1620.0000,-3.3753E+001
1621.0000,-2.1743E+001
1622.0000,-1.5790E+001
1623.0000,-1.0951E+001
1624.0000,-1.2029E+001
1625.0000,-1.6589E+001
1626.0000,-2.9528E+001
1627.0000,-3.1123E+001
1628.0000,-2.8689E+001
1629.0000,-4.7887E+001
1630.0000,-1.4989E+001
1631.0000,-9.5516E+000
1632.0000,-2.0038E+001
1633.0000,-2.7510E+001
1634.0000,-1.0903E+001
1635.0000,-3.1772E+000
1636.0000,6.1485E-002
1637.0000,-6.2734E-001
1638.0000,-1.0765E+001
1639.0000,-1.6026E+001
1640.0000,-1.0619E+001
1641.0000,-1.9226E+001
1642.0000,-3.1510E+001
1643.0000,-2.7973E+001
1644.0000,-1.8275E+001
1645.0000,-3.5821E+001
1646.0000,-4.0906E+001
1647.0000,-1.1368E+001
1648.0000,-1.5255E+001
1649.0000,-2.3943E+001
1650.0000,-2.8734E+001
1651.0000,-1.7408E+001
1652.0000,-2.3866E+001
1653.0000,-2.4826E+001
1654.0000,-3.9358E+001
1655.0000,-4.0534E+001
1656.0000,-3.2673E+001
1657.0000,-1.6527E+001
1658.0000,-1.0008E+001
1659.0000,-1.2016E+001
1660.0000,-3.2700E+001
1661.0000,-1.7120E+001
1662.0000,-2.3623E+001
1663.0000,-1.9820E+001
1664.0000,-1.7287E+001
1665.0000,-3.6790E+001
1666.0000,-2.0573E+001
1667.0000,-2.7840E+001
1668.0000,-2.1797E+001
1669.0000,-1.6070E+001
1670.0000,-1.1532E+001
1671.0000,-1.5459E+001
1672.0000,-2.2456E+001
1673.0000,-2.3247E+001
1674.0000,-3.0579E+001
1675.0000,-2.1281E+001
1676.0000,-2.0656E+001
1677.0000,-2.2528E+001
1678.0000,-3.5036E+001
1679.0000,-5.2465E+001
1680.0000,-2.9963E+001
1681.0000,-3.6901E+001
1682.0000,-1.4184E+001
1683.0000,-1.4802E+001
1684.0000,-2.3147E+001
1685.0000,-2.5155E+001
1686.0000,-1.8123E+001
1687.0000,-1.6010E+001
1688.0000,-1.3449E+001
1689.0000,-1.3660E+001
1690.0000,-1.4991E+001
1691.0000,-1.9122E+001
1692.0000,-1.8898E+001
1693.0000,-3.0169E+001
1694.0000,-2.6747E+001
1695.0000,-1.7872E+001
1696.0000,-3.0306E+001
1697.0000,-2.6905E+001
1698.0000,-3.6755E+001
1699.0000,-6.2045E+001
1700.0000,-2.5088E+001
1701.0000,-3.6534E+001
1702.0000,-3.1493E+001
1703.0000,-5.1284E+001
1704.0000,-4.8096E+001
1705.0000,-3.2829E+001
1706.0000,-2.5257E+001
1707.0000,-2.3645E+001
1708.0000,-3.3270E+001
1709.0000,-4.3087E+001
1710.0000,-3.5041E+001
1711.0000,-2.4102E+001
1712.0000,-3.7330E+001
1713.0000,-5.3610E+001
1714.0000,-4.6331E+001
1715.0000,-4.0263E+001
1716.0000,-2.0203E+001
1717.0000,-3.5240E+001
1718.0000,-3.1279E+001
1719.0000,-3.8179E+001
1720.0000,-3.7025E+001
1721.0000,-6.1254E+001
1722.0000,-9.1460E+001
1723.0000,-3.3879E+001
1724.0000,-1.8693E+001
1725.0000,-2.8562E+001
1726.0000,-1.2344E+001
1727.0000,-7.8815E+000
1728.0000,-5.6539E+001
1729.0000,-4.4579E+001
1730.0000,-4.8698E+001
1731.0000,-1.8145E+001
1732.0000,-4.5073E+001
1733.0000,-6.3439E+001
1734.0000,-8.5958E+001
1735.0000,-4.1726E+001
1736.0000,-3.0804E+001
1737.0000,-8.1995E+000
1738.0000,-4.1333E+001
1739.0000,-5.1051E+001
1740.0000,-4.2748E+001
1741.0000,-7.5441E+001
1742.0000,-3.4564E+001
1743.0000,-3.0161E+001
1744.0000,-6.7170E+001
1745.0000,-6.4788E+001
1746.0000,-4.9030E+001
1747.0000,-9.8865E+001
1748.0000,-6.7522E+001
1749.0000,-1.0391E+002
1750.0000,-6.8606E+001
1751.0000,-8.0178E+001
1752.0000,-7.2967E+001
1753.0000,-4.0497E+001
1754.0000,-1.7265E+001
1755.0000,-7.0900E+000
1756.0000,-4.4976E+001
1757.0000,-4.9923E+001
1758.0000,-2.1078E+001
1759.0000,-4.3911E+001
1760.0000,-3.7884E+001
1761.0000,-4.1295E+001
1762.0000,-3.4125E+001
1763.0000,-2.8838E+001
1764.0000,-1.6465E+001
1765.0000,-3.2403E+001
1766.0000,-3.9324E+001
1767.0000,-3.0271E+001
1768.0000,-7.3419E+001
1769.0000,-3.7120E+001
1770.0000,-7.2010E+001
1771.0000,-5.0422E+001
1772.0000,-2.7250E+001
1773.0000,-1.9784E+001
1774.0000,-2.5561E+000
1775.0000,-2.9447E+001
1776.0000,-4.5628E+001
1777.0000,-5.1642E+001
1778.0000,-2.6588E+001
1779.0000,-1.9017E+000
1780.0000,-2.2933E+001
1781.0000,-5.1211E+001
1782.0000,-3.1958E+001
1783.0000,-2.6361E+001
1784.0000,-8.6742E+000
1785.0000,-2.8308E+001
1786.0000,-2.4698E+001
1787.0000,-3.6712E+001
1788.0000,-2.3523E+001
1789.0000,-1.6533E+001
1790.0000,-1.0933E+001
1791.0000,-2.6694E+001
1792.0000,-9.9504E+001
1793.0000,-4.9222E+001
1794.0000,-1.6933E+001
1795.0000,-5.9970E+001
1796.0000,-3.4226E+001
1797.0000,5.6879E+000
1798.0000,-2.3809E+001
1799.0000,-3.1813E+001
1800.0000,-8.9021E+001
1801.0000,-5.6344E+001
1802.0000,-5.4754E+001
1803.0000,-7.4705E+001
1804.0000,-6.6433E+001
1805.0000,-1.8634E+002
1806.0000,-1.5827E+002
1807.0000,-6.2737E+001
1808.0000,-2.3689E+001
1809.0000,-1.9579E+001
1810.0000,-1.0829E+002
1811.0000,-1.8967E+002
1812.0000,-1.4046E+002
1813.0000,-9.1921E+001
1814.0000,-1.2225E+002
1815.0000,-1.3036E+002
1816.0000,-1.2325E+002
1817.0000,-1.3425E+002
1818.0000,-4.7357E+001
1819.0000,0.0000E+000
1820.0000,0.0000E+000
1821.0000,2.2984E+001
1822.0000,0.0000E+000
1823.0000,0.0000E+000
1824.0000,0.0000E+000
1825.0000,0.0000E+000
1826.0000,0.0000E+000
1827.0000,0.0000E+000
1828.0000,0.0000E+000
1829.0000,0.0000E+000
1830.0000,0.0000E+000
1831.0000,0.0000E+000
1832.0000,0.0000E+000
1833.0000,0.0000E+000
1834.0000,0.0000E+000
1835.0000,0.0000E+000
1836.0000,0.0000E+000
1837.0000,0.0000E+000
1838.0000,0.0000E+000
1839.0000,0.0000E+000
1840.0000,0.0000E+000
1841.0000,0.0000E+000
1842.0000,0.0000E+000
1843.0000,0.0000E+000
1844.0000,0.0000E+000
1845.0000,0.0000E+000
1846.0000,0.0000E+000
1847.0000,0.0000E+000
1848.0000,0.0000E+000
1849.0000,0.0000E+000
1850.0000,7.6537E+001
1851.0000,2.5179E+000
1852.0000,0.0000E+000
1853.0000,0.0000E+000
1854.0000,0.0000E+000
1855.0000,0.0000E+000
1856.0000,0.0000E+000
1857.0000,0.0000E+000
1858.0000,0.0000E+000
1859.0000,0.0000E+000
1860.0000,0.0000E+000
1861.0000,0.0000E+000
1862.0000,0.0000E+000
1863.0000,0.0000E+000
1864.0000,0.0000E+000
1865.0000,0.0000E+000
1866.0000,0.0000E+000
1867.0000,0.0000E+000
1868.0000,0.0000E+000
1869.0000,0.0000E+000
1870.0000,0.0000E+000
1871.0000,0.0000E+000
1872.0000,0.0000E+000
1873.0000,0.0000E+000
1874.0000,0.0000E+000
1875.0000,0.0000E+000
1876.0000,0.0000E+000
1877.0000,0.0000E+000
1878.0000,0.0000E+000
1879.0000,0.0000E+000
1880.0000,0.0000E+000
1881.0000,1.8210E+001
1882.0000,3.2542E+001
1883.0000,0.0000E+000
1884.0000,0.0000E+000
1885.0000,0.0000E+000
1886.0000,4.3663E+000
1887.0000,4.2262E-001
1888.0000,0.0000E+000
1889.0000,0.0000E+000
1890.0000,0.0000E+000
1891.0000,8.8779E+000
1892.0000,3.2134E+001
1893.0000,2.0036E+001
1894.0000,5.9540E-001
1895.0000,6.1402E+000
1896.0000,9.3222E+000
1897.0000,1.1404E+001
1898.0000,1.7148E+001
1899.0000,1.9238E+001
1900.0000,2.4373E+001
1901.0000,3.1838E+001
1902.0000,6.0292E+001
1903.0000,4.4944E+001
1904.0000,6.0975E+001
1905.0000,1.1274E+001
1906.0000,2.0552E+001
1907.0000,3.2586E+001
1908.0000,3.5819E+001
1909.0000,3.4460E+001
1910.0000,0.0000E+000
1911.0000,0.0000E+000
1912.0000,0.0000E+000
1913.0000,5.6054E+001
1914.0000,3.4529E+001
1915.0000,7.2428E+001
1916.0000,1.0665E+001
1917.0000,2.8012E+001
1918.0000,4.3355E+001
1919.0000,3.9653E+001
1920.0000,2.8018E+001
1921.0000,2.0444E+001
1922.0000,4.9092E+001
1923.0000,2.0207E+001
1924.0000,5.8716E+000
1925.0000,-2.3752E+001
1926.0000,1.9839E+001
1927.0000,1.3170E+000
1928.0000,-5.3312E+000
1929.0000,-1.4876E+000
1930.0000,8.9269E+000
1931.0000,-1.7081E+001
1932.0000,-1.9795E+001
1933.0000,-1.6096E+001
1934.0000,-2.1728E+001
1935.0000,5.2801E+000
1936.0000,6.7007E+000
1937.0000,5.0035E+000
1938.0000,-5.1796E+000
1939.0000,-4.0015E-001
1940.0000,1.4845E+000
1941.0000,3.7929E-001
1942.0000,-6.0807E+000
1943.0000,-7.9382E+001
1944.0000,-3.0491E+001
1945.0000,4.4088E+000
1946.0000,1.4234E+001
1947.0000,4.4730E+001
1948.0000,6.5497E+001
1949.0000,3.3282E+001
1950.0000,1.7467E+001
1951.0000,4.0173E+001
1952.0000,-6.6440E-001
1953.0000,-2.0703E+000
1954.0000,-9.0679E+001
1955.0000,-7.5485E+001
1956.0000,-3.0634E+001
1957.0000,-1.5599E+001
1958.0000,-1.7417E+001
1959.0000,2.3117E+000
1960.0000,1.7778E+001
1961.0000,2.0198E+000
1962.0000,5.5431E+000
1963.0000,-8.0018E-001
1964.0000,-3.3125E+001
1965.0000,-1.1135E+000
1966.0000,9.6716E+000
1967.0000,4.3212E+000
1968.0000,4.0621E+000
1969.0000,2.1320E+000
1970.0000,6.2305E+000
1971.0000,1.8297E+001
1972.0000,-2.0657E+000
1973.0000,-1.5509E+001
1974.0000,-1.3170E+001
1975.0000,-2.3237E+001
1976.0000,-1.1180E+001
1977.0000,-1.3442E+001
1978.0000,-1.2652E+001
1979.0000,-1.3903E+001
1980.0000,-1.4181E+001
1981.0000,-1.4484E+001
1982.0000,-2.0867E+001
1983.0000,-7.6556E+001
1984.0000,-5.0257E+001
1985.0000,-2.6517E+001
1986.0000,-3.8509E+001
1987.0000,-1.5060E+001
1988.0000,-1.0894E+001
1989.0000,-1.8700E+001
1990.0000,-1.1498E+001
1991.0000,-2.5728E+001
1992.0000,-1.6727E+001
1993.0000,-1.9301E+001
1994.0000,-1.1863E+001
1995.0000,-9.2739E+000
1996.0000,-8.4288E+000
1997.0000,-1.8201E+001
1998.0000,-1.3277E+001
1999.0000,-1.9868E+001
2000.0000,-2.5753E+001
2001.0000,-3.0121E+001
2002.0000,-2.8822E+001
2003.0000,-2.0183E+001
2004.0000,-1.2151E+001
2005.0000,-1.7492E+001
2006.0000,-6.1843E+001
2007.0000,-6.3382E+001
2008.0000,-3.5977E+001
2009.0000,-1.4126E+001
2010.0000,3.3300E+000
2011.0000,3.2603E+000
2012.0000,1.4342E+001
2013.0000,3.2892E+000
2014.0000,-7.3489E+000
2015.0000,-2.0632E+001
2016.0000,-1.8734E+001
2017.0000,-1.9864E+001
2018.0000,-1.3106E+001
2019.0000,-1.7825E+001
2020.0000,-1.4441E+001
2021.0000,-1.5520E+001
2022.0000,-1.9890E+001
2023.0000,-1.8581E+001
2024.0000,-1.5943E+001
2025.0000,-1.8317E+001
2026.0000,-2.3413E+001
2027.0000,-1.9466E+001
2028.0000,-4.2104E+001
2029.0000,-2.5892E+001
2030.0000,-1.3051E+001
2031.0000,-1.7352E+001
2032.0000,-5.0825E+001
2033.0000,-2.0056E+001
2034.0000,-1.3154E+001
2035.0000,-1.0360E+001
2036.0000,-3.6496E+001
2037.0000,-2.4662E+001
2038.0000,-2.3595E+001
2039.0000,-2.4307E+001
2040.0000,-2.1390E+001
2041.0000,-5.3099E+000
2042.0000,-7.6819E+000
2043.0000,-2.6840E+001
2044.0000,-4.5203E+001
2045.0000,-2.8916E+001
2046.0000,-1.0836E+001
2047.0000,-7.1913E+000
2048.0000,-1.4723E+001
2049.0000,-2.0812E+001
2050.0000,-3.1087E+001
2051.0000,-2.7407E+001
2052.0000,-3.7054E+001
2053.0000,-3.6701E+001
2054.0000,-1.7504E+001
2055.0000,-1.7715E+001
2056.0000,-1.4605E+001
2057.0000,-3.0502E+001
2058.0000,-2.7465E+001
2059.0000,-3.2620E+001
2060.0000,-7.0678E+001
2061.0000,-5.7726E+001
2062.0000,-3.9560E+001
2063.0000,-1.7778E+001
2064.0000,-4.4836E+001
2065.0000,-2.7910E+001
2066.0000,-1.0328E+001
2067.0000,-7.7937E+000
2068.0000,-5.9118E-001
2069.0000,-4.4056E+000
2070.0000,-5.7701E+000
2071.0000,-9.4177E+000
2072.0000,-2.7873E+001
2073.0000,-9.7040E+001
2074.0000,-4.8113E+001
2075.0000,-2.0019E+001
2076.0000,-8.8390E+000
2077.0000,-5.7495E+001
2078.0000,-6.6313E+001
2079.0000,-2.9443E+001
2080.0000,-3.7355E+001
2081.0000,-3.4625E+001
2082.0000,-3.2125E+001
2083.0000,-6.1524E+001
2084.0000,-2.3338E+001
2085.0000,-1.6442E+001
2086.0000,-2.1205E+001
2087.0000,-1.8786E+001
2088.0000,-4.4684E+001
2089.0000,-2.7765E+001
2090.0000,-1.0613E+001
2091.0000,-1.0134E+001
2092.0000,-9.0588E-001
2093.0000,1.9816E+001
2094.0000,-1.4126E+001
2095.0000,-3.6210E+001
2096.0000,-1.4299E+001
2097.0000,-9.1490E+000
2098.0000,-1.2951E+001
2099.0000,-8.1787E+000
2100.0000,-7.7353E+001
2101.0000,-6.1967E+001
2102.0000,-6.3996E+001
2103.0000,-5.3051E+001
2104.0000,-4.5265E+001
2105.0000,-4.9693E+001
2106.0000,-4.9097E+001
2107.0000,-5.7064E+001
2108.0000,-6.4751E+001
2109.0000,-4.0410E+001
2110.0000,-3.6878E+001
2111.0000,-5.0437E+001
2112.0000,-3.7431E+001
2113.0000,-7.0551E+001
2114.0000,-1.4682E+002
2115.0000,-6.6904E+001
2116.0000,-7.1127E+001
2117.0000,-5.4692E+001
2118.0000,-4.1379E+001
2119.0000,-5.2588E+001
2120.0000,-1.2081E+002
2121.0000,-9.3356E+001
2122.0000,-2.9540E+001
2123.0000,-2.2796E+001
2124.0000,9.1931E+000
2125.0000,2.1891E+001
2126.0000,3.5042E+000
2127.0000,-4.3528E+001
2128.0000,-7.7238E+001
2129.0000,-4.7049E+001
2130.0000,-9.6730E+001
2131.0000,-6.6028E+001
2132.0000,-4.1932E+001
2133.0000,-4.0076E+001
2134.0000,-2.3708E+001
2135.0000,-4.2245E+001
2136.0000,-7.3147E+001
2137.0000,-1.2000E+002
2138.0000,-4.3295E+001
2139.0000,-3.8987E+001
2140.0000,-4.5207E+001
2141.0000,-2.5685E+001
2142.0000,-1.9110E+001
2143.0000,-1.9328E+001
2144.0000,-1.8833E+001
2145.0000,-8.4452E+000
2146.0000,-1.9530E+000
2147.0000,-4.9945E+001
2148.0000,-5.3348E+001
2149.0000,-5.5870E+001
2150.0000,-5.5418E+001
2151.0000,-4.2739E+001
2152.0000,7.8918E+000
2153.0000,-6.7967E+001
2154.0000,-7.5681E+001
2155.0000,-3.0114E+001
2156.0000,-7.6658E+001
2157.0000,-6.9763E+001
2158.0000,-2.9111E+001
2159.0000,-4.2505E+001
2160.0000,-4.4935E+000
2161.0000,-2.3107E+001
2162.0000,-5.1293E+001
2163.0000,-8.0199E+001
2164.0000,-9.0350E+001
2165.0000,-1.0169E+002
2166.0000,-1.1984E+002
2167.0000,-1.2068E+002
2168.0000,-1.1101E+002
2169.0000,-5.7413E+001
2170.0000,-3.5476E+001
2171.0000,-3.0246E+001
2172.0000,5.2778E+000
2173.0000,-8.4330E+001
2174.0000,-1.5377E+002
2175.0000,-7.6254E+001
2176.0000,-4.0683E+001
2177.0000,-2.8157E+001
2178.0000,-1.7005E+001
2179.0000,-6.3425E+001
2180.0000,-7.7884E+001
2181.0000,-4.1655E+001
2182.0000,-4.8347E+001
2183.0000,0.0000E+000
2184.0000,0.0000E+000
2185.0000,0.0000E+000
2186.0000,0.0000E+000
2187.0000,0.0000E+000
2188.0000,0.0000E+000
2189.0000,0.0000E+000
2190.0000,0.0000E+000
2191.0000,0.0000E+000
2192.0000,1.0587E+001
2193.0000,0.0000E+000
2194.0000,0.0000E+000
2195.0000,0.0000E+000
2196.0000,0.0000E+000
2197.0000,0.0000E+000
2198.0000,0.0000E+000
2199.0000,0.0000E+000
2200.0000,0.0000E+000
2201.0000,0.0000E+000
2202.0000,0.0000E+000
2203.0000,0.0000E+000
2204.0000,0.0000E+000
2205.0000,0.0000E+000
2206.0000,0.0000E+000
2207.0000,0.0000E+000
2208.0000,0.0000E+000
2209.0000,0.0000E+000
2210.0000,0.0000E+000
2211.0000,0.0000E+000
2212.0000,0.0000E+000
2213.0000,0.0000E+000
2214.0000,0.0000E+000
2215.0000,0.0000E+000
2216.0000,0.0000E+000
2217.0000,0.0000E+000
2218.0000,0.0000E+000
2219.0000,0.0000E+000
2220.0000,0.0000E+000
2221.0000,0.0000E+000
2222.0000,0.0000E+000
2223.0000,0.0000E+000
2224.0000,0.0000E+000
2225.0000,0.0000E+000
2226.0000,0.0000E+000
2227.0000,0.0000E+000
2228.0000,0.0000E+000
2229.0000,0.0000E+000
2230.0000,0.0000E+000
2231.0000,0.0000E+000
2232.0000,0.0000E+000
2233.0000,0.0000E+000
2234.0000,0.0000E+000
2235.0000,2.2399E+001
2236.0000,0.0000E+000
2237.0000,0.0000E+000
2238.0000,0.0000E+000
2239.0000,3.9711E+001
2240.0000,0.0000E+000
2241.0000,0.0000E+000
2242.0000,0.0000E+000
2243.0000,0.0000E+000
2244.0000,0.0000E+000
2245.0000,0.0000E+000
2246.0000,0.0000E+000
2247.0000,0.0000E+000
2248.0000,0.0000E+000
2249.0000,0.0000E+000
2250.0000,0.0000E+000
2251.0000,0.0000E+000
2252.0000,0.0000E+000
2253.0000,0.0000E+000
2254.0000,0.0000E+000
2255.0000,8.6818E+001
2256.0000,0.0000E+000
2257.0000,0.0000E+000
2258.0000,0.0000E+000
2259.0000,0.0000E+000
2260.0000,6.1731E+001
2261.0000,1.2619E+001
2262.0000,1.3329E+001
2263.0000,0.0000E+000
2264.0000,0.0000E+000
2265.0000,0.0000E+000
2266.0000,1.9785E+001
2267.0000,1.1710E+002
2268.0000,1.4359E+001
2269.0000,0.0000E+000
2270.0000,0.0000E+000
2271.0000,1.1635E+000
2272.0000,0.0000E+000
2273.0000,0.0000E+000
2274.0000,0.0000E+000
2275.0000,0.0000E+000
2276.0000,0.0000E+000
2277.0000,0.0000E+000
2278.0000,0.0000E+000
2279.0000,0.0000E+000
2280.0000,3.0960E+000
2281.0000,0.0000E+000
2282.0000,1.2553E+001
2283.0000,3.1403E+001
2284.0000,1.6702E+001
2285.0000,5.6461E+001
2286.0000,1.4954E+000
2287.0000,1.8754E+000
2288.0000,4.5784E+000
2289.0000,1.7489E+001
2290.0000,4.6234E+001
2291.0000,1.3116E+002
2292.0000,1.1312E+002
2293.0000,4.7965E+001
2294.0000,4.5234E+001
2295.0000,1.5509E+001
2296.0000,7.4299E-001
2297.0000,7.2075E+001
2298.0000,1.8844E+001
2299.0000,8.5398E+000
2300.0000,1.4277E+001
2301.0000,3.6996E+001
2302.0000,-1.9643E+000
2303.0000,-6.5821E+000
2304.0000,4.6062E+001
2305.0000,8.2875E+000
2306.0000,2.7412E+001
2307.0000,9.4878E+001
2308.0000,1.4255E+002
2309.0000,3.6047E+001
2310.0000,9.9474E+000
2311.0000,6.4824E+000
2312.0000,8.0221E+000
2313.0000,1.7946E+001
2314.0000,7.6114E+000
2315.0000,-3.2671E+001
2316.0000,2.3253E+000
2317.0000,7.6470E+000
2318.0000,-1.1481E-003
2319.0000,3.9548E+000
2320.0000,5.0058E+000
2321.0000,5.1020E+000
2322.0000,6.0012E+000
2323.0000,5.7052E+000
2324.0000,1.1062E+001
2325.0000,3.5364E+000
2326.0000,-1.2528E+001
2327.0000,-1.0481E+001
2328.0000,9.1876E-001
2329.0000,5.3208E+000
2330.0000,2.5723E+000
2331.0000,-2.1338E-001
2332.0000,-6.6130E+000
2333.0000,-2.0137E+001
2334.0000,2.1670E+001
2335.0000,3.1746E+000
2336.0000,1.1522E+001
2337.0000,1.9848E+001
2338.0000,9.2220E+000
2339.0000,8.7375E+000
2340.0000,8.3720E+000
2341.0000,-1.3322E+000
2342.0000,-1.2636E+001
2343.0000,-4.8138E+001
2344.0000,-6.9085E+001
2345.0000,-1.9947E+001
2346.0000,-1.6147E+001
2347.0000,-1.0578E+001
2348.0000,-3.1681E+000
2349.0000,1.7668E+000
2350.0000,4.4812E+000
2351.0000,-2.1723E+001
2352.0000,-4.8302E+001
2353.0000,-6.2498E+001
2354.0000,-2.2610E+001
2355.0000,-4.6276E+001
2356.0000,-3.4524E+001
2357.0000,-1.4642E+001
2358.0000,-2.3850E+001
2359.0000,-2.2015E+001
2360.0000,-3.5290E+001
2361.0000,-2.6807E+001
2362.0000,-1.6572E+001
2363.0000,-1.4152E+001
2364.0000,-4.1422E+001
2365.0000,-4.9057E+001
2366.0000,-2.8137E+001
2367.0000,-2.0384E+001
2368.0000,-1.3074E+001
2369.0000,-9.6637E+000
2370.0000,-2.0303E+001
2371.0000,-4.7828E+001
2372.0000,-2.6550E+001
2373.0000,-1.1477E+001
2374.0000,-1.4781E+001
2375.0000,-1.0846E+001
2376.0000,-1.2319E+001
2377.0000,-1.3179E+001
2378.0000,-1.6635E+001
2379.0000,-1.8167E+001
2380.0000,-2.4509E+001
2381.0000,-2.5172E+001
2382.0000,-1.5539E+001
2383.0000,-3.4083E+000
2384.0000,-2.1212E+001
2385.0000,-5.6002E+001
2386.0000,-2.5589E+001
2387.0000,-1.1877E+001
2388.0000,-1.3979E+001
2389.0000,-7.0667E+000
2390.0000,-2.1064E+001
2391.0000,-1.1563E+001
2392.0000,-1.7573E-001
2393.0000,1.5015E+001
2394.0000,-7.0336E+000
2395.0000,-1.4304E+001
2396.0000,-2.6303E+001
2397.0000,-4.1802E+001
2398.0000,-4.3176E+001
2399.0000,-1.7792E+001
2400.0000,-2.5374E+001
2401.0000,-2.7714E+001
2402.0000,-2.6812E+001
2403.0000,-1.8969E+001
2404.0000,-2.5382E+001
2405.0000,-3.0158E+001
2406.0000,-2.1209E+001
2407.0000,-2.1005E+001
2408.0000,-2.1267E+001
2409.0000,-2.5888E+001
2410.0000,-2.1126E+001
2411.0000,-2.1040E+001
2412.0000,-2.9066E+001
2413.0000,-4.5862E+001
2414.0000,-4.3704E+001
2415.0000,-2.2549E+001
2416.0000,-2.9028E+001
2417.0000,-3.0096E+001
2418.0000,-4.5076E+001
2419.0000,-1.2968E+001
2420.0000,-2.3936E+001
2421.0000,-1.8692E+001
2422.0000,-2.0104E+001
2423.0000,-2.4742E+001
2424.0000,-4.8481E+001
2425.0000,-4.7929E+001
2426.0000,-3.8160E+001
2427.0000,-2.9251E+001
2428.0000,-1.3938E+001
2429.0000,-8.8008E+000
2430.0000,-3.0569E+001
2431.0000,-6.7275E+001
2432.0000,-2.5682E+001
2433.0000,-1.6715E+001
2434.0000,-1.6823E+001
2435.0000,-2.5670E+001
2436.0000,-1.8674E+001
2437.0000,-7.0372E+000
2438.0000,-2.0122E+001
2439.0000,-4.4436E+001
2440.0000,-4.6957E+001
2441.0000,-1.6322E+001
2442.0000,-1.6201E+001
2443.0000,-3.2499E+001
2444.0000,-3.2484E+001
2445.0000,-2.9916E+001
2446.0000,-2.9071E+001
2447.0000,-2.1987E+001
2448.0000,-3.3249E+001
2449.0000,-1.2361E+002
2450.0000,-4.7150E+001
2451.0000,-3.8306E+001
2452.0000,-3.6102E+001
2453.0000,-5.7057E+001
2454.0000,-1.8068E+001
2455.0000,-1.8308E+001
2456.0000,-7.4532E+000
2457.0000,-5.5077E+000
2458.0000,-9.0209E+000
2459.0000,-1.1070E+001
2460.0000,-1.2346E+001
2461.0000,-2.9069E+001
2462.0000,-3.4550E+001
2463.0000,-4.7037E+001
2464.0000,-4.0122E+001
2465.0000,-6.0337E+001
2466.0000,-3.0310E+001
2467.0000,-4.6900E+001
2468.0000,-8.1629E+001
2469.0000,-9.1525E+001
2470.0000,-4.6053E+001
2471.0000,-1.9672E+001
2472.0000,-1.4212E+001
2473.0000,-7.4455E+000
2474.0000,-1.3844E+001
2475.0000,-3.4483E+001
2476.0000,-2.0832E+001
2477.0000,-2.1992E+001
2478.0000,-7.2451E+001
2479.0000,-7.9929E+001
2480.0000,-5.6529E+001
2481.0000,-3.9953E+001
2482.0000,-3.2930E+001
2483.0000,-2.5440E+001
2484.0000,-5.7760E+001
2485.0000,-4.6227E+001
2486.0000,-4.1340E+001
2487.0000,-3.9359E+001
2488.0000,-5.9125E+001
2489.0000,-5.0754E+001
2490.0000,-6.5261E+001
2491.0000,-1.1344E+002
2492.0000,-6.5735E+001
2493.0000,-1.3729E+002
2494.0000,-5.4189E+001
2495.0000,-4.2380E+001
2496.0000,-4.5194E+001
2497.0000,-4.5088E+001
2498.0000,-6.8067E+001
2499.0000,-7.8555E+001
2500.0000,-6.1590E+001
2501.0000,-4.5479E+001
2502.0000,-1.2715E+001
2503.0000,-6.4465E+000
2504.0000,-5.4653E+000
2505.0000,-6.3127E+001
2506.0000,-7.8510E+001
2507.0000,-3.4069E+001
2508.0000,-3.0390E+000
2509.0000,1.2118E+001
2510.0000,-1.1660E+001
2511.0000,-3.5823E+001
2512.0000,-9.7684E+001
2513.0000,-6.9782E+001
2514.0000,-2.2421E+001
2515.0000,-2.9215E+001
2516.0000,-4.2833E+001
2517.0000,-5.9580E+001
2518.0000,-5.8685E+001
2519.0000,-3.1749E+001
2520.0000,-1.4570E+001
2521.0000,-2.2972E+001
2522.0000,8.5674E+000
2523.0000,1.1022E+001
2524.0000,6.3827E+000
2525.0000,-5.6329E+001
2526.0000,-3.8940E+001
2527.0000,-4.2176E+001
2528.0000,-6.0699E+001
2529.0000,-2.1704E+001
2530.0000,5.1162E+000
2531.0000,-9.8535E+000
2532.0000,-8.1407E+001
2533.0000,-5.4212E+001
2534.0000,-4.2174E+001
2535.0000,-7.4025E+001
2536.0000,-5.7777E+001
2537.0000,-4.6453E+001
2538.0000,-2.1297E+001
2539.0000,-3.5382E+001
2540.0000,-1.8657E+001
2541.0000,-4.5003E+001
2542.0000,-9.7001E+001
2543.0000,-9.1936E+001
2544.0000,-4.5115E+001
2545.0000,-3.6105E+001
2546.0000,1.5584E+000
2547.0000,-1.5349E+001
2548.0000,-8.1409E+001
2549.0000,-5.7018E+001
2550.0000,-3.3109E+001
2551.0000,-3.8872E+001
2552.0000,-1.0462E+001
2553.0000,-1.4394E+002
2554.0000,-2.5415E+001
2555.0000,-1.3378E+001
2556.0000,-8.0204E+000
2557.0000,-1.8906E+001
2558.0000,-8.3433E+001
2559.0000,-1.1076E+002
2560.0000,-4.6756E+001
2561.0000,-2.0523E+001
2562.0000,-5.9700E+000
2563.0000,-2.0891E+001
2564.0000,-2.9252E+001
2565.0000,-2.0632E+001
2566.0000,-1.7093E+001
2567.0000,-3.0483E+001
2568.0000,-1.1701E+001
2569.0000,-8.4107E+001
2570.0000,0.0000E+000
2571.0000,0.0000E+000
2572.0000,0.0000E+000
2573.0000,0.0000E+000
2574.0000,0.0000E+000
2575.0000,0.0000E+000
2576.0000,0.0000E+000
2577.0000,0.0000E+000
2578.0000,0.0000E+000
2579.0000,3.2594E+001
2580.0000,0.0000E+000
2581.0000,0.0000E+000
2582.0000,6.6673E+000
2583.0000,0.0000E+000
2584.0000,0.0000E+000
2585.0000,0.0000E+000
2586.0000,0.0000E+000
2587.0000,3.1961E+001
2588.0000,0.0000E+000
2589.0000,0.0000E+000
2590.0000,0.0000E+000
2591.0000,0.0000E+000
2592.0000,0.0000E+000
2593.0000,0.0000E+000
2594.0000,0.0000E+000
2595.0000,0.0000E+000
2596.0000,0.0000E+000
2597.0000,0.0000E+000
2598.0000,0.0000E+000
2599.0000,0.0000E+000
2600.0000,0.0000E+000
2601.0000,0.0000E+000
2602.0000,0.0000E+000
2603.0000,4.9567E+000
2604.0000,0.0000E+000
2605.0000,0.0000E+000
2606.0000,0.0000E+000
2607.0000,0.0000E+000
2608.0000,1.6568E+001
2609.0000,2.0996E+001
2610.0000,0.0000E+000
2611.0000,0.0000E+000
2612.0000,0.0000E+000
2613.0000,0.0000E+000
2614.0000,0.0000E+000
2615.0000,0.0000E+000
2616.0000,0.0000E+000
2617.0000,0.0000E+000
2618.0000,3.5644E-001
2619.0000,0.0000E+000
2620.0000,0.0000E+000
2621.0000,0.0000E+000
2622.0000,9.7578E+000
2623.0000,1.5140E+002
2624.0000,4.1833E+001
2625.0000,0.0000E+000
2626.0000,6.4146E+000
2627.0000,3.2575E+001
2628.0000,9.5395E+001
2629.0000,5.8616E+001
2630.0000,9.6631E+000
2631.0000,2.4102E+001
2632.0000,2.1458E+001
2633.0000,4.4660E+001
2634.0000,3.4772E+001
2635.0000,1.7626E+001
2636.0000,3.9290E+001
2637.0000,4.3474E+001
2638.0000,7.2575E+001
2639.0000,2.0340E+001
2640.0000,7.8224E+000
2641.0000,6.8282E-001
2642.0000,-7.4252E+001
2643.0000,-5.1777E+000
2644.0000,9.9308E+000
2645.0000,-2.3349E+001
2646.0000,-7.5581E+000
2647.0000,-5.7623E+000
2648.0000,-1.3118E+001
2649.0000,-1.5750E+001
2650.0000,6.8602E+000
2651.0000,-1.9383E+001
2652.0000,-2.0560E+001
2653.0000,-1.4131E+001
2654.0000,-8.1150E+000
2655.0000,5.9053E+000
2656.0000,1.0974E+001
2657.0000,-1.4781E+000
2658.0000,-3.7288E+000
2659.0000,2.7312E+000
2660.0000,1.7884E+001
2661.0000,3.9253E+001
2662.0000,5.8196E+001
2663.0000,7.2311E+001
2664.0000,7.3621E+000
2665.0000,4.0302E+000
2666.0000,3.2858E+001
2667.0000,4.6540E+001
2668.0000,-3.2555E+000
2669.0000,-1.1896E+000
2670.0000,-2.0400E+001
2671.0000,-1.6759E+001
2672.0000,-1.0779E+001
2673.0000,-2.1907E+001
2674.0000,-7.3452E+001
2675.0000,-4.1191E+001
2676.0000,-1.6272E+001
2677.0000,-1.5832E+001
2678.0000,-5.3334E+000
2679.0000,-3.4734E+000
2680.0000,5.7552E+000
2681.0000,8.6808E+000
2682.0000,5.0799E-001
2683.0000,-1.0766E+000
2684.0000,-1.7732E+001
2685.0000,1.0544E+001
2686.0000,1.3366E+000
2687.0000,-1.9595E+001
2688.0000,7.0403E+000
2689.0000,1.6807E+001
2690.0000,1.2441E+000
2691.0000,8.5204E+000
2692.0000,7.1471E+000
2693.0000,-1.0100E+001
2694.0000,-8.0091E+000
2695.0000,-1.4133E+000
2696.0000,8.2381E-002
2697.0000,-1.4564E+001
2698.0000,-1.5494E+001
2699.0000,-7.0512E+000
2700.0000,-1.2531E+001
2701.0000,-1.8742E+001
2702.0000,2.9332E+000
2703.0000,-3.9010E+000
2704.0000,-3.2906E+000
2705.0000,-8.4484E+000
2706.0000,-1.4280E+001
2707.0000,-3.1365E+001
2708.0000,-2.8122E+001
2709.0000,-7.1387E+001
2710.0000,-3.4482E+001
2711.0000,-8.5429E+001
2712.0000,-6.0179E+001
2713.0000,-2.4596E+001
2714.0000,-1.7468E+001
2715.0000,-1.3025E+001
2716.0000,-1.0804E+001
2717.0000,-5.3346E+000
2718.0000,-1.2061E+001
2719.0000,-1.7063E+001
2720.0000,-1.5193E+001
2721.0000,-2.0684E+001
2722.0000,-1.7452E+001
2723.0000,-1.3421E+001
2724.0000,-3.2825E+001
2725.0000,-3.8928E+001
2726.0000,-2.1928E+001
2727.0000,4.9769E+000
2728.0000,1.2625E+001
2729.0000,1.4582E+000
2730.0000,-1.9530E+001
2731.0000,-3.2466E+001
2732.0000,-2.9068E+001
2733.0000,-7.9435E+001
2734.0000,-6.1935E+001
2735.0000,-8.7660E+000
2736.0000,6.2529E+000
2737.0000,1.4829E+001
2738.0000,5.3334E+000
2739.0000,-1.3094E+001
2740.0000,-1.1164E+001
2741.0000,-5.6371E+000
2742.0000,-8.0935E+000
2743.0000,-7.2987E+000
2744.0000,-2.8315E+000
2745.0000,-1.8275E+001
2746.0000,-2.6852E+001
2747.0000,-2.3772E+001
2748.0000,-1.2260E+001
2749.0000,-9.9401E+000
2750.0000,-6.0289E+000
2751.0000,-7.2420E+000
2752.0000,-8.8423E+000
2753.0000,-1.7558E+001
2754.0000,-9.2639E+000
2755.0000,-1.0886E+001
2756.0000,-3.3209E+001
2757.0000,-2.8349E+001
2758.0000,-2.4548E+001
2759.0000,-2.6433E+001
2760.0000,-2.5521E+001
2761.0000,-2.7700E+001
2762.0000,-5.7418E+001
2763.0000,-2.5025E+001
2764.0000,-1.3142E+001
2765.0000,-1.7532E+001
2766.0000,-2.7836E+001
2767.0000,-2.6209E+001
2768.0000,-3.1841E+001
2769.0000,-2.1819E+001
2770.0000,-1.7286E+001
2771.0000,-9.4520E+000
2772.0000,-5.8372E+000
2773.0000,-2.0606E+001
2774.0000,-2.9284E+001
2775.0000,-2.6855E+001
2776.0000,-1.7417E+001
2777.0000,-1.1731E+001
2778.0000,-2.8915E+001
2779.0000,-2.5998E+001
2780.0000,-2.6940E+001
2781.0000,-2.5056E+001
2782.0000,-2.2121E+001
2783.0000,-1.9797E+001
2784.0000,-3.2954E+001
2785.0000,-2.5453E+001
2786.0000,-3.4773E+001
2787.0000,-3.4655E+001
2788.0000,-2.6014E+001
2789.0000,-2.6570E+001
2790.0000,-2.9397E+001
2791.0000,-2.7065E+001
2792.0000,-1.2108E+001
2793.0000,-1.9338E+001
2794.0000,-2.1177E+001
2795.0000,-3.1220E+001
2796.0000,-2.8009E+001
2797.0000,-5.4411E+001
2798.0000,-1.8906E+001
2799.0000,-2.3132E+001
2800.0000,-1.8063E+001
2801.0000,-2.3765E+001
2802.0000,-2.3177E+001
2803.0000,-3.8896E+001
2804.0000,-1.6232E+001
2805.0000,-1.5168E+001
2806.0000,-1.6662E+001
2807.0000,-3.3437E+001
2808.0000,-4.3322E+001
2809.0000,-7.8932E+001
2810.0000,-5.9932E+001
2811.0000,-2.8697E+001
2812.0000,-2.1011E+001
2813.0000,-1.8029E+001
2814.0000,-4.4194E+001
2815.0000,-4.8811E+001
2816.0000,-2.8876E+001
2817.0000,-3.2521E+001
2818.0000,-3.2938E+001
2819.0000,-4.1823E+001
2820.0000,-4.5832E+001
2821.0000,-3.5174E+001
2822.0000,-4.1997E+001
2823.0000,-4.8656E+001
2824.0000,-4.3788E+001
2825.0000,-2.3284E+001
2826.0000,-2.2496E+001
2827.0000,-4.5319E+001
2828.0000,-4.6171E+001
2829.0000,-2.5018E+001
2830.0000,-3.8613E+001
2831.0000,-1.8842E+001
2832.0000,-1.0770E+001
2833.0000,-9.2277E+000
2834.0000,-1.2587E+001
2835.0000,-1.6570E+001
2836.0000,-5.7359E+001
2837.0000,-4.5903E+001
2838.0000,-4.6032E+001
2839.0000,-4.1567E+001
2840.0000,-7.1239E+001
2841.0000,-6.9285E+001
2842.0000,-5.5223E+001
2843.0000,-5.4783E+001
2844.0000,-1.1199E+001
2845.0000,-5.1071E+001
2846.0000,-4.3311E+001
2847.0000,-3.3745E+001
2848.0000,-2.9736E+001
2849.0000,9.5654E-001
2850.0000,-4.2776E+001
2851.0000,-4.7564E+001
2852.0000,-2.9227E+001
2853.0000,-2.4038E+001
2854.0000,-1.8337E+001
2855.0000,-1.4602E+001
2856.0000,-1.0569E+001
2857.0000,-2.5673E+001
2858.0000,-5.5089E+001
2859.0000,-2.3740E+001
2860.0000,-2.7705E+001
2861.0000,-4.6054E+001
2862.0000,-4.7682E+001
2863.0000,-8.0698E+001
2864.0000,-8.5493E+001
2865.0000,-8.8155E+001
2866.0000,-7.2297E+001
2867.0000,-9.5682E+001
2868.0000,-1.4205E+002
2869.0000,-8.8754E+001
2870.0000,-4.2188E+001
2871.0000,-2.0450E+001
2872.0000,1.2575E+000
2873.0000,-5.9473E+000
2874.0000,-6.2498E+001
2875.0000,-5.4577E+001
2876.0000,-5.3035E+001
2877.0000,-5.2769E+001
2878.0000,-3.9780E+001
2879.0000,-3.8514E+001
2880.0000,-3.5241E+001
2881.0000,-2.7305E+001
2882.0000,-2.3235E+001
2883.0000,-3.1234E+001
2884.0000,-3.9872E+001
2885.0000,-1.2223E+002
2886.0000,-6.3635E+001
2887.0000,-3.5114E+001
2888.0000,-3.3663E+001
2889.0000,-6.4937E+001
2890.0000,-5.3343E+001
2891.0000,-5.4418E+001
2892.0000,-3.8667E+001
2893.0000,-7.1558E+000
2894.0000,-1.7661E+001
2895.0000,2.1937E+000
2896.0000,-7.9019E+001
2897.0000,-4.9884E+001
2898.0000,-1.7440E+001
2899.0000,-1.4845E+001
2900.0000,-5.7021E+000
2901.0000,-1.5229E+001
2902.0000,-4.4517E+001
2903.0000,-3.0717E+001
2904.0000,-3.3229E+001
2905.0000,-3.5901E+001
2906.0000,-4.5739E+001
2907.0000,-4.3716E+001
2908.0000,-1.5284E+001
2909.0000,-3.0194E+001
2910.0000,-2.3345E+001
2911.0000,-2.6887E+001
2912.0000,-4.7656E+001
2913.0000,-9.2533E+001
2914.0000,-4.4569E+001
2915.0000,-2.5346E+001
2916.0000,-4.4679E+001
2917.0000,-5.8371E+001
2918.0000,-8.1200E+001
2919.0000,-4.6118E+001
2920.0000,-9.0894E+001
2921.0000,-1.0242E+002
2922.0000,-5.5501E+001
2923.0000,-1.0969E+002
2924.0000,0.0000E+000
2925.0000,0.0000E+000
2926.0000,0.0000E+000
2927.0000,0.0000E+000
2928.0000,0.0000E+000
2929.0000,0.0000E+000
2930.0000,0.0000E+000
2931.0000,0.0000E+000
2932.0000,0.0000E+000
2933.0000,0.0000E+000
2934.0000,0.0000E+000
2935.0000,2.7753E+001
2936.0000,0.0000E+000
2937.0000,0.0000E+000
2938.0000,0.0000E+000
2939.0000,0.0000E+000
2940.0000,0.0000E+000
2941.0000,0.0000E+000
2942.0000,0.0000E+000
2943.0000,0.0000E+000
2944.0000,0.0000E+000
2945.0000,0.0000E+000
2946.0000,0.0000E+000
2947.0000,0.0000E+000
2948.0000,0.0000E+000
2949.0000,0.0000E+000
2950.0000,0.0000E+000
2951.0000,2.6401E+001
2952.0000,9.1963E+001
2953.0000,0.0000E+000
2954.0000,0.0000E+000
2955.0000,0.0000E+000
2956.0000,0.0000E+000
2957.0000,0.0000E+000
2958.0000,0.0000E+000
2959.0000,0.0000E+000
2960.0000,0.0000E+000
2961.0000,0.0000E+000
2962.0000,0.0000E+000
2963.0000,0.0000E+000
2964.0000,7.7833E-001
2965.0000,0.0000E+000
2966.0000,0.0000E+000
2967.0000,0.0000E+000
2968.0000,0.0000E+000
2969.0000,0.0000E+000
2970.0000,0.0000E+000
2971.0000,0.0000E+000
2972.0000,0.0000E+000
2973.0000,0.0000E+000
2974.0000,0.0000E+000
2975.0000,0.0000E+000
2976.0000,0.0000E+000
2977.0000,0.0000E+000
2978.0000,0.0000E+000
2979.0000,0.0000E+000
2980.0000,0.0000E+000
2981.0000,0.0000E+000
2982.0000,0.0000E+000
2983.0000,0.0000E+000
2984.0000,0.0000E+000
2985.0000,0.0000E+000
2986.0000,0.0000E+000
2987.0000,0.0000E+000
2988.0000,0.0000E+000
2989.0000,2.7423E+000
2990.0000,0.0000E+000
2991.0000,1.7628E+001
2992.0000,7.6111E+001
2993.0000,1.7037E+001
2994.0000,0.0000E+000
2995.0000,0.0000E+000
2996.0000,0.0000E+000
2997.0000,0.0000E+000
2998.0000,0.0000E+000
2999.0000,0.0000E+000
3000.0000,0.0000E+000
3001.0000,0.0000E+000
3002.0000,0.0000E+000
3003.0000,0.0000E+000
3004.0000,0.0000E+000
3005.0000,0.0000E+000
3006.0000,1.0438E+000
3007.0000,4.1493E+000
3008.0000,1.4751E+001
3009.0000,2.3051E+001
3010.0000,1.7499E+001
3011.0000,1.6118E+001
3012.0000,2.6230E+001
3013.0000,0.0000E+000
3014.0000,0.0000E+000
3015.0000,4.4937E-001
3016.0000,3.1523E+001
3017.0000,0.0000E+000
3018.0000,1.6366E+001
3019.0000,4.7365E+001
3020.0000,4.8568E+001
3021.0000,2.9634E+001
3022.0000,3.4265E+001
3023.0000,4.7803E+000
3024.0000,1.0227E+000
3025.0000,2.9823E+001
3026.0000,4.0222E+000
3027.0000,9.8325E+001
3028.0000,3.6829E+001
3029.0000,1.8866E+001
3030.0000,1.2003E+002
3031.0000,5.3664E+001
3032.0000,-1.0542E+001
3033.0000,-3.7236E+000
3034.0000,-7.4695E+000
3035.0000,1.2422E+000
3036.0000,3.4374E+001
3037.0000,7.1771E-001
3038.0000,4.8866E+000
3039.0000,6.8495E+000
3040.0000,2.2237E+001
3041.0000,1.6121E+001
3042.0000,1.0425E+001
3043.0000,1.5252E+000
3044.0000,5.5934E-001
3045.0000,-3.8267E-001
3046.0000,-1.0548E+001
3047.0000,-9.8719E+000
3048.0000,-1.0124E+000
3049.0000,-5.5446E-001
3050.0000,-4.2507E+000
3051.0000,-3.0892E+000
3052.0000,5.0096E-001
3053.0000,-7.9895E+000
3054.0000,-6.5228E+001
3055.0000,-3.6769E+001
3056.0000,-2.1871E+001
3057.0000,1.2162E+001
3058.0000,-2.6115E+000
3059.0000,-9.7121E-001
3060.0000,-5.6499E+000
3061.0000,1.6345E+000
3062.0000,9.9515E-001
3063.0000,-2.8863E+000
3064.0000,1.2069E+001
3065.0000,-6.9144E+000
3066.0000,-1.1721E+002
3067.0000,-9.4289E+001
3068.0000,-1.2483E+001
3069.0000,7.3501E-001
3070.0000,4.8764E+000
3071.0000,3.4100E+001
3072.0000,2.3579E+001
3073.0000,2.7200E+001
3074.0000,3.3544E+001
3075.0000,-1.8369E+000
3076.0000,-3.8341E+001
3077.0000,-1.8156E+001
3078.0000,-1.1218E+001
3079.0000,-4.0352E+001
3080.0000,-2.9018E+001
3081.0000,-1.2920E+001
3082.0000,-7.6971E+000
3083.0000,-3.1291E+001
3084.0000,-4.2844E+001
3085.0000,-1.4986E+001
3086.0000,-2.4048E+001
3087.0000,-1.6773E+001
3088.0000,-1.5639E+001
3089.0000,-8.8640E+000
3090.0000,-1.6755E+001
3091.0000,-3.4563E+001
3092.0000,-2.1143E+001
3093.0000,-1.6556E+001
3094.0000,-1.1030E+001
3095.0000,-6.0331E+000
3096.0000,-5.5724E+000
3097.0000,-7.4629E+000
3098.0000,-1.6733E+001
3099.0000,-1.8846E+001
3100.0000,-3.1714E+001
3101.0000,-2.9342E+001
3102.0000,-2.0454E+001
3103.0000,-1.5692E+001
3104.0000,-1.8078E+001
3105.0000,-1.9875E+001
3106.0000,-1.0335E+001
3107.0000,-1.2053E+001
3108.0000,-1.3846E+001
3109.0000,-1.5269E+001
3110.0000,-1.6221E+001
3111.0000,-2.3516E+001
3112.0000,-3.6763E+001
3113.0000,-2.3152E+001
3114.0000,-3.5390E+001
3115.0000,-2.3486E+001
3116.0000,-1.7738E+001
3117.0000,-1.5770E+001
3118.0000,-1.9001E+001
3119.0000,-1.3344E+001
3120.0000,-1.3017E+001
3121.0000,-2.2301E+001
3122.0000,-2.6609E+001
3123.0000,-3.0238E+001
3124.0000,-2.0138E+001
3125.0000,-2.8242E+001
3126.0000,-4.0728E+001
3127.0000,-5.7341E+001
3128.0000,-3.7547E+001
3129.0000,-2.0706E+001
3130.0000,-3.3813E+001
3131.0000,-3.4820E+001
3132.0000,-4.0297E+001
3133.0000,-2.6272E+001
3134.0000,-3.8577E+001
3135.0000,-3.6008E+001
3136.0000,-3.9662E+001
3137.0000,-5.7300E+001
3138.0000,-8.9402E+001
3139.0000,-3.2557E+001
3140.0000,-3.6771E+001
3141.0000,-3.5270E+001
3142.0000,-2.1826E+001
3143.0000,-2.7334E+001
3144.0000,-3.7115E+001
3145.0000,-2.7149E+001
3146.0000,-3.2406E+001
3147.0000,-4.9328E+001
3148.0000,-4.8534E+001
3149.0000,-2.9448E+001
3150.0000,-2.0668E+001
3151.0000,-1.4471E+001
3152.0000,-2.3426E+001
3153.0000,-1.5866E+001
3154.0000,-1.3061E+001
3155.0000,-1.4212E+001
3156.0000,-2.3984E+001
3157.0000,-3.6071E+001
3158.0000,-2.9016E+001
3159.0000,-2.4500E+001
3160.0000,-1.1649E+001
3161.0000,-1.0730E+001
3162.0000,-2.4946E+001
3163.0000,-1.8430E+001
3164.0000,-1.5838E+001
3165.0000,-1.4869E+001
3166.0000,-2.3115E+001
3167.0000,-2.1169E+001
3168.0000,-4.5988E+001
3169.0000,-3.9583E+001
3170.0000,-4.7719E+001
3171.0000,-4.5821E+001
3172.0000,-3.5590E+001
3173.0000,-3.8240E+001
3174.0000,-3.3562E+001
3175.0000,9.6032E+000
3176.0000,-3.7230E-001
3177.0000,-2.7580E+001
3178.0000,-7.4200E+001
3179.0000,-4.5467E+001
3180.0000,-3.9077E+001
3181.0000,-5.2887E+001
3182.0000,-4.0206E+001
3183.0000,-2.7080E+001
3184.0000,-1.9634E+001
3185.0000,-4.1810E+001
3186.0000,-2.9730E+001
3187.0000,-9.8026E+001
3188.0000,-8.1880E+001
3189.0000,-4.2835E+001
3190.0000,-3.4984E+001
3191.0000,-2.6277E+001
3192.0000,-1.7074E+001
3193.0000,-1.6108E+001
3194.0000,-2.1352E+001
3195.0000,-1.7497E+001
3196.0000,-1.7965E+001
3197.0000,-1.1796E+001
3198.0000,-1.7119E+001
3199.0000,-1.2419E+001
3200.0000,-2.8970E+001
3201.0000,-2.6003E+001
3202.0000,-4.2737E+001
3203.0000,-3.5293E+001
3204.0000,-3.1430E+001
3205.0000,-2.2482E+001
3206.0000,-2.6285E+001
3207.0000,-3.1527E+001
3208.0000,-3.3237E+001
3209.0000,-1.3875E+001
3210.0000,-2.3306E+001
3211.0000,-1.4962E+001
3212.0000,-2.3801E+001
3213.0000,-3.2504E+001
3214.0000,-5.2167E+001
3215.0000,-4.0345E+001
3216.0000,-4.7140E+001
3217.0000,-5.6013E+001
3218.0000,-9.6667E+001
3219.0000,-1.0113E+002
3220.0000,-7.8233E+001
3221.0000,-6.5811E+001
3222.0000,-6.5124E+001
3223.0000,-6.6043E+001
3224.0000,-5.9413E+001
3225.0000,-5.5150E+001
3226.0000,9.2366E+000
3227.0000,-1.3389E+001
3228.0000,-8.0006E+001
3229.0000,-9.2261E+001
3230.0000,-6.1943E+001
3231.0000,-5.1515E+001
3232.0000,-2.0439E+001
3233.0000,-8.4294E+001
3234.0000,-8.6748E+001
3235.0000,-4.3785E+001
3236.0000,-7.5544E+001
3237.0000,-8.4238E+001
3238.0000,-1.2285E+002
3239.0000,-7.4657E+001
3240.0000,-4.1748E+001
3241.0000,-2.6468E+001
3242.0000,-2.4459E+001
3243.0000,1.7480E+001
3244.0000,-7.0654E+001
3245.0000,-8.6620E+001
3246.0000,-4.0891E+001
3247.0000,-2.6090E+001
3248.0000,-5.5081E+001
3249.0000,-1.9421E+002
3250.0000,-1.4653E+002
3251.0000,-6.3258E+001
3252.0000,-9.1867E+000
3253.0000,-1.2053E+002
3254.0000,-7.6031E+001
3255.0000,-5.0838E+001
3256.0000,-5.1230E+001
3257.0000,-2.2769E+001
3258.0000,-2.8332E+001
3259.0000,-3.9085E+001
3260.0000,-2.6360E+001
3261.0000,-7.5373E+000
3262.0000,-5.2744E+001
3263.0000,-6.3621E+001
3264.0000,-6.0157E+001
3265.0000,-5.8845E+001
3266.0000,-1.0367E+002
3267.0000,-1.0719E+002
3268.0000,-1.1288E+002
3269.0000,-8.4255E+001
3270.0000,-5.4754E+001
3271.0000,-9.6210E+001
3272.0000,0.0000E+000
3273.0000,0.0000E+000
3274.0000,0.0000E+000
3275.0000,0.0000E+000
3276.0000,2.6740E+001
3277.0000,4.9542E+001
3278.0000,3.4303E+000
3279.0000,0.0000E+000
3280.0000,0.0000E+000
3281.0000,0.0000E+000
3282.0000,0.0000E+000
3283.0000,0.0000E+000
3284.0000,0.0000E+000
3285.0000,0.0000E+000
3286.0000,0.0000E+000
3287.0000,0.0000E+000
3288.0000,0.0000E+000
3289.0000,0.0000E+000
3290.0000,0.0000E+000
3291.0000,0.0000E+000
3292.0000,3.7625E+001
3293.0000,0.0000E+000
3294.0000,0.0000E+000
3295.0000,0.0000E+000
3296.0000,0.0000E+000
3297.0000,2.1658E+001
3298.0000,4.2463E+001
3299.0000,0.0000E+000
3300.0000,3.5372E+001
3301.0000,0.0000E+000
3302.0000,0.0000E+000
3303.0000,0.0000E+000
3304.0000,0.0000E+000
3305.0000,0.0000E+000
3306.0000,0.0000E+000
3307.0000,0.0000E+000
3308.0000,0.0000E+000
3309.0000,0.0000E+000
3310.0000,0.0000E+000
3311.0000,0.0000E+000
3312.0000,0.0000E+000
3313.0000,0.0000E+000
3314.0000,0.0000E+000
3315.0000,0.0000E+000
3316.0000,0.0000E+000
3317.0000,0.0000E+000
3318.0000,0.0000E+000
3319.0000,0.0000E+000
3320.0000,0.0000E+000
3321.0000,0.0000E+000
3322.0000,0.0000E+000
3323.0000,0.0000E+000
3324.0000,0.0000E+000
3325.0000,0.0000E+000
3326.0000,0.0000E+000
3327.0000,0.0000E+000
3328.0000,0.0000E+000
3329.0000,0.0000E+000
3330.0000,0.0000E+000
3331.0000,0.0000E+000
3332.0000,0.0000E+000
3333.0000,0.0000E+000
3334.0000,0.0000E+000
3335.0000,0.0000E+000
3336.0000,0.0000E+000
3337.0000,0.0000E+000
3338.0000,0.0000E+000
3339.0000,3.6038E+000
3340.0000,0.0000E+000
3341.0000,0.0000E+000
3342.0000,0.0000E+000
3343.0000,0.0000E+000
3344.0000,0.0000E+000
3345.0000,0.0000E+000
3346.0000,0.0000E+000
3347.0000,0.0000E+000
3348.0000,0.0000E+000
3349.0000,0.0000E+000
3350.0000,0.0000E+000
3351.0000,0.0000E+000
3352.0000,0.0000E+000
3353.0000,0.0000E+000
3354.0000,0.0000E+000
3355.0000,0.0000E+000
3356.0000,1.9059E+001
3357.0000,0.0000E+000
3358.0000,0.0000E+000
3359.0000,0.0000E+000
3360.0000,2.0283E+001
3361.0000,0.0000E+000
3362.0000,0.0000E+000
3363.0000,0.0000E+000
3364.0000,0.0000E+000
3365.0000,1.3943E+000
3366.0000,0.0000E+000
3367.0000,0.0000E+000
3368.0000,0.0000E+000
3369.0000,0.0000E+000
3370.0000,0.0000E+000
3371.0000,0.0000E+000
3372.0000,0.0000E+000
3373.0000,1.0910E+000
3374.0000,6.8271E+000
3375.0000,3.3297E+000
3376.0000,0.0000E+000
3377.0000,1.7024E+001
3378.0000,1.9691E+001
3379.0000,1.8117E+001
3380.0000,7.2046E+000
3381.0000,1.1760E+001
3382.0000,1.2231E+001
3383.0000,1.3159E+001
3384.0000,7.0213E+001
3385.0000,6.3473E+001
3386.0000,2.2495E+001
3387.0000,1.0883E+002
3388.0000,5.7457E+001
3389.0000,4.4791E+001
3390.0000,2.3579E+002
3391.0000,2.3731E+002
3392.0000,0.0000E+000
3393.0000,0.0000E+000
3394.0000,0.0000E+000
3395.0000,2.7781E+001
3396.0000,7.8339E+000
3397.0000,4.9225E+001
3398.0000,8.0219E+001
3399.0000,3.4565E+001
3400.0000,9.6960E+000
3401.0000,9.6191E+000
3402.0000,6.2855E+000
3403.0000,9.4045E-001
3404.0000,7.7262E+000
3405.0000,8.7963E+000
3406.0000,-1.2556E+001
3407.0000,2.0957E+001
3408.0000,2.7443E+001
3409.0000,1.3778E+001
3410.0000,1.2693E+001
3411.0000,1.3641E+001
3412.0000,5.5997E+000
3413.0000,4.6626E+000
3414.0000,7.1623E+000
3415.0000,1.2007E+001
3416.0000,4.1836E+001
3417.0000,3.8529E+001
3418.0000,2.6510E+001
3419.0000,8.5986E+000
3420.0000,2.5636E+000
3421.0000,3.3239E+001
3422.0000,4.6317E+001
3423.0000,1.8789E+001
3424.0000,-1.1941E+001
3425.0000,-1.7405E+001
3426.0000,-1.5067E+000
3427.0000,1.1318E+000
3428.0000,-1.8127E+000
3429.0000,-7.6533E+000
3430.0000,-8.5364E+000
3431.0000,-1.0124E+001
3432.0000,6.8457E+000
3433.0000,5.8003E+000
3434.0000,-4.6680E+001
3435.0000,-2.0878E+001
3436.0000,-1.4408E+001
3437.0000,-3.3793E+001
3438.0000,-1.4381E+001
3439.0000,-1.1528E+001
3440.0000,-2.0045E+000
3441.0000,-1.4933E+001
3442.0000,-1.7073E+001
3443.0000,-3.6114E+001
3444.0000,-1.2975E+001
3445.0000,-1.6688E+000
3446.0000,-4.6985E+000
3447.0000,-7.3321E+000
3448.0000,-2.7140E+001
3449.0000,-4.4340E+001
3450.0000,-3.2677E+001
3451.0000,-1.2975E+001
3452.0000,-3.4540E+001
3453.0000,-9.4048E+000
3454.0000,-1.7247E+000
3455.0000,3.6251E+000
3456.0000,-1.3746E+001
3457.0000,-3.4404E+001
3458.0000,-3.3480E+001
3459.0000,-2.3708E+001
3460.0000,-8.8863E+000
3461.0000,-1.1986E+001
3462.0000,1.1156E+000
3463.0000,-7.6631E+000
3464.0000,-1.8376E+001
3465.0000,-9.0351E+000
3466.0000,-1.3915E+001
3467.0000,-1.1749E+001
3468.0000,-2.7100E+000
3469.0000,-2.5806E+000
3470.0000,-1.0135E+001
3471.0000,-1.8343E+001
3472.0000,-8.9056E+001
3473.0000,-1.8534E+001
3474.0000,-1.0384E+001
3475.0000,-1.2001E+000
3476.0000,5.3679E+000
3477.0000,-1.3302E+001
3478.0000,-1.4951E+001
3479.0000,-1.3541E+001
3480.0000,-1.0148E+001
3481.0000,-8.5870E+000
3482.0000,-1.3961E+001
3483.0000,-1.6422E+001
3484.0000,-2.7793E+001
3485.0000,-2.7311E+001
3486.0000,-1.7011E+001
3487.0000,-2.7067E+001
3488.0000,-1.7686E+001
3489.0000,-1.3711E+001
3490.0000,-6.3599E+000
3491.0000,-2.8441E+001
3492.0000,-3.2557E+001
3493.0000,-3.0612E+001
3494.0000,-3.0883E+001
3495.0000,-2.4484E+001
3496.0000,-4.8168E+001
3497.0000,-2.6857E+001
3498.0000,-2.3436E+001
3499.0000,-1.6481E+001
3500.0000,-1.8920E+001
3501.0000,-1.7787E+001
3502.0000,-1.6888E+001
3503.0000,-1.8711E+001
3504.0000,-2.9844E+001
3505.0000,-4.4835E+001
3506.0000,-4.0452E+001
3507.0000,-2.5718E+001
3508.0000,-1.5953E+001
3509.0000,-1.0337E+001
3510.0000,-2.7785E+001
3511.0000,-6.0254E+001
3512.0000,-4.9226E+001
3513.0000,-4.3963E+001
3514.0000,-3.4422E+001
3515.0000,-2.3840E+001
3516.0000,-3.9434E+001
3517.0000,-2.4794E+001
3518.0000,-1.3719E+001
3519.0000,-1.8241E+001
3520.0000,-2.9232E+001
3521.0000,-2.5005E+001
3522.0000,-1.6534E+001
3523.0000,-1.0766E+001
3524.0000,-9.2431E+000
3525.0000,-1.1790E+001
3526.0000,-3.3466E+001
3527.0000,-3.4731E+001
3528.0000,-3.3015E+001
3529.0000,-2.2353E+001
3530.0000,-6.3820E+000
3531.0000,-1.0519E+001
3532.0000,-2.2367E+001
3533.0000,-2.1708E+001
3534.0000,-1.2942E+001
3535.0000,-1.1317E+001
3536.0000,-3.7653E+001
3537.0000,-2.8925E+001
3538.0000,-3.6599E+001
3539.0000,-3.1860E+001
3540.0000,-4.6401E+001
3541.0000,-6.6220E+001
3542.0000,-4.8282E+001
3543.0000,-6.7313E+001
3544.0000,-4.5174E+001
3545.0000,-2.9952E+001
3546.0000,-3.2782E+001
3547.0000,-3.8121E+001
3548.0000,-5.2438E+001
3549.0000,-5.6003E+001
3550.0000,-2.4564E+001
3551.0000,-3.3296E+001
3552.0000,-6.4010E+001
3553.0000,-1.9418E+001
3554.0000,-2.4020E+001
3555.0000,-2.1576E+001
3556.0000,-1.0238E+001
3557.0000,-7.4207E+000
3558.0000,-7.0014E+000
3559.0000,-2.1951E+001
3560.0000,-2.7793E+001
3561.0000,-2.8458E+001
3562.0000,-2.6207E+001
3563.0000,-3.8725E+001
3564.0000,-4.2559E+001
3565.0000,-4.7120E+001
3566.0000,-2.7753E+001
3567.0000,-2.8796E+001
3568.0000,-6.3720E+001
3569.0000,-5.5452E+001
3570.0000,-3.7708E+001
3571.0000,-4.5993E+001
3572.0000,-4.8547E+001
3573.0000,-1.5253E+001
3574.0000,1.5197E+001
3575.0000,9.8855E+000
3576.0000,-1.1480E+001
3577.0000,-1.9471E+001
3578.0000,-8.5894E+001
3579.0000,-7.6754E+001
3580.0000,-3.1668E+001
3581.0000,-6.3075E+001
3582.0000,-1.0187E+002
3583.0000,-6.9793E+001
3584.0000,-3.6104E+001
3585.0000,-4.7370E+001
3586.0000,-6.1036E+001
3587.0000,-2.0677E+001
3588.0000,-1.5790E+000
3589.0000,-3.9744E+001
3590.0000,-3.0193E+001
3591.0000,-7.1863E+001
3592.0000,-1.6015E+002
3593.0000,-1.2791E+002
3594.0000,-2.5378E+001
3595.0000,-6.5832E+000
3596.0000,-2.1125E+001
3597.0000,-6.1501E+001
3598.0000,-8.6208E+001
3599.0000,-4.4118E+001
3600.0000,-3.2714E+001
3601.0000,-2.6165E+001
3602.0000,-9.1251E+000
3603.0000,-5.2565E+001
3604.0000,-6.7649E+001
3605.0000,-1.0009E+002
3606.0000,-7.1506E+001
3607.0000,-5.1729E+001
3608.0000,-9.6967E+001
3609.0000,-1.4735E+002
3610.0000,-9.5614E+001
3611.0000,-1.2063E+002
3612.0000,-9.1062E+001
3613.0000,-1.6913E+001
3614.0000,1.5459E+001
3615.0000,3.3593E+001
3616.0000,-2.3423E+001
3617.0000,-7.2471E+001
3618.0000,-7.0978E+001
3619.0000,-7.9245E+001
3620.0000,-5.7764E+001
3621.0000,3.7410E-001
3622.0000,-3.9785E+001
3623.0000,-2.8307E+001
3624.0000,-6.1603E+001
3625.0000,-3.6627E+001
3626.0000,-2.4626E+001
3627.0000,-8.6746E+001
3628.0000,-6.9205E+001
3629.0000,-3.8066E+001
3630.0000,-4.4308E+001
3631.0000,-3.1488E+001
3632.0000,-4.4075E+001
3633.0000,-5.2235E+001
3634.0000,-3.8355E+001
3635.0000,-3.3824E+001
3636.0000,-1.7813E+001
3637.0000,-6.1093E+000
3638.0000,-3.0110E+001
3639.0000,-5.3111E+001
3640.0000,-4.0280E+001
3641.0000,-2.9470E+001
3642.0000,-1.8138E+001
3643.0000,-1.0702E+001
3644.0000,-4.1219E+000
3645.0000,3.6593E+001
3646.0000,-1.5324E+001
3647.0000,-1.0017E+001
3648.0000,1.3339E+000
3649.0000,-3.4132E+001
3650.0000,-6.8272E+001
3651.0000,-7.4915E+001
3652.0000,-8.5904E+001
