"",32.500
177.0000,0.0000E+000
178.0000,-7.3443E+001
179.0000,-6.0492E+001
180.0000,-4.5627E+001
181.0000,-1.0836E+002
182.0000,-1.4219E+002
183.0000,-1.1182E+002
184.0000,-1.5326E+002
185.0000,-1.4970E+002
186.0000,-6.7082E+001
187.0000,-1.3374E+002
188.0000,-7.6808E+001
189.0000,-9.7537E+001
190.0000,-1.1197E+002
191.0000,-1.0940E+002
192.0000,-5.1028E+001
193.0000,-8.6120E+001
194.0000,-9.7045E+001
195.0000,-6.3572E+001
196.0000,-7.9892E+001
197.0000,-1.0657E+002
198.0000,-8.2654E+001
199.0000,-6.2007E+001
200.0000,-1.1515E+002
201.0000,-1.2036E+002
202.0000,-1.2053E+002
203.0000,-2.1177E+002
204.0000,-1.8070E+002
205.0000,-1.4672E+002
206.0000,-1.1537E+002
207.0000,-1.1937E+002
208.0000,-1.5837E+002
209.0000,-1.3145E+002
210.0000,-1.0802E+002
211.0000,-1.0106E+002
212.0000,-1.2602E+002
213.0000,-1.0529E+002
214.0000,-1.0923E+002
215.0000,-6.5586E+001
216.0000,-1.3303E+002
217.0000,-1.5219E+002
218.0000,-1.1242E+002
219.0000,-1.3070E+002
220.0000,-1.1696E+002
221.0000,-1.3100E+002
222.0000,-1.0536E+002
223.0000,-8.3230E+001
224.0000,-1.3367E+002
225.0000,-7.8647E+001
226.0000,-1.1971E+002
227.0000,-1.3853E+002
228.0000,-1.7421E+002
229.0000,-1.4210E+002
230.0000,-1.2632E+002
231.0000,-1.6846E+002
232.0000,-9.3881E+001
233.0000,-1.5924E+002
234.0000,-1.5323E+002
235.0000,-1.3178E+002
236.0000,-1.2537E+002
237.0000,-9.3168E+001
238.0000,-1.2741E+002
239.0000,-1.5150E+002
240.0000,-5.8541E+001
241.0000,-5.3484E+001
242.0000,-4.9946E+001
243.0000,-9.9467E+001
244.0000,-1.0403E+002
245.0000,-1.5244E+002
246.0000,-1.0369E+002
247.0000,-9.9172E+001
248.0000,-6.2825E+001
249.0000,-7.9216E+001
250.0000,-9.4930E+001
251.0000,-1.2405E+002
252.0000,-1.3404E+002
253.0000,-1.0337E+002
254.0000,-1.2008E+002
255.0000,-3.1050E+001
256.0000,-8.4337E+001
257.0000,-4.6440E+001
258.0000,-4.8607E+001
259.0000,-4.2088E+001
260.0000,-7.3357E+001
261.0000,-8.6427E+001
262.0000,-1.1004E+002
263.0000,-1.5690E+002
264.0000,-1.0314E+002
265.0000,-9.6331E+001
266.0000,-1.3286E+002
267.0000,-1.2049E+002
268.0000,-1.0344E+002
269.0000,-9.4922E+001
270.0000,-7.6006E+001
271.0000,-1.3941E+002
272.0000,-1.4212E+002
273.0000,-8.3564E+001
274.0000,-3.9001E+001
275.0000,-4.0458E+001
276.0000,-3.8996E+001
277.0000,-3.6663E+001
278.0000,-3.3925E+001
279.0000,-3.6170E+001
280.0000,-1.7059E+001
281.0000,-1.0185E+002
282.0000,-6.1731E+001
283.0000,-4.5824E+001
284.0000,-1.1192E+002
285.0000,-1.1656E+002
286.0000,-4.8501E+001
287.0000,-1.6835E+001
288.0000,-1.8429E+002
289.0000,-1.8149E+002
290.0000,-7.7691E+001
291.0000,-7.4290E+001
292.0000,-1.3736E+002
293.0000,-7.2752E+001
294.0000,-6.3527E+001
295.0000,-8.8131E+001
296.0000,-4.9841E+001
297.0000,-1.2328E+002
298.0000,-1.4377E+002
299.0000,-9.6618E+001
300.0000,-6.2628E+001
301.0000,-7.8308E+001
302.0000,-8.7231E+001
303.0000,-4.4041E+001
304.0000,-4.6366E+001
305.0000,-7.0909E+001
306.0000,-8.5401E+001
307.0000,-1.9640E+001
308.0000,-2.2786E+001
309.0000,-1.6209E+001
310.0000,-7.6593E+001
311.0000,-9.3285E+001
312.0000,-4.7059E+001
313.0000,-5.8897E+001
314.0000,-1.4702E+002
315.0000,-6.6071E+001
316.0000,-6.2690E+001
317.0000,-5.3846E+001
318.0000,-3.7700E+001
319.0000,9.0268E+000
320.0000,-6.6518E+001
321.0000,-1.1158E+002
322.0000,-6.2158E+001
323.0000,-6.3239E+001
324.0000,-4.6264E+001
325.0000,-3.6785E+001
326.0000,-1.3324E+002
327.0000,-6.5368E+001
328.0000,-1.2312E+002
329.0000,-6.2976E+001
330.0000,-4.1324E+001
331.0000,-3.5518E+001
332.0000,9.7753E+000
333.0000,1.4476E+001
334.0000,-3.8771E+001
335.0000,-5.1812E+001
336.0000,-1.3266E+002
337.0000,-6.1831E+001
338.0000,-6.8281E+001
339.0000,-4.7767E+001
340.0000,-1.0948E+002
341.0000,-8.1735E+001
342.0000,-3.5152E+001
343.0000,-5.2942E+001
344.0000,-4.2025E+001
345.0000,-3.5483E+001
346.0000,-6.9569E+001
347.0000,-7.1373E+001
348.0000,-4.1996E+001
349.0000,-3.6858E+001
350.0000,-3.9832E+001
351.0000,-3.6205E+001
352.0000,-4.1817E+001
353.0000,-6.6375E+001
354.0000,0.0000E+000
355.0000,0.0000E+000
356.0000,0.0000E+000
357.0000,0.0000E+000
358.0000,0.0000E+000
359.0000,0.0000E+000
360.0000,0.0000E+000
361.0000,0.0000E+000
362.0000,0.0000E+000
363.0000,0.0000E+000
364.0000,0.0000E+000
365.0000,0.0000E+000
366.0000,0.0000E+000
367.0000,0.0000E+000
368.0000,0.0000E+000
369.0000,0.0000E+000
370.0000,0.0000E+000
371.0000,0.0000E+000
372.0000,0.0000E+000
373.0000,0.0000E+000
374.0000,0.0000E+000
375.0000,0.0000E+000
376.0000,1.6785E+000
377.0000,0.0000E+000
378.0000,7.4643E+000
379.0000,0.0000E+000
380.0000,0.0000E+000
381.0000,0.0000E+000
382.0000,-1.0193E+000
383.0000,0.0000E+000
384.0000,-3.1108E+000
385.0000,2.3705E+000
386.0000,0.0000E+000
387.0000,0.0000E+000
388.0000,0.0000E+000
389.0000,0.0000E+000
390.0000,0.0000E+000
391.0000,0.0000E+000
392.0000,0.0000E+000
393.0000,0.0000E+000
394.0000,0.0000E+000
395.0000,0.0000E+000
396.0000,0.0000E+000
397.0000,0.0000E+000
398.0000,6.7845E-001
399.0000,-5.9247E-002
400.0000,2.4138E+000
401.0000,0.0000E+000
402.0000,0.0000E+000
403.0000,0.0000E+000
404.0000,0.0000E+000
405.0000,0.0000E+000
406.0000,0.0000E+000
407.0000,0.0000E+000
408.0000,0.0000E+000
409.0000,0.0000E+000
410.0000,0.0000E+000
411.0000,-3.2168E-001
412.0000,4.0458E-001
413.0000,0.0000E+000
414.0000,0.0000E+000
415.0000,0.0000E+000
416.0000,0.0000E+000
417.0000,0.0000E+000
418.0000,0.0000E+000
419.0000,0.0000E+000
420.0000,0.0000E+000
421.0000,0.0000E+000
422.0000,0.0000E+000
423.0000,0.0000E+000
424.0000,0.0000E+000
425.0000,0.0000E+000
426.0000,0.0000E+000
427.0000,0.0000E+000
428.0000,0.0000E+000
429.0000,0.0000E+000
430.0000,0.0000E+000
431.0000,0.0000E+000
432.0000,0.0000E+000
433.0000,4.7791E+000
434.0000,-7.9946E-001
435.0000,-4.3093E-001
436.0000,1.2157E+000
437.0000,6.6842E+000
438.0000,0.0000E+000
439.0000,0.0000E+000
440.0000,0.0000E+000
441.0000,0.0000E+000
442.0000,0.0000E+000
443.0000,0.0000E+000
444.0000,0.0000E+000
445.0000,0.0000E+000
446.0000,0.0000E+000
447.0000,-3.1187E-001
448.0000,-8.6663E-001
449.0000,-2.7725E+000
450.0000,-5.4473E+000
451.0000,-1.6903E+000
452.0000,-8.1830E-001
453.0000,-5.3993E-001
454.0000,2.4364E+000
455.0000,8.2423E+000
456.0000,-1.7980E+000
457.0000,-9.3075E-001
458.0000,2.1543E-001
459.0000,0.0000E+000
460.0000,-4.3342E+000
461.0000,-7.5522E-001
462.0000,-2.3804E-001
463.0000,-4.1540E+000
464.0000,-1.5750E+001
465.0000,-3.7745E+000
466.0000,4.1472E+000
467.0000,1.6469E+001
468.0000,3.8976E+000
469.0000,2.3249E+001
470.0000,-2.9107E+001
471.0000,-2.9073E+001
472.0000,-2.7124E+001
473.0000,-2.6572E+001
474.0000,-2.8387E+001
475.0000,-1.1903E+001
476.0000,-4.5052E+001
477.0000,-3.8312E+001
478.0000,-6.4081E+000
479.0000,-1.3648E+001
480.0000,-5.5052E+001
481.0000,-3.5260E+001
482.0000,-5.2784E+001
483.0000,-4.2779E+001
484.0000,-2.8868E+001
485.0000,-4.4429E+001
486.0000,-3.8561E+001
487.0000,-4.4530E+000
488.0000,2.6464E+000
489.0000,-6.3122E+000
490.0000,-3.0390E+001
491.0000,-8.8641E+001
492.0000,-3.1740E+001
493.0000,-4.8364E+001
494.0000,-4.3149E+001
495.0000,-1.5324E+001
496.0000,-1.7360E+001
497.0000,-1.1152E+001
498.0000,-3.7635E+001
499.0000,-2.2320E+001
500.0000,-5.4439E+000
501.0000,-1.5322E+001
502.0000,-3.9840E+000
503.0000,-3.9491E+000
504.0000,-4.4288E+001
505.0000,-4.8653E+001
506.0000,-1.0443E+002
507.0000,-9.8155E+001
508.0000,-5.2905E+001
509.0000,-1.8916E+001
510.0000,-1.1277E+001
511.0000,-1.3404E+000
512.0000,-1.5570E+001
513.0000,-2.0967E+001
514.0000,-1.8265E+001
515.0000,-6.7807E+001
516.0000,-5.3351E+001
517.0000,-4.8778E+001
518.0000,-9.4397E+001
519.0000,-1.1539E+002
520.0000,-6.0884E+001
521.0000,-3.6196E+001
522.0000,-6.7460E+001
523.0000,-6.4725E+001
524.0000,-3.2830E+001
525.0000,-5.7259E+001
526.0000,-1.2525E+002
527.0000,-4.0122E+001
528.0000,-2.2222E+001
529.0000,-1.3085E+001
530.0000,-6.1477E+001
531.0000,-6.3420E+001
532.0000,-4.9676E+001
533.0000,-3.0614E+001
534.0000,-7.7751E+001
535.0000,-7.9074E+001
536.0000,-1.0911E+002
537.0000,-1.2136E+002
538.0000,-4.4382E+001
539.0000,-4.8815E+001
540.0000,-6.4113E+001
541.0000,-8.6377E+001
542.0000,-9.0192E+001
543.0000,-5.3816E+001
544.0000,-2.2669E+001
545.0000,-7.0549E+001
546.0000,-1.3940E+002
547.0000,-1.2423E+002
548.0000,-6.5302E+001
549.0000,-5.2490E+001
550.0000,-8.6358E+001
551.0000,-1.1425E+002
552.0000,-1.1847E+002
553.0000,-6.6001E+001
554.0000,-1.0363E+002
555.0000,-1.2321E+002
556.0000,-1.0357E+002
557.0000,-4.7244E+001
558.0000,-4.5541E+001
559.0000,-7.9828E+001
560.0000,-8.2582E+001
561.0000,-8.1859E+001
562.0000,-8.1066E+001
563.0000,-1.1823E+002
564.0000,-1.0129E+002
565.0000,-1.5469E+002
566.0000,-8.2865E+001
567.0000,-7.9801E+001
568.0000,-1.2514E+002
569.0000,-1.3595E+002
570.0000,-1.9630E+002
571.0000,-1.1160E+002
572.0000,-1.0306E+002
573.0000,-9.8152E+001
574.0000,-1.3068E+002
575.0000,-1.2365E+002
576.0000,-1.0848E+002
577.0000,-8.6105E+001
578.0000,-1.1675E+002
579.0000,-1.4333E+002
580.0000,-7.4720E+001
581.0000,-1.5130E+002
582.0000,-1.1695E+002
583.0000,-1.9406E+002
584.0000,-1.7083E+002
585.0000,-1.6151E+002
586.0000,-1.7100E+002
587.0000,-2.2512E+002
588.0000,-2.3458E+002
589.0000,-1.6343E+002
590.0000,-1.3985E+002
591.0000,-1.4574E+002
592.0000,-1.3295E+002
593.0000,-9.2610E+001
594.0000,-9.5299E+001
595.0000,-1.3120E+002
596.0000,-6.5985E+001
597.0000,-1.1463E+002
598.0000,-9.0282E+001
599.0000,-1.0597E+002
600.0000,-7.5869E+001
601.0000,-6.5711E+001
602.0000,-7.5838E+001
603.0000,-1.5897E+002
604.0000,-5.2226E+001
605.0000,-6.3894E+001
606.0000,-6.4850E+001
607.0000,-1.5047E+002
608.0000,-9.6645E+001
609.0000,-1.7648E+002
610.0000,-1.2272E+002
611.0000,-6.8145E+001
612.0000,-6.4636E+001
613.0000,-4.8948E+001
614.0000,-5.4122E+001
615.0000,-6.7334E+001
616.0000,-7.9916E+001
617.0000,-1.3470E+002
618.0000,-1.3266E+002
619.0000,-9.8864E+001
620.0000,-7.7496E+001
621.0000,-9.0342E+001
622.0000,-3.1263E+001
623.0000,-3.7577E+001
624.0000,-4.4118E+001
625.0000,-5.3482E+001
626.0000,-7.1526E+001
627.0000,-1.0143E+002
628.0000,-2.2098E+002
629.0000,-1.0868E+002
630.0000,-9.1639E+001
631.0000,-4.8883E+001
632.0000,-1.0417E+002
633.0000,-1.3815E+002
634.0000,-7.9024E+001
635.0000,-9.8907E+001
636.0000,-5.5872E+001
637.0000,-1.0985E+002
638.0000,-9.7998E+001
639.0000,-7.0861E+001
640.0000,-5.7985E+001
641.0000,-2.6579E+001
642.0000,-1.1051E+002
643.0000,-1.0304E+002
644.0000,-8.5206E+001
645.0000,-6.1575E+001
646.0000,-5.3330E+001
647.0000,-3.8007E+001
648.0000,-9.0424E+001
649.0000,-3.8428E+001
650.0000,-1.2988E+002
651.0000,-1.3756E+002
652.0000,-1.5340E+002
653.0000,-8.5915E+001
654.0000,-9.3348E+001
655.0000,-4.1007E+001
656.0000,-4.1665E+001
657.0000,-1.8648E+001
658.0000,-2.3258E+002
659.0000,-9.2157E+001
660.0000,-5.5767E+001
661.0000,-1.2561E+002
662.0000,-1.5771E+002
663.0000,-1.5129E+002
664.0000,-7.1957E+001
665.0000,-9.2370E+001
666.0000,-1.8404E+002
667.0000,-1.8852E+002
668.0000,-5.1625E+001
669.0000,-2.6426E+001
670.0000,-5.9061E+001
671.0000,-1.1127E+002
672.0000,-8.4546E+001
673.0000,-5.9578E+001
674.0000,-5.4009E+001
675.0000,-4.9950E+001
676.0000,-1.4108E+001
677.0000,-6.7324E+000
678.0000,-5.4953E+001
679.0000,-2.8087E+001
680.0000,-3.8665E+000
681.0000,-1.7474E+001
682.0000,-9.9664E+000
683.0000,-7.4754E+000
684.0000,9.6396E+000
685.0000,2.7739E+001
686.0000,-6.9428E+001
687.0000,-5.7424E+001
688.0000,-8.5540E+001
689.0000,-6.3308E+001
690.0000,-4.6474E+001
691.0000,-6.3399E+001
692.0000,-8.9780E+001
693.0000,-3.4948E+001
694.0000,-3.6146E+001
695.0000,-1.8418E+001
696.0000,-1.4282E+001
697.0000,-2.8193E+001
698.0000,1.3585E+000
699.0000,1.6956E+001
700.0000,-1.0564E+002
701.0000,-8.1876E+001
702.0000,-7.0993E+001
703.0000,-7.6507E+001
704.0000,-8.6671E+001
705.0000,-6.0416E+001
706.0000,-1.4990E+002
707.0000,-9.5543E+001
708.0000,-6.2619E+001
709.0000,-2.8138E+001
710.0000,-2.2415E+001
711.0000,-3.1296E+001
712.0000,-7.5726E+000
713.0000,-1.4372E+001
714.0000,-2.8378E+001
715.0000,-2.7213E+001
716.0000,-1.3737E+001
717.0000,-7.0370E+001
718.0000,-3.8669E+001
719.0000,-5.6075E+001
720.0000,-2.1964E+001
721.0000,-6.3678E+000
722.0000,-3.7253E+001
723.0000,-3.3369E+001
724.0000,-1.1718E+001
725.0000,-3.8382E+001
726.0000,-5.2238E+001
727.0000,-4.7719E+001
728.0000,-3.3093E+001
729.0000,-4.5430E+001
730.0000,-2.5971E+001
731.0000,-2.9594E+001
732.0000,-3.4034E+001
733.0000,-2.0486E+001
734.0000,8.0321E+000
735.0000,7.8269E+001
736.0000,-2.9531E+001
737.0000,-6.6535E+000
738.0000,-5.7098E+001
739.0000,-5.8734E+001
740.0000,-5.6016E+001
741.0000,-4.8571E+001
742.0000,-2.4817E+000
743.0000,-1.3415E+001
744.0000,-1.4434E+001
745.0000,-3.3937E+001
746.0000,-8.8775E+001
747.0000,-4.9523E+001
748.0000,-1.9558E+001
749.0000,-8.4449E+001
750.0000,0.0000E+000
751.0000,0.0000E+000
752.0000,0.0000E+000
753.0000,0.0000E+000
754.0000,0.0000E+000
755.0000,0.0000E+000
756.0000,0.0000E+000
757.0000,0.0000E+000
758.0000,0.0000E+000
759.0000,0.0000E+000
760.0000,0.0000E+000
761.0000,0.0000E+000
762.0000,0.0000E+000
763.0000,0.0000E+000
764.0000,0.0000E+000
765.0000,0.0000E+000
766.0000,0.0000E+000
767.0000,0.0000E+000
768.0000,0.0000E+000
769.0000,0.0000E+000
770.0000,0.0000E+000
771.0000,0.0000E+000
772.0000,0.0000E+000
773.0000,0.0000E+000
774.0000,0.0000E+000
775.0000,0.0000E+000
776.0000,0.0000E+000
777.0000,0.0000E+000
778.0000,0.0000E+000
779.0000,0.0000E+000
780.0000,0.0000E+000
781.0000,0.0000E+000
782.0000,0.0000E+000
783.0000,0.0000E+000
784.0000,0.0000E+000
785.0000,0.0000E+000
786.0000,0.0000E+000
787.0000,0.0000E+000
788.0000,0.0000E+000
789.0000,0.0000E+000
790.0000,0.0000E+000
791.0000,0.0000E+000
792.0000,0.0000E+000
793.0000,0.0000E+000
794.0000,0.0000E+000
795.0000,0.0000E+000
796.0000,0.0000E+000
797.0000,0.0000E+000
798.0000,0.0000E+000
799.0000,-5.9346E-001
800.0000,-3.3963E+000
801.0000,-1.2910E+000
802.0000,6.2533E+000
803.0000,4.6776E+000
804.0000,0.0000E+000
805.0000,0.0000E+000
806.0000,0.0000E+000
807.0000,0.0000E+000
808.0000,0.0000E+000
809.0000,0.0000E+000
810.0000,-2.6844E+000
811.0000,4.0893E+000
812.0000,-5.7216E-001
813.0000,-2.1791E-001
814.0000,-7.1466E-001
815.0000,2.2861E+000
816.0000,-4.5721E-001
817.0000,0.0000E+000
818.0000,-6.3270E+000
819.0000,-5.4804E+000
820.0000,-7.0909E-001
821.0000,7.9283E-001
822.0000,5.0393E-001
823.0000,0.0000E+000
824.0000,0.0000E+000
825.0000,0.0000E+000
826.0000,0.0000E+000
827.0000,0.0000E+000
828.0000,0.0000E+000
829.0000,0.0000E+000
830.0000,0.0000E+000
831.0000,0.0000E+000
832.0000,0.0000E+000
833.0000,-1.9501E+000
834.0000,-8.2744E-001
835.0000,8.1906E+000
836.0000,1.2609E+000
837.0000,1.0157E+000
838.0000,1.1225E-001
839.0000,1.6994E-001
840.0000,1.1145E+001
841.0000,2.3605E+000
842.0000,3.6225E+001
843.0000,3.1340E+001
844.0000,-4.2889E+000
845.0000,-3.3790E+000
846.0000,-3.9908E-001
847.0000,1.0585E+001
848.0000,6.6078E+000
849.0000,3.4198E+000
850.0000,-3.8080E+001
851.0000,-1.1894E+001
852.0000,-5.1687E+001
853.0000,-5.5618E+001
854.0000,-3.9874E+001
855.0000,-6.0092E+001
856.0000,-1.1673E+001
857.0000,-3.0031E+001
858.0000,-1.6019E+001
859.0000,5.1110E+000
860.0000,2.0329E+001
861.0000,-3.5835E+001
862.0000,-1.0288E+002
863.0000,-7.5248E+001
864.0000,-7.8117E+001
865.0000,5.8204E+000
866.0000,-2.9883E+001
867.0000,-6.6608E+001
868.0000,-6.5413E+001
869.0000,-2.1137E+001
870.0000,-6.6262E+001
871.0000,-3.7349E+001
872.0000,-1.5522E+001
873.0000,-1.6592E+001
874.0000,-3.4107E+001
875.0000,-5.5981E+001
876.0000,-2.5003E+001
877.0000,-5.9455E+001
878.0000,-1.2565E+002
879.0000,-6.7093E+001
880.0000,-2.3556E+001
881.0000,-3.4763E+001
882.0000,-3.5296E+001
883.0000,-4.3823E+001
884.0000,-1.1069E+002
885.0000,-5.8569E+001
886.0000,-1.6759E+002
887.0000,-1.1104E+002
888.0000,-6.7018E+001
889.0000,-2.1667E+001
890.0000,-6.0050E+001
891.0000,-8.8446E+001
892.0000,-7.5810E+001
893.0000,-9.6697E+001
894.0000,-1.2707E+002
895.0000,-8.3385E+001
896.0000,-6.7560E+001
897.0000,-9.4439E+001
898.0000,-1.0118E+002
899.0000,-7.5669E+001
900.0000,-1.0949E+002
901.0000,-2.0740E+002
902.0000,-1.6011E+002
903.0000,-1.9795E+002
904.0000,-1.2937E+002
905.0000,-6.8078E+001
906.0000,-6.3640E+001
907.0000,-6.7858E+001
908.0000,-7.3841E+001
909.0000,-1.5062E+002
910.0000,-1.7385E+002
911.0000,-1.8052E+002
912.0000,-1.9899E+002
913.0000,-1.1708E+002
914.0000,-1.1740E+002
915.0000,-6.1752E+001
916.0000,-5.4571E+001
917.0000,-9.5414E+001
918.0000,-7.8958E+001
919.0000,-4.4787E+001
920.0000,-4.3065E+001
921.0000,-8.8424E+001
922.0000,-1.2038E+002
923.0000,-1.6550E+002
924.0000,-1.2898E+002
925.0000,-1.7073E+002
926.0000,-1.0003E+002
927.0000,-1.3411E+002
928.0000,-7.4250E+001
929.0000,-6.3600E+001
930.0000,-9.1701E+001
931.0000,-2.0445E+002
932.0000,-1.2607E+002
933.0000,-1.1739E+002
934.0000,-6.0066E+001
935.0000,-9.4251E+001
936.0000,-8.7541E+001
937.0000,-8.6592E+001
938.0000,-1.0848E+002
939.0000,-7.6479E+001
940.0000,-7.0878E+001
941.0000,-1.3689E+002
942.0000,-1.0429E+002
943.0000,-9.9952E+001
944.0000,-1.3798E+002
945.0000,-1.3248E+002
946.0000,-1.6952E+002
947.0000,-1.6269E+002
948.0000,-5.1801E+001
949.0000,-8.5591E+001
950.0000,-1.4985E+002
951.0000,-1.2291E+002
952.0000,-1.4284E+002
953.0000,-1.1447E+002
954.0000,-1.1681E+002
955.0000,-1.7903E+002
956.0000,-1.4567E+002
957.0000,-7.9472E+001
958.0000,-9.2867E+001
959.0000,-2.1715E+002
960.0000,-1.5578E+002
961.0000,-9.2865E+001
962.0000,-1.0464E+002
963.0000,-9.5818E+001
964.0000,-1.2886E+002
965.0000,-9.9947E+001
966.0000,-4.9319E+001
967.0000,-7.6860E+001
968.0000,-8.9992E+001
969.0000,-6.9300E+001
970.0000,-1.0864E+002
971.0000,-7.1312E+001
972.0000,-1.0310E+002
973.0000,-2.0005E+002
974.0000,-1.2071E+002
975.0000,-1.4517E+002
976.0000,-1.5779E+002
977.0000,-1.3953E+002
978.0000,-8.9538E+001
979.0000,-9.6420E+001
980.0000,-9.4873E+001
981.0000,-2.9966E+001
982.0000,-4.6226E+001
983.0000,-5.7257E+001
984.0000,-1.6141E+002
985.0000,-1.0277E+002
986.0000,-1.2626E+002
987.0000,-8.7300E+001
988.0000,-1.3119E+002
989.0000,-9.1500E+001
990.0000,-7.4866E+001
991.0000,-7.0807E+001
992.0000,-6.1182E+001
993.0000,-3.3673E+001
994.0000,-7.7987E+001
995.0000,-1.2610E+002
996.0000,-1.1307E+002
997.0000,-8.6400E+001
998.0000,-5.4429E+001
999.0000,-2.0843E+001
1000.0000,-5.3998E+001
1001.0000,-1.5325E+002
1002.0000,-6.8358E+001
1003.0000,-8.0686E+001
1004.0000,-9.0084E+001
1005.0000,-7.6153E+001
1006.0000,-3.8578E+001
1007.0000,-3.0502E+001
1008.0000,-3.3770E+001
1009.0000,-7.5149E+001
1010.0000,-5.9109E+001
1011.0000,-6.0148E+001
1012.0000,-1.0096E+002
1013.0000,-6.5307E+001
1014.0000,-5.4919E+001
1015.0000,-1.8424E+002
1016.0000,-1.2048E+002
1017.0000,-1.2606E+002
1018.0000,-1.0450E+002
1019.0000,-5.5888E+001
1020.0000,-2.7790E+001
1021.0000,-1.4827E+001
1022.0000,-2.3163E+001
1023.0000,-9.6250E+001
1024.0000,-4.7127E+001
1025.0000,-5.5254E+001
1026.0000,-4.0986E+001
1027.0000,-7.3585E+001
1028.0000,-7.8171E+001
1029.0000,-6.2147E+001
1030.0000,-1.4106E+002
1031.0000,-1.3890E+002
1032.0000,-8.9089E+001
1033.0000,-6.8796E+001
1034.0000,-1.0057E+002
1035.0000,-9.4500E+001
1036.0000,-1.0508E+002
1037.0000,-1.4887E+002
1038.0000,-5.3279E+001
1039.0000,-8.4837E+001
1040.0000,-9.8404E+001
1041.0000,-9.2428E+001
1042.0000,-6.0097E+001
1043.0000,-8.9322E+001
1044.0000,-1.2106E+002
1045.0000,-5.8407E+001
1046.0000,-4.6520E+001
1047.0000,-5.8707E+001
1048.0000,-1.6545E+001
1049.0000,-1.1254E+002
1050.0000,-1.4528E+002
1051.0000,-5.9743E+001
1052.0000,-7.1545E+001
1053.0000,-7.3536E+001
1054.0000,-2.7186E+001
1055.0000,-7.1191E+000
1056.0000,-1.1209E+002
1057.0000,-9.9939E+001
1058.0000,-7.7629E+001
1059.0000,-4.2267E+001
1060.0000,-1.6223E+001
1061.0000,-7.7265E+001
1062.0000,-6.3966E+001
1063.0000,-9.7056E+001
1064.0000,-1.2871E+002
1065.0000,-6.8195E+001
1066.0000,-3.9642E+001
1067.0000,-1.1216E+002
1068.0000,-5.9842E+001
1069.0000,-7.3931E+001
1070.0000,-5.2524E+001
1071.0000,-4.7920E+001
1072.0000,-4.2282E+001
1073.0000,-2.1086E+001
1074.0000,-2.9528E+001
1075.0000,-2.9091E+001
1076.0000,-3.8886E+001
1077.0000,-3.2228E+001
1078.0000,-6.5552E+001
1079.0000,-6.6394E+001
1080.0000,-8.4285E+001
1081.0000,-5.2445E+001
1082.0000,-2.7571E+001
1083.0000,-1.3344E+001
1084.0000,-1.9477E+001
1085.0000,-2.4778E+001
1086.0000,-1.5624E+001
1087.0000,-2.7812E+001
1088.0000,-4.5166E+001
1089.0000,-1.8806E+001
1090.0000,-1.5022E+001
1091.0000,-1.2698E+001
1092.0000,-7.8637E+000
1093.0000,-2.3170E+001
1094.0000,-9.2060E+000
1095.0000,0.0000E+000
1096.0000,0.0000E+000
1097.0000,0.0000E+000
1098.0000,0.0000E+000
1099.0000,0.0000E+000
1100.0000,0.0000E+000
1101.0000,6.7550E-001
1102.0000,4.1088E+000
1103.0000,8.5972E+000
1104.0000,0.0000E+000
1105.0000,0.0000E+000
1106.0000,0.0000E+000
1107.0000,0.0000E+000
1108.0000,0.0000E+000
1109.0000,0.0000E+000
1110.0000,0.0000E+000
1111.0000,0.0000E+000
1112.0000,0.0000E+000
1113.0000,0.0000E+000
1114.0000,0.0000E+000
1115.0000,0.0000E+000
1116.0000,0.0000E+000
1117.0000,0.0000E+000
1118.0000,0.0000E+000
1119.0000,0.0000E+000
1120.0000,0.0000E+000
1121.0000,0.0000E+000
1122.0000,0.0000E+000
1123.0000,0.0000E+000
1124.0000,0.0000E+000
1125.0000,0.0000E+000
1126.0000,0.0000E+000
1127.0000,0.0000E+000
1128.0000,0.0000E+000
1129.0000,0.0000E+000
1130.0000,0.0000E+000
1131.0000,0.0000E+000
1132.0000,0.0000E+000
1133.0000,0.0000E+000
1134.0000,0.0000E+000
1135.0000,0.0000E+000
1136.0000,0.0000E+000
1137.0000,0.0000E+000
1138.0000,0.0000E+000
1139.0000,0.0000E+000
1140.0000,0.0000E+000
1141.0000,0.0000E+000
1142.0000,0.0000E+000
1143.0000,6.1599E+000
1144.0000,0.0000E+000
1145.0000,0.0000E+000
1146.0000,0.0000E+000
1147.0000,0.0000E+000
1148.0000,0.0000E+000
1149.0000,0.0000E+000
1150.0000,0.0000E+000
1151.0000,0.0000E+000
1152.0000,0.0000E+000
1153.0000,0.0000E+000
1154.0000,0.0000E+000
1155.0000,0.0000E+000
1156.0000,0.0000E+000
1157.0000,0.0000E+000
1158.0000,1.6699E-001
1159.0000,3.3135E-001
1160.0000,0.0000E+000
1161.0000,0.0000E+000
1162.0000,0.0000E+000
1163.0000,0.0000E+000
1164.0000,0.0000E+000
1165.0000,0.0000E+000
1166.0000,0.0000E+000
1167.0000,0.0000E+000
1168.0000,0.0000E+000
1169.0000,0.0000E+000
1170.0000,0.0000E+000
1171.0000,0.0000E+000
1172.0000,0.0000E+000
1173.0000,0.0000E+000
1174.0000,-3.5459E-001
1175.0000,0.0000E+000
1176.0000,0.0000E+000
1177.0000,0.0000E+000
1178.0000,0.0000E+000
1179.0000,0.0000E+000
1180.0000,-5.4219E+000
1181.0000,0.0000E+000
1182.0000,0.0000E+000
1183.0000,0.0000E+000
1184.0000,0.0000E+000
1185.0000,0.0000E+000
1186.0000,1.5632E+001
1187.0000,-5.8027E+000
1188.0000,0.0000E+000
1189.0000,-1.2008E+000
1190.0000,4.6386E-001
1191.0000,-7.6262E-001
1192.0000,-2.0378E+000
1193.0000,-1.6353E+000
1194.0000,3.3785E-001
1195.0000,3.5789E+000
1196.0000,1.1932E-001
1197.0000,6.2316E+000
1198.0000,-7.3283E-001
1199.0000,-5.6921E+000
1200.0000,-3.5475E+000
1201.0000,-4.0504E-001
1202.0000,7.6303E-001
1203.0000,1.1515E+001
1204.0000,1.5846E+001
1205.0000,6.8212E+000
1206.0000,2.2104E+000
1207.0000,5.9947E+000
1208.0000,1.4813E+001
1209.0000,9.9657E+000
1210.0000,-6.1820E+000
1211.0000,-1.1540E+001
1212.0000,-1.2123E+001
1213.0000,-9.7265E+000
1214.0000,3.5243E+000
1215.0000,-6.8924E+001
1216.0000,-3.9897E+001
1217.0000,-1.3860E+001
1218.0000,-1.4372E+001
1219.0000,-1.0527E+001
1220.0000,-1.2283E+001
1221.0000,-9.6496E+000
1222.0000,-3.3442E+001
1223.0000,-2.1857E+001
1224.0000,-2.2862E+001
1225.0000,-4.6485E+001
1226.0000,-3.0091E+001
1227.0000,-9.3200E+001
1228.0000,-6.6083E+001
1229.0000,-8.8000E+000
1230.0000,-2.6827E+001
1231.0000,-3.1666E+001
1232.0000,-5.3919E+001
1233.0000,-6.4846E+001
1234.0000,-9.6235E+001
1235.0000,-9.3159E+001
1236.0000,-4.9075E+001
1237.0000,-4.9833E+001
1238.0000,-7.2969E+001
1239.0000,-7.0161E+001
1240.0000,-4.4013E+001
1241.0000,-5.7947E+001
1242.0000,1.2275E+001
1243.0000,-1.2544E+002
1244.0000,-9.9018E+001
1245.0000,-4.0233E+001
1246.0000,-4.5558E+001
1247.0000,-2.4876E+001
1248.0000,-8.3992E+001
1249.0000,-5.2540E+001
1250.0000,-2.9118E+001
1251.0000,-3.7367E+001
1252.0000,-4.8808E+001
1253.0000,-3.2080E+000
1254.0000,-1.1518E+000
1255.0000,-8.9261E+000
1256.0000,-2.0629E+001
1257.0000,-1.3553E+002
1258.0000,-1.8278E+002
1259.0000,-8.7978E+001
1260.0000,-7.2508E+001
1261.0000,-6.1343E+001
1262.0000,-1.1351E+002
1263.0000,-1.1046E+002
1264.0000,-1.4405E+002
1265.0000,-1.0859E+002
1266.0000,-9.6991E+001
1267.0000,-9.7718E+001
1268.0000,-1.0196E+002
1269.0000,-6.5599E+001
1270.0000,-8.7628E+001
1271.0000,-1.2400E+002
1272.0000,-1.0899E+002
1273.0000,-4.9040E+001
1274.0000,-5.1043E+001
1275.0000,-7.5043E+001
1276.0000,-9.0966E+001
1277.0000,-7.8337E+001
1278.0000,-8.8701E+001
1279.0000,-2.0251E+002
1280.0000,-9.2735E+001
1281.0000,-6.3688E+001
1282.0000,-7.6102E+001
1283.0000,-8.3618E+001
1284.0000,-7.8378E+001
1285.0000,-8.5202E+001
1286.0000,-1.5705E+002
1287.0000,-1.3281E+002
1288.0000,-7.3831E+001
1289.0000,-2.0857E+002
1290.0000,-1.2420E+002
1291.0000,-1.4049E+002
1292.0000,-9.3454E+001
1293.0000,-1.0606E+002
1294.0000,-9.5370E+001
1295.0000,-1.2585E+002
1296.0000,-6.3936E+001
1297.0000,-7.8898E+001
1298.0000,-7.4306E+001
1299.0000,-1.3914E+002
1300.0000,-1.0947E+002
1301.0000,-1.2896E+002
1302.0000,-1.2696E+002
1303.0000,-1.2342E+002
1304.0000,-1.0925E+002
1305.0000,-1.0993E+002
1306.0000,-8.9047E+001
1307.0000,-8.4600E+001
1308.0000,-9.5643E+001
1309.0000,-8.0688E+001
1310.0000,-9.0458E+001
1311.0000,-1.5133E+002
1312.0000,-8.4123E+001
1313.0000,-9.7838E+001
1314.0000,-6.8011E+001
1315.0000,-6.4364E+001
1316.0000,-9.1668E+001
1317.0000,-6.7682E+001
1318.0000,-7.5218E+001
1319.0000,-1.1967E+002
1320.0000,-1.0546E+002
1321.0000,-8.6029E+001
1322.0000,-7.1417E+001
1323.0000,-8.8428E+001
1324.0000,-1.3429E+002
1325.0000,-9.9098E+001
1326.0000,-1.1456E+002
1327.0000,-1.8442E+002
1328.0000,-1.0467E+002
1329.0000,-6.3763E+001
1330.0000,-1.0228E+002
1331.0000,-1.1364E+002
1332.0000,-9.1723E+001
1333.0000,-2.3550E+002
1334.0000,-1.3350E+002
1335.0000,-7.0313E+001
1336.0000,-8.0160E+001
1337.0000,-9.2471E+001
1338.0000,-1.5491E+002
1339.0000,-1.8621E+002
1340.0000,-1.3627E+002
1341.0000,-6.4495E+001
1342.0000,-7.2403E+001
1343.0000,-8.4402E+001
1344.0000,-9.1261E+001
1345.0000,-1.0925E+002
1346.0000,-1.4193E+002
1347.0000,-1.1431E+002
1348.0000,-1.4172E+002
1349.0000,-9.8905E+001
1350.0000,-1.4763E+002
1351.0000,-4.2156E+001
1352.0000,-5.2127E+001
1353.0000,-9.7481E+001
1354.0000,-1.1195E+002
1355.0000,-8.7841E+001
1356.0000,-1.2599E+002
1357.0000,-1.0431E+002
1358.0000,-1.1131E+002
1359.0000,-5.4808E+001
1360.0000,-9.9916E+001
1361.0000,-8.3029E+001
1362.0000,-6.7424E+001
1363.0000,-6.2911E+001
1364.0000,-9.0259E+001
1365.0000,-2.6887E+001
1366.0000,-1.4960E+001
1367.0000,-7.2086E+001
1368.0000,-4.6432E+001
1369.0000,-7.7011E+001
1370.0000,-8.6083E+001
1371.0000,-1.0743E+002
1372.0000,-1.7250E+002
1373.0000,-7.8872E+001
1374.0000,-9.9488E+001
1375.0000,-1.4804E+002
1376.0000,-6.3383E+001
1377.0000,-7.5107E+001
1378.0000,-9.6304E+001
1379.0000,-7.0682E+001
1380.0000,-5.6617E+001
1381.0000,-3.5317E+001
1382.0000,-5.7914E+001
1383.0000,-4.6614E+001
1384.0000,-4.3605E+001
1385.0000,-1.2485E+002
1386.0000,-1.2020E+002
1387.0000,-1.2110E+002
1388.0000,-8.9513E+001
1389.0000,-6.8918E+001
1390.0000,-1.2508E+002
1391.0000,-1.1748E+002
1392.0000,-7.1420E+001
1393.0000,-8.6235E+001
1394.0000,-3.2792E+001
1395.0000,-4.5163E+001
1396.0000,-6.6897E+001
1397.0000,-1.6771E+002
1398.0000,-1.5426E+002
1399.0000,-7.7655E+001
1400.0000,-6.5612E+001
1401.0000,-8.4498E+001
1402.0000,-8.7549E+001
1403.0000,-3.3195E+001
1404.0000,-1.4628E+001
1405.0000,-1.1858E+001
1406.0000,-3.3526E+000
1407.0000,-4.9610E+000
1408.0000,-3.2794E+001
1409.0000,-7.4840E+001
1410.0000,-1.2596E+002
1411.0000,-6.3907E+001
1412.0000,-6.4056E+001
1413.0000,-1.7153E+001
1414.0000,6.9451E+000
1415.0000,-3.5565E+001
1416.0000,-1.1675E+002
1417.0000,-9.0510E+001
1418.0000,-1.5458E+002
1419.0000,-1.2388E+002
1420.0000,-1.1096E+002
1421.0000,-1.4753E+002
1422.0000,-1.3513E+002
1423.0000,-5.0952E+001
1424.0000,-4.0635E+001
1425.0000,-3.9151E+001
1426.0000,-3.9635E+001
1427.0000,-4.7301E+001
1428.0000,-5.2992E+001
1429.0000,-3.0230E+001
1430.0000,-1.8290E+001
1431.0000,-5.5168E+001
1432.0000,-4.1627E+001
1433.0000,-5.3991E+001
1434.0000,-5.9999E+001
1435.0000,-4.6667E+001
1436.0000,-4.4154E+001
1437.0000,-1.3199E+002
1438.0000,-6.7829E+001
1439.0000,1.3577E+001
1440.0000,-2.4297E+001
1441.0000,-2.7665E+001
1442.0000,-7.7493E+001
1443.0000,-5.2706E+001
1444.0000,-1.9944E+001
1445.0000,-3.1098E+001
1446.0000,-2.5198E+001
1447.0000,-3.7549E+001
1448.0000,-3.1566E+001
1449.0000,-5.1269E+001
1450.0000,-4.4361E+001
1451.0000,-8.7025E+001
1452.0000,-5.5389E+001
1453.0000,-4.0209E+001
1454.0000,-2.4158E+001
1455.0000,0.0000E+000
1456.0000,0.0000E+000
1457.0000,6.5098E+000
1458.0000,0.0000E+000
1459.0000,0.0000E+000
1460.0000,0.0000E+000
1461.0000,0.0000E+000
1462.0000,0.0000E+000
1463.0000,0.0000E+000
1464.0000,0.0000E+000
1465.0000,0.0000E+000
1466.0000,0.0000E+000
1467.0000,0.0000E+000
1468.0000,0.0000E+000
1469.0000,0.0000E+000
1470.0000,0.0000E+000
1471.0000,0.0000E+000
1472.0000,0.0000E+000
1473.0000,0.0000E+000
1474.0000,0.0000E+000
1475.0000,0.0000E+000
1476.0000,0.0000E+000
1477.0000,0.0000E+000
1478.0000,0.0000E+000
1479.0000,0.0000E+000
1480.0000,0.0000E+000
1481.0000,0.0000E+000
1482.0000,0.0000E+000
1483.0000,0.0000E+000
1484.0000,0.0000E+000
1485.0000,0.0000E+000
1486.0000,0.0000E+000
1487.0000,0.0000E+000
1488.0000,0.0000E+000
1489.0000,0.0000E+000
1490.0000,0.0000E+000
1491.0000,0.0000E+000
1492.0000,0.0000E+000
1493.0000,0.0000E+000
1494.0000,0.0000E+000
1495.0000,0.0000E+000
1496.0000,0.0000E+000
1497.0000,0.0000E+000
1498.0000,0.0000E+000
1499.0000,-2.8669E+000
1500.0000,0.0000E+000
1501.0000,0.0000E+000
1502.0000,-4.7624E-001
1503.0000,2.0676E+000
1504.0000,0.0000E+000
1505.0000,0.0000E+000
1506.0000,0.0000E+000
1507.0000,0.0000E+000
1508.0000,0.0000E+000
1509.0000,0.0000E+000
1510.0000,0.0000E+000
1511.0000,0.0000E+000
1512.0000,0.0000E+000
1513.0000,0.0000E+000
1514.0000,0.0000E+000
1515.0000,0.0000E+000
1516.0000,0.0000E+000
1517.0000,0.0000E+000
1518.0000,-7.8064E-001
1519.0000,0.0000E+000
1520.0000,0.0000E+000
1521.0000,0.0000E+000
1522.0000,0.0000E+000
1523.0000,0.0000E+000
1524.0000,0.0000E+000
1525.0000,-3.6796E+000
1526.0000,2.2893E+000
1527.0000,1.7656E+000
1528.0000,0.0000E+000
1529.0000,0.0000E+000
1530.0000,5.2115E-001
1531.0000,0.0000E+000
1532.0000,0.0000E+000
1533.0000,0.0000E+000
1534.0000,-1.5940E+000
1535.0000,-8.4807E-001
1536.0000,0.0000E+000
1537.0000,4.3345E-001
1538.0000,9.9500E-001
1539.0000,0.0000E+000
1540.0000,0.0000E+000
1541.0000,0.0000E+000
1542.0000,0.0000E+000
1543.0000,0.0000E+000
1544.0000,0.0000E+000
1545.0000,-1.8790E+000
1546.0000,7.4138E-001
1547.0000,7.3637E-001
1548.0000,1.3347E+000
1549.0000,8.7885E-001
1550.0000,-1.5125E+000
1551.0000,-6.5167E-001
1552.0000,1.8787E+000
1553.0000,6.9687E+000
1554.0000,4.4941E+000
1555.0000,-2.6159E+000
1556.0000,5.1168E-002
1557.0000,6.6550E-001
1558.0000,0.0000E+000
1559.0000,-4.8676E+000
1560.0000,-1.3045E+000
1561.0000,6.0241E-001
1562.0000,0.0000E+000
1563.0000,0.0000E+000
1564.0000,-1.5445E+000
1565.0000,-1.1910E+000
1566.0000,-1.0892E+000
1567.0000,-1.3966E+001
1568.0000,-1.0886E+001
1569.0000,-4.9122E+000
1570.0000,-2.3407E+001
1571.0000,7.3400E+000
1572.0000,1.4645E+001
1573.0000,-1.1028E+001
1574.0000,-1.7666E+001
1575.0000,1.8691E+001
1576.0000,3.2432E+001
1577.0000,1.9640E+001
1578.0000,3.0240E+001
1579.0000,-5.4676E+001
1580.0000,-2.2784E+001
1581.0000,-1.8245E+001
1582.0000,-1.5864E+001
1583.0000,-3.3097E+001
1584.0000,-1.1084E+001
1585.0000,-1.0725E+001
1586.0000,-7.0689E+000
1587.0000,1.4884E-001
1588.0000,-6.6541E+000
1589.0000,3.5093E+000
1590.0000,-5.1147E+001
1591.0000,-7.0530E+001
1592.0000,-2.8597E+001
1593.0000,-2.3229E+001
1594.0000,-6.3432E+001
1595.0000,-4.0437E+000
1596.0000,-1.4102E+001
1597.0000,-4.0426E+001
1598.0000,-9.3365E+001
1599.0000,-6.3024E+001
1600.0000,-4.5474E+001
1601.0000,-7.7186E+001
1602.0000,-8.3408E+001
1603.0000,-2.9334E+001
1604.0000,-5.0924E+001
1605.0000,-8.6860E+001
1606.0000,-9.6172E+001
1607.0000,-9.8490E+001
1608.0000,-6.5671E+001
1609.0000,-5.7784E+001
1610.0000,-5.0039E+001
1611.0000,-9.8625E+001
1612.0000,-1.5851E+002
1613.0000,-6.1469E+001
1614.0000,-6.2063E+001
1615.0000,-6.4094E+001
1616.0000,-5.4341E+001
1617.0000,-5.0902E+001
1618.0000,-1.1453E+002
1619.0000,-1.0370E+002
1620.0000,-9.1167E+001
1621.0000,-6.3430E+001
1622.0000,-6.0256E+001
1623.0000,-3.0367E+001
1624.0000,-4.4938E+001
1625.0000,-4.0999E+001
1626.0000,-6.6956E+001
1627.0000,-7.6199E+001
1628.0000,-9.8123E+001
1629.0000,-1.2737E+002
1630.0000,-3.8512E+001
1631.0000,-4.0364E+001
1632.0000,-6.3208E+001
1633.0000,-1.0881E+002
1634.0000,-8.7866E+001
1635.0000,-3.0652E+001
1636.0000,-3.9463E+000
1637.0000,-2.6085E+001
1638.0000,-4.0210E+001
1639.0000,-5.0531E+001
1640.0000,-3.0810E+001
1641.0000,-6.6059E+001
1642.0000,-8.1463E+001
1643.0000,-6.3802E+001
1644.0000,-5.2446E+001
1645.0000,-1.0102E+002
1646.0000,-1.8219E+002
1647.0000,-6.3909E+001
1648.0000,-5.1155E+001
1649.0000,-5.5369E+001
1650.0000,-7.7481E+001
1651.0000,-6.7249E+001
1652.0000,-1.2766E+002
1653.0000,-1.1814E+002
1654.0000,-1.5590E+002
1655.0000,-1.5604E+002
1656.0000,-1.3426E+002
1657.0000,-8.4812E+001
1658.0000,-5.7282E+001
1659.0000,-5.4346E+001
1660.0000,-1.3947E+002
1661.0000,-7.5420E+001
1662.0000,-7.2586E+001
1663.0000,-5.8007E+001
1664.0000,-6.6491E+001
1665.0000,-1.0745E+002
1666.0000,-8.1209E+001
1667.0000,-1.1642E+002
1668.0000,-9.3521E+001
1669.0000,-8.1625E+001
1670.0000,-8.3462E+001
1671.0000,-7.8416E+001
1672.0000,-7.8322E+001
1673.0000,-8.2490E+001
1674.0000,-1.2064E+002
1675.0000,-8.7932E+001
1676.0000,-1.1501E+002
1677.0000,-1.0919E+002
1678.0000,-1.3107E+002
1679.0000,-1.8752E+002
1680.0000,-1.1125E+002
1681.0000,-1.3559E+002
1682.0000,-6.8483E+001
1683.0000,-5.9152E+001
1684.0000,-6.9538E+001
1685.0000,-8.2976E+001
1686.0000,-7.6967E+001
1687.0000,-9.0780E+001
1688.0000,-7.7296E+001
1689.0000,-7.2397E+001
1690.0000,-1.1046E+002
1691.0000,-1.3774E+002
1692.0000,-7.6943E+001
1693.0000,-9.9103E+001
1694.0000,-9.3475E+001
1695.0000,-5.3854E+001
1696.0000,-8.8765E+001
1697.0000,-9.7051E+001
1698.0000,-1.4983E+002
1699.0000,-1.9853E+002
1700.0000,-8.4329E+001
1701.0000,-8.4616E+001
1702.0000,-9.0957E+001
1703.0000,-1.6628E+002
1704.0000,-1.3629E+002
1705.0000,-9.6435E+001
1706.0000,-8.3281E+001
1707.0000,-8.5793E+001
1708.0000,-1.1668E+002
1709.0000,-1.3545E+002
1710.0000,-9.1923E+001
1711.0000,-7.3855E+001
1712.0000,-1.2469E+002
1713.0000,-1.4731E+002
1714.0000,-1.0696E+002
1715.0000,-7.9121E+001
1716.0000,-5.6727E+001
1717.0000,-1.1705E+002
1718.0000,-9.9189E+001
1719.0000,-1.0055E+002
1720.0000,-8.8689E+001
1721.0000,-1.4351E+002
1722.0000,-2.2603E+002
1723.0000,-8.2273E+001
1724.0000,-5.4144E+001
1725.0000,-7.9308E+001
1726.0000,-5.7097E+001
1727.0000,-5.3025E+001
1728.0000,-1.5684E+002
1729.0000,-9.6168E+001
1730.0000,-1.0005E+002
1731.0000,-5.4256E+001
1732.0000,-1.2175E+002
1733.0000,-1.3115E+002
1734.0000,-1.5275E+002
1735.0000,-7.6310E+001
1736.0000,-6.9002E+001
1737.0000,-2.1324E+001
1738.0000,-8.0150E+001
1739.0000,-1.2636E+002
1740.0000,-8.4598E+001
1741.0000,-1.7817E+002
1742.0000,-6.3483E+001
1743.0000,-5.6538E+001
1744.0000,-1.1767E+002
1745.0000,-1.1016E+002
1746.0000,-7.3645E+001
1747.0000,-1.4466E+002
1748.0000,-8.9600E+001
1749.0000,-1.4726E+002
1750.0000,-9.3903E+001
1751.0000,-1.0629E+002
1752.0000,-1.0335E+002
1753.0000,-6.4166E+001
1754.0000,-3.8006E+001
1755.0000,-2.6026E+001
1756.0000,-8.1796E+001
1757.0000,-8.0555E+001
1758.0000,-5.4891E+001
1759.0000,-8.0481E+001
1760.0000,-5.6751E+001
1761.0000,-5.3537E+001
1762.0000,-4.7373E+001
1763.0000,-4.8095E+001
1764.0000,-6.0831E+001
1765.0000,-6.8292E+001
1766.0000,-5.7055E+001
1767.0000,-4.2776E+001
1768.0000,-1.1011E+002
1769.0000,-4.7718E+001
1770.0000,-8.5490E+001
1771.0000,-6.0957E+001
1772.0000,-5.6287E+001
1773.0000,-4.2615E+001
1774.0000,-2.3643E+001
1775.0000,-5.8840E+001
1776.0000,-6.0271E+001
1777.0000,-6.8065E+001
1778.0000,-3.6686E+001
1779.0000,-3.3145E+000
1780.0000,-4.5955E+001
1781.0000,-7.4738E+001
1782.0000,-3.3410E+001
1783.0000,-2.7578E+001
1784.0000,-1.4848E+001
1785.0000,-6.3613E+001
1786.0000,-4.0149E+001
1787.0000,-4.3404E+001
1788.0000,-2.9194E+001
1789.0000,-2.0177E+001
1790.0000,-1.5098E+001
1791.0000,-3.0030E+001
1792.0000,-1.2501E+002
1793.0000,-7.7479E+001
1794.0000,-2.9825E+001
1795.0000,-6.3603E+001
1796.0000,-4.3992E+001
1797.0000,-5.3517E+000
1798.0000,-5.2228E+001
1799.0000,-3.4376E+001
1800.0000,-8.9133E+001
1801.0000,-5.7008E+001
1802.0000,-5.4296E+001
1803.0000,-6.6728E+001
1804.0000,-6.7677E+001
1805.0000,-1.5960E+002
1806.0000,-1.3558E+002
1807.0000,-6.3732E+001
1808.0000,-2.1918E+001
1809.0000,-1.9109E+001
1810.0000,-9.9684E+001
1811.0000,-1.2564E+002
1812.0000,-8.2824E+001
1813.0000,-5.6047E+001
1814.0000,-8.3278E+001
1815.0000,-9.6682E+001
1816.0000,-8.0149E+001
1817.0000,-7.3587E+001
1818.0000,-3.6315E+001
1819.0000,0.0000E+000
1820.0000,0.0000E+000
1821.0000,1.5549E+000
1822.0000,0.0000E+000
1823.0000,0.0000E+000
1824.0000,0.0000E+000
1825.0000,0.0000E+000
1826.0000,0.0000E+000
1827.0000,0.0000E+000
1828.0000,0.0000E+000
1829.0000,0.0000E+000
1830.0000,0.0000E+000
1831.0000,0.0000E+000
1832.0000,0.0000E+000
1833.0000,0.0000E+000
1834.0000,0.0000E+000
1835.0000,0.0000E+000
1836.0000,0.0000E+000
1837.0000,0.0000E+000
1838.0000,0.0000E+000
1839.0000,0.0000E+000
1840.0000,0.0000E+000
1841.0000,0.0000E+000
1842.0000,0.0000E+000
1843.0000,0.0000E+000
1844.0000,0.0000E+000
1845.0000,0.0000E+000
1846.0000,0.0000E+000
1847.0000,0.0000E+000
1848.0000,0.0000E+000
1849.0000,0.0000E+000
1850.0000,6.8449E+000
1851.0000,-1.7437E+000
1852.0000,0.0000E+000
1853.0000,0.0000E+000
1854.0000,0.0000E+000
1855.0000,0.0000E+000
1856.0000,0.0000E+000
1857.0000,0.0000E+000
1858.0000,0.0000E+000
1859.0000,0.0000E+000
1860.0000,0.0000E+000
1861.0000,0.0000E+000
1862.0000,0.0000E+000
1863.0000,0.0000E+000
1864.0000,0.0000E+000
1865.0000,0.0000E+000
1866.0000,0.0000E+000
1867.0000,0.0000E+000
1868.0000,0.0000E+000
1869.0000,0.0000E+000
1870.0000,0.0000E+000
1871.0000,0.0000E+000
1872.0000,0.0000E+000
1873.0000,0.0000E+000
1874.0000,0.0000E+000
1875.0000,0.0000E+000
1876.0000,0.0000E+000
1877.0000,0.0000E+000
1878.0000,0.0000E+000
1879.0000,0.0000E+000
1880.0000,0.0000E+000
1881.0000,1.4192E+000
1882.0000,1.0413E+000
1883.0000,0.0000E+000
1884.0000,0.0000E+000
1885.0000,0.0000E+000
1886.0000,-2.3288E+000
1887.0000,-1.6937E+000
1888.0000,0.0000E+000
1889.0000,0.0000E+000
1890.0000,0.0000E+000
1891.0000,-3.2204E+000
1892.0000,-2.0284E+000
1893.0000,-3.3190E+000
1894.0000,-1.5920E+000
1895.0000,-1.5052E-001
1896.0000,-2.1914E-001
1897.0000,-5.3545E+000
1898.0000,1.3971E-001
1899.0000,9.4549E-001
1900.0000,-2.5328E+000
1901.0000,4.1216E-001
1902.0000,5.2610E-003
1903.0000,1.5756E+000
1904.0000,3.1569E+000
1905.0000,5.8738E-001
1906.0000,1.4544E+000
1907.0000,2.9185E+000
1908.0000,-2.3674E+000
1909.0000,-1.8129E+000
1910.0000,0.0000E+000
1911.0000,0.0000E+000
1912.0000,0.0000E+000
1913.0000,4.7238E+000
1914.0000,2.9329E+000
1915.0000,6.8196E+000
1916.0000,1.7107E+000
1917.0000,1.6492E+001
1918.0000,3.1107E+001
1919.0000,1.2152E+001
1920.0000,1.3077E+000
1921.0000,9.4465E+000
1922.0000,3.6022E+001
1923.0000,1.3537E+001
1924.0000,2.9784E+000
1925.0000,-7.0387E+001
1926.0000,-4.5167E+001
1927.0000,-3.8172E+001
1928.0000,-2.6115E+001
1929.0000,-3.0737E+001
1930.0000,-3.4833E+001
1931.0000,-3.4460E+001
1932.0000,-2.1368E+001
1933.0000,-2.3580E+001
1934.0000,-4.7187E+001
1935.0000,-2.5782E+001
1936.0000,-1.4267E+001
1937.0000,-1.0051E+001
1938.0000,-4.4613E+001
1939.0000,-3.9632E+001
1940.0000,-1.4199E+001
1941.0000,-9.1201E+000
1942.0000,-1.0693E+001
1943.0000,-9.6889E+001
1944.0000,-1.1127E+002
1945.0000,-9.0645E+001
1946.0000,-9.9056E+000
1947.0000,1.7141E+001
1948.0000,5.0210E+001
1949.0000,-2.2090E+001
1950.0000,-4.0707E+001
1951.0000,-5.7017E+001
1952.0000,-1.0510E+002
1953.0000,-1.4864E+001
1954.0000,-1.5846E+002
1955.0000,-1.5424E+002
1956.0000,-8.0133E+001
1957.0000,-3.7299E+001
1958.0000,-6.1209E+001
1959.0000,-1.8699E+001
1960.0000,-4.5969E+001
1961.0000,-6.0874E+001
1962.0000,-6.1987E+001
1963.0000,-3.5329E+001
1964.0000,-5.5687E+001
1965.0000,-3.0672E+001
1966.0000,-1.5033E+001
1967.0000,-5.4145E+001
1968.0000,-4.2939E+001
1969.0000,-1.9451E+001
1970.0000,-2.4601E+001
1971.0000,-5.4199E+001
1972.0000,-5.9952E+001
1973.0000,-8.1005E+001
1974.0000,-7.3450E+001
1975.0000,-1.5248E+002
1976.0000,-9.3019E+001
1977.0000,-6.4404E+001
1978.0000,-6.0597E+001
1979.0000,-1.1073E+002
1980.0000,-6.2608E+001
1981.0000,-6.8212E+001
1982.0000,-6.1187E+001
1983.0000,-2.2746E+002
1984.0000,-1.6958E+002
1985.0000,-8.2304E+001
1986.0000,-7.7202E+001
1987.0000,-3.9717E+001
1988.0000,-3.4644E+001
1989.0000,-4.4369E+001
1990.0000,-3.8709E+001
1991.0000,-1.1565E+002
1992.0000,-6.8379E+001
1993.0000,-6.7457E+001
1994.0000,-8.6057E+001
1995.0000,-1.0719E+002
1996.0000,-8.3942E+001
1997.0000,-1.1187E+002
1998.0000,-7.6344E+001
1999.0000,-8.8391E+001
2000.0000,-1.2024E+002
2001.0000,-1.3020E+002
2002.0000,-1.3559E+002
2003.0000,-1.0013E+002
2004.0000,-9.3211E+001
2005.0000,-1.0510E+002
2006.0000,-2.4877E+002
2007.0000,-2.1975E+002
2008.0000,-1.6026E+002
2009.0000,-9.6438E+001
2010.0000,-1.0572E+002
2011.0000,-8.4579E+001
2012.0000,-7.5623E+001
2013.0000,-3.6790E+001
2014.0000,-8.0955E+001
2015.0000,-1.5196E+002
2016.0000,-8.1130E+001
2017.0000,-1.0532E+002
2018.0000,-1.0304E+002
2019.0000,-1.6106E+002
2020.0000,-5.4469E+001
2021.0000,-6.9153E+001
2022.0000,-1.2229E+002
2023.0000,-1.4878E+002
2024.0000,-1.8123E+002
2025.0000,-1.2951E+002
2026.0000,-9.4905E+001
2027.0000,-9.7236E+001
2028.0000,-1.9769E+002
2029.0000,-9.8602E+001
2030.0000,-5.1599E+001
2031.0000,-1.0776E+002
2032.0000,-2.8805E+002
2033.0000,-1.6063E+002
2034.0000,-1.4017E+002
2035.0000,-1.2931E+002
2036.0000,-1.7186E+002
2037.0000,-1.0503E+002
2038.0000,-1.0180E+002
2039.0000,-1.0304E+002
2040.0000,-1.1403E+002
2041.0000,-1.0042E+002
2042.0000,-5.6924E+001
2043.0000,-1.5504E+002
2044.0000,-1.8976E+002
2045.0000,-1.5372E+002
2046.0000,-1.1773E+002
2047.0000,-6.3469E+001
2048.0000,-1.0541E+002
2049.0000,-9.5445E+001
2050.0000,-1.1195E+002
2051.0000,-1.3210E+002
2052.0000,-1.9375E+002
2053.0000,-1.4038E+002
2054.0000,-9.5565E+001
2055.0000,-1.1489E+002
2056.0000,-8.1301E+001
2057.0000,-1.6869E+002
2058.0000,-1.1631E+002
2059.0000,-1.1436E+002
2060.0000,-1.5456E+002
2061.0000,-1.6896E+002
2062.0000,-1.0883E+002
2063.0000,-6.6889E+001
2064.0000,-1.7333E+002
2065.0000,-1.0332E+002
2066.0000,-8.4432E+001
2067.0000,-9.2465E+001
2068.0000,-6.6557E+001
2069.0000,-6.4923E+001
2070.0000,-9.5039E+001
2071.0000,-8.7259E+001
2072.0000,-1.3628E+002
2073.0000,-3.3853E+002
2074.0000,-1.7385E+002
2075.0000,-1.4216E+002
2076.0000,-1.2926E+002
2077.0000,-1.8334E+002
2078.0000,-1.8195E+002
2079.0000,-1.1370E+002
2080.0000,-1.1313E+002
2081.0000,-9.4700E+001
2082.0000,-8.2196E+001
2083.0000,-1.7052E+002
2084.0000,-6.4709E+001
2085.0000,-4.3614E+001
2086.0000,-6.1728E+001
2087.0000,-6.0855E+001
2088.0000,-1.3627E+002
2089.0000,-9.0327E+001
2090.0000,-1.2494E+002
2091.0000,-6.1095E+001
2092.0000,-6.7124E+001
2093.0000,-9.4939E+001
2094.0000,-5.4485E+001
2095.0000,-8.7838E+001
2096.0000,-3.6469E+001
2097.0000,-5.6171E+001
2098.0000,-4.8089E+001
2099.0000,-2.0304E+001
2100.0000,-1.7071E+002
2101.0000,-1.2470E+002
2102.0000,-1.3683E+002
2103.0000,-1.1190E+002
2104.0000,-7.4507E+001
2105.0000,-8.4964E+001
2106.0000,-1.5578E+002
2107.0000,-1.5513E+002
2108.0000,-1.3511E+002
2109.0000,-1.0444E+002
2110.0000,-7.4238E+001
2111.0000,-9.4741E+001
2112.0000,-6.7528E+001
2113.0000,-1.0191E+002
2114.0000,-2.2053E+002
2115.0000,-1.3247E+002
2116.0000,-1.4463E+002
2117.0000,-8.9076E+001
2118.0000,-7.3518E+001
2119.0000,-8.8076E+001
2120.0000,-1.7814E+002
2121.0000,-1.4712E+002
2122.0000,-4.4687E+001
2123.0000,-3.9042E+001
2124.0000,3.7829E+000
2125.0000,2.6799E+001
2126.0000,-3.4375E+001
2127.0000,-8.6320E+001
2128.0000,-1.3139E+002
2129.0000,-9.3362E+001
2130.0000,-1.3093E+002
2131.0000,-9.1361E+001
2132.0000,-5.0114E+001
2133.0000,-4.8772E+001
2134.0000,-2.8037E+001
2135.0000,-5.5709E+001
2136.0000,-9.3788E+001
2137.0000,-1.4606E+002
2138.0000,-5.7717E+001
2139.0000,-7.8882E+001
2140.0000,-7.9647E+001
2141.0000,-3.7230E+001
2142.0000,-2.5716E+001
2143.0000,-2.5028E+001
2144.0000,-2.6646E+001
2145.0000,-1.3576E+001
2146.0000,-1.0160E+001
2147.0000,-1.0411E+002
2148.0000,-7.2057E+001
2149.0000,-7.6634E+001
2150.0000,-6.9018E+001
2151.0000,-5.8530E+001
2152.0000,1.1547E+000
2153.0000,-1.1774E+002
2154.0000,-9.7189E+001
2155.0000,-3.5874E+001
2156.0000,-8.5234E+001
2157.0000,-8.2943E+001
2158.0000,-3.0388E+001
2159.0000,-4.2701E+001
2160.0000,-1.1762E+001
2161.0000,-2.9120E+001
2162.0000,-5.8709E+001
2163.0000,-8.9427E+001
2164.0000,-8.8058E+001
2165.0000,-9.6323E+001
2166.0000,-1.0802E+002
2167.0000,-1.0043E+002
2168.0000,-8.4126E+001
2169.0000,-4.0114E+001
2170.0000,-3.8745E+001
2171.0000,-2.9371E+001
2172.0000,3.5780E+000
2173.0000,-5.9301E+001
2174.0000,-1.0155E+002
2175.0000,-5.6718E+001
2176.0000,-3.5524E+001
2177.0000,-2.6445E+001
2178.0000,-1.6004E+001
2179.0000,-4.9325E+001
2180.0000,-7.0683E+001
2181.0000,-4.1893E+001
2182.0000,-5.0123E+001
2183.0000,0.0000E+000
2184.0000,0.0000E+000
2185.0000,0.0000E+000
2186.0000,0.0000E+000
2187.0000,0.0000E+000
2188.0000,0.0000E+000
2189.0000,0.0000E+000
2190.0000,0.0000E+000
2191.0000,0.0000E+000
2192.0000,6.4184E-001
2193.0000,0.0000E+000
2194.0000,0.0000E+000
2195.0000,0.0000E+000
2196.0000,0.0000E+000
2197.0000,0.0000E+000
2198.0000,0.0000E+000
2199.0000,0.0000E+000
2200.0000,0.0000E+000
2201.0000,0.0000E+000
2202.0000,0.0000E+000
2203.0000,0.0000E+000
2204.0000,0.0000E+000
2205.0000,0.0000E+000
2206.0000,0.0000E+000
2207.0000,0.0000E+000
2208.0000,0.0000E+000
2209.0000,0.0000E+000
2210.0000,0.0000E+000
2211.0000,0.0000E+000
2212.0000,0.0000E+000
2213.0000,0.0000E+000
2214.0000,0.0000E+000
2215.0000,0.0000E+000
2216.0000,0.0000E+000
2217.0000,0.0000E+000
2218.0000,0.0000E+000
2219.0000,0.0000E+000
2220.0000,0.0000E+000
2221.0000,0.0000E+000
2222.0000,0.0000E+000
2223.0000,0.0000E+000
2224.0000,0.0000E+000
2225.0000,0.0000E+000
2226.0000,0.0000E+000
2227.0000,0.0000E+000
2228.0000,0.0000E+000
2229.0000,0.0000E+000
2230.0000,0.0000E+000
2231.0000,0.0000E+000
2232.0000,0.0000E+000
2233.0000,0.0000E+000
2234.0000,0.0000E+000
2235.0000,-4.2985E+000
2236.0000,0.0000E+000
2237.0000,0.0000E+000
2238.0000,0.0000E+000
2239.0000,1.8694E+000
2240.0000,0.0000E+000
2241.0000,0.0000E+000
2242.0000,0.0000E+000
2243.0000,0.0000E+000
2244.0000,0.0000E+000
2245.0000,0.0000E+000
2246.0000,0.0000E+000
2247.0000,0.0000E+000
2248.0000,0.0000E+000
2249.0000,0.0000E+000
2250.0000,0.0000E+000
2251.0000,0.0000E+000
2252.0000,0.0000E+000
2253.0000,0.0000E+000
2254.0000,0.0000E+000
2255.0000,6.4397E+000
2256.0000,0.0000E+000
2257.0000,0.0000E+000
2258.0000,0.0000E+000
2259.0000,0.0000E+000
2260.0000,6.0319E+000
2261.0000,-8.9599E-001
2262.0000,-1.2604E+000
2263.0000,0.0000E+000
2264.0000,0.0000E+000
2265.0000,0.0000E+000
2266.0000,4.1859E-001
2267.0000,4.8153E+000
2268.0000,-4.0708E+000
2269.0000,0.0000E+000
2270.0000,0.0000E+000
2271.0000,-1.6222E+000
2272.0000,0.0000E+000
2273.0000,0.0000E+000
2274.0000,0.0000E+000
2275.0000,0.0000E+000
2276.0000,0.0000E+000
2277.0000,0.0000E+000
2278.0000,0.0000E+000
2279.0000,0.0000E+000
2280.0000,-1.3970E+000
2281.0000,0.0000E+000
2282.0000,-2.2111E+000
2283.0000,-7.3811E+000
2284.0000,-1.9744E+000
2285.0000,4.6109E+000
2286.0000,-5.9282E+000
2287.0000,-1.4814E+000
2288.0000,-1.9024E+000
2289.0000,-4.5367E-001
2290.0000,1.3321E+000
2291.0000,1.0949E+001
2292.0000,8.2150E+000
2293.0000,7.8797E-001
2294.0000,2.1192E+000
2295.0000,-3.2122E+000
2296.0000,-3.7842E+000
2297.0000,5.2671E+000
2298.0000,-2.3767E+001
2299.0000,-4.7129E-003
2300.0000,7.4762E+000
2301.0000,-2.2804E+001
2302.0000,-1.8726E+001
2303.0000,-2.4258E+001
2304.0000,3.1170E+001
2305.0000,3.8709E+000
2306.0000,2.3793E+001
2307.0000,9.0973E+001
2308.0000,1.6987E+002
2309.0000,1.2679E+001
2310.0000,-3.1230E+001
2311.0000,-1.5981E+001
2312.0000,-1.6188E+001
2313.0000,6.7574E+000
2314.0000,3.5252E+000
2315.0000,-5.4915E+001
2316.0000,-5.7092E+001
2317.0000,-1.4274E+001
2318.0000,-1.7146E+001
2319.0000,-5.9566E+001
2320.0000,-6.2235E+001
2321.0000,-3.7323E+001
2322.0000,-1.8438E+001
2323.0000,-1.0707E+001
2324.0000,-2.3512E+001
2325.0000,-8.3565E+000
2326.0000,-2.4049E+001
2327.0000,-2.0488E+001
2328.0000,-7.0566E+000
2329.0000,1.4857E+000
2330.0000,1.0528E+000
2331.0000,-6.8373E+000
2332.0000,-2.7689E+001
2333.0000,-5.9971E+001
2334.0000,1.7898E+001
2335.0000,-1.5019E+001
2336.0000,-3.9465E+001
2337.0000,-1.9778E+001
2338.0000,-2.9172E+001
2339.0000,-3.3267E+001
2340.0000,-2.7276E+001
2341.0000,-3.1384E+001
2342.0000,-1.0891E+002
2343.0000,-2.2274E+002
2344.0000,-2.4439E+002
2345.0000,-9.1657E+001
2346.0000,-6.0604E+001
2347.0000,-6.3590E+001
2348.0000,-4.8850E+001
2349.0000,-5.6291E+001
2350.0000,-5.6937E+001
2351.0000,-1.0402E+002
2352.0000,-1.2294E+002
2353.0000,-1.3104E+002
2354.0000,-6.2587E+001
2355.0000,-1.0655E+002
2356.0000,-1.3480E+002
2357.0000,-6.9431E+001
2358.0000,-9.0757E+001
2359.0000,-5.9210E+001
2360.0000,-1.5345E+002
2361.0000,-1.1639E+002
2362.0000,-9.3225E+001
2363.0000,-6.3083E+001
2364.0000,-9.8907E+001
2365.0000,-1.1316E+002
2366.0000,-7.1984E+001
2367.0000,-6.6110E+001
2368.0000,-6.1321E+001
2369.0000,-6.5223E+001
2370.0000,-9.5868E+001
2371.0000,-2.1827E+002
2372.0000,-1.2028E+002
2373.0000,-5.5446E+001
2374.0000,-8.2827E+001
2375.0000,-5.9658E+001
2376.0000,-7.6178E+001
2377.0000,-1.0151E+002
2378.0000,-1.1645E+002
2379.0000,-7.3982E+001
2380.0000,-9.9691E+001
2381.0000,-1.2608E+002
2382.0000,-1.3242E+002
2383.0000,-1.2555E+002
2384.0000,-1.4436E+002
2385.0000,-2.0293E+002
2386.0000,-1.3047E+002
2387.0000,-8.3110E+001
2388.0000,-1.3948E+002
2389.0000,-1.1440E+002
2390.0000,-9.3928E+001
2391.0000,-9.6869E+001
2392.0000,-1.3852E+002
2393.0000,-1.0333E+002
2394.0000,-1.3430E+002
2395.0000,-1.3538E+002
2396.0000,-1.1708E+002
2397.0000,-1.3777E+002
2398.0000,-1.7562E+002
2399.0000,-8.6063E+001
2400.0000,-1.3366E+002
2401.0000,-1.2281E+002
2402.0000,-1.3242E+002
2403.0000,-9.8806E+001
2404.0000,-1.2957E+002
2405.0000,-1.2105E+002
2406.0000,-9.3920E+001
2407.0000,-8.1619E+001
2408.0000,-9.3716E+001
2409.0000,-8.8262E+001
2410.0000,-6.8240E+001
2411.0000,-7.5049E+001
2412.0000,-9.7863E+001
2413.0000,-1.8579E+002
2414.0000,-1.8003E+002
2415.0000,-1.0693E+002
2416.0000,-1.3136E+002
2417.0000,-7.9241E+001
2418.0000,-1.1342E+002
2419.0000,-6.0309E+001
2420.0000,-1.1006E+002
2421.0000,-6.6888E+001
2422.0000,-6.8006E+001
2423.0000,-1.0116E+002
2424.0000,-1.6738E+002
2425.0000,-1.6781E+002
2426.0000,-1.5843E+002
2427.0000,-1.7408E+002
2428.0000,-5.9763E+001
2429.0000,-4.5907E+001
2430.0000,-8.1426E+001
2431.0000,-2.3995E+002
2432.0000,-9.5056E+001
2433.0000,-6.9404E+001
2434.0000,-6.0055E+001
2435.0000,-8.7968E+001
2436.0000,-7.7907E+001
2437.0000,-5.1283E+001
2438.0000,-7.4347E+001
2439.0000,-1.1537E+002
2440.0000,-1.0512E+002
2441.0000,-4.0040E+001
2442.0000,-6.6310E+001
2443.0000,-1.1743E+002
2444.0000,-9.1257E+001
2445.0000,-9.6869E+001
2446.0000,-9.3306E+001
2447.0000,-8.9289E+001
2448.0000,-8.1559E+001
2449.0000,-2.6266E+002
2450.0000,-1.0798E+002
2451.0000,-8.9786E+001
2452.0000,-8.5372E+001
2453.0000,-1.2971E+002
2454.0000,-5.2846E+001
2455.0000,-5.0413E+001
2456.0000,-2.1497E+001
2457.0000,-2.0440E+001
2458.0000,-3.7087E+001
2459.0000,-4.8399E+001
2460.0000,-4.3400E+001
2461.0000,-9.2726E+001
2462.0000,-9.0628E+001
2463.0000,-1.3031E+002
2464.0000,-8.6731E+001
2465.0000,-1.1746E+002
2466.0000,-6.3371E+001
2467.0000,-8.9977E+001
2468.0000,-1.8850E+002
2469.0000,-2.0529E+002
2470.0000,-9.4033E+001
2471.0000,-4.8217E+001
2472.0000,-5.1241E+001
2473.0000,-5.6210E+001
2474.0000,-4.6126E+001
2475.0000,-7.9260E+001
2476.0000,-4.2775E+001
2477.0000,-4.3216E+001
2478.0000,-1.4624E+002
2479.0000,-2.0634E+002
2480.0000,-1.4362E+002
2481.0000,-1.2597E+002
2482.0000,-6.7834E+001
2483.0000,-4.6497E+001
2484.0000,-1.2380E+002
2485.0000,-9.1810E+001
2486.0000,-6.9819E+001
2487.0000,-7.6184E+001
2488.0000,-1.0915E+002
2489.0000,-8.3721E+001
2490.0000,-8.4441E+001
2491.0000,-1.4488E+002
2492.0000,-8.5575E+001
2493.0000,-1.7253E+002
2494.0000,-7.3487E+001
2495.0000,-6.1653E+001
2496.0000,-6.0069E+001
2497.0000,-5.9837E+001
2498.0000,-1.0231E+002
2499.0000,-1.0261E+002
2500.0000,-7.1986E+001
2501.0000,-5.5327E+001
2502.0000,-2.5585E+001
2503.0000,-1.7525E+001
2504.0000,-1.7143E+001
2505.0000,-8.5772E+001
2506.0000,-1.1261E+002
2507.0000,-6.2327E+001
2508.0000,-6.6345E+001
2509.0000,-1.1726E+001
2510.0000,-2.2832E+001
2511.0000,-5.4981E+001
2512.0000,-1.2772E+002
2513.0000,-1.0236E+002
2514.0000,-7.8741E+001
2515.0000,-5.3182E+001
2516.0000,-4.3337E+001
2517.0000,-5.8186E+001
2518.0000,-5.9472E+001
2519.0000,-3.9047E+001
2520.0000,-3.1631E+001
2521.0000,-3.3269E+001
2522.0000,-5.0934E-002
2523.0000,9.6108E+000
2524.0000,-4.5874E+000
2525.0000,-7.9501E+001
2526.0000,-4.1815E+001
2527.0000,-4.5327E+001
2528.0000,-6.3496E+001
2529.0000,-2.9746E+001
2530.0000,-4.3886E-001
2531.0000,-1.0791E+001
2532.0000,-8.4712E+001
2533.0000,-6.2921E+001
2534.0000,-4.8160E+001
2535.0000,-6.5961E+001
2536.0000,-5.0134E+001
2537.0000,-3.9623E+001
2538.0000,-2.1855E+001
2539.0000,-4.3887E+001
2540.0000,-3.3185E+001
2541.0000,-4.4946E+001
2542.0000,-6.7348E+001
2543.0000,-7.0030E+001
2544.0000,-4.9582E+001
2545.0000,-3.7009E+001
2546.0000,-5.0581E+000
2547.0000,-1.4607E+001
2548.0000,-6.2959E+001
2549.0000,-4.9810E+001
2550.0000,-3.4176E+001
2551.0000,-3.9883E+001
2552.0000,-1.3517E+001
2553.0000,-1.1130E+002
2554.0000,-2.6271E+001
2555.0000,-1.1071E+001
2556.0000,-7.4004E+000
2557.0000,-2.4479E+001
2558.0000,-7.1553E+001
2559.0000,-6.7192E+001
2560.0000,-4.5817E+001
2561.0000,-2.3871E+001
2562.0000,-9.5932E+000
2563.0000,-2.7649E+001
2564.0000,-3.0885E+001
2565.0000,-3.0182E+001
2566.0000,-2.1691E+001
2567.0000,-2.8440E+001
2568.0000,-9.7044E+000
2569.0000,-6.7606E+001
2570.0000,0.0000E+000
2571.0000,0.0000E+000
2572.0000,0.0000E+000
2573.0000,0.0000E+000
2574.0000,0.0000E+000
2575.0000,0.0000E+000
2576.0000,0.0000E+000
2577.0000,0.0000E+000
2578.0000,0.0000E+000
2579.0000,1.5770E+000
2580.0000,0.0000E+000
2581.0000,0.0000E+000
2582.0000,3.3154E-001
2583.0000,0.0000E+000
2584.0000,0.0000E+000
2585.0000,0.0000E+000
2586.0000,0.0000E+000
2587.0000,1.4439E+000
2588.0000,0.0000E+000
2589.0000,0.0000E+000
2590.0000,0.0000E+000
2591.0000,0.0000E+000
2592.0000,0.0000E+000
2593.0000,0.0000E+000
2594.0000,0.0000E+000
2595.0000,0.0000E+000
2596.0000,0.0000E+000
2597.0000,0.0000E+000
2598.0000,0.0000E+000
2599.0000,0.0000E+000
2600.0000,0.0000E+000
2601.0000,0.0000E+000
2602.0000,0.0000E+000
2603.0000,-7.5860E-001
2604.0000,0.0000E+000
2605.0000,0.0000E+000
2606.0000,0.0000E+000
2607.0000,0.0000E+000
2608.0000,-2.5170E+000
2609.0000,-3.2553E-001
2610.0000,0.0000E+000
2611.0000,0.0000E+000
2612.0000,0.0000E+000
2613.0000,0.0000E+000
2614.0000,0.0000E+000
2615.0000,0.0000E+000
2616.0000,0.0000E+000
2617.0000,0.0000E+000
2618.0000,-1.4626E+000
2619.0000,0.0000E+000
2620.0000,0.0000E+000
2621.0000,0.0000E+000
2622.0000,-4.5784E+000
2623.0000,6.9571E+000
2624.0000,-1.0980E+000
2625.0000,0.0000E+000
2626.0000,-4.8104E+000
2627.0000,1.0688E+000
2628.0000,7.7016E+000
2629.0000,4.2755E+000
2630.0000,3.2433E-001
2631.0000,1.1572E+000
2632.0000,1.5413E+000
2633.0000,3.6559E+000
2634.0000,3.7141E+000
2635.0000,1.4765E+001
2636.0000,3.5191E+001
2637.0000,3.4979E+001
2638.0000,4.0860E+001
2639.0000,-1.6061E+001
2640.0000,-6.2691E+000
2641.0000,-3.0941E+001
2642.0000,-1.1812E+002
2643.0000,-2.5950E+001
2644.0000,-8.4166E+000
2645.0000,-6.0790E+001
2646.0000,-2.0287E+001
2647.0000,-1.3339E+001
2648.0000,-3.0345E+001
2649.0000,-7.1229E+001
2650.0000,-4.0331E+001
2651.0000,-5.4149E+001
2652.0000,-5.5065E+001
2653.0000,-6.2654E+001
2654.0000,-4.8130E+001
2655.0000,-4.7869E+001
2656.0000,-5.4843E+001
2657.0000,-1.8510E+001
2658.0000,-2.4418E+001
2659.0000,-2.8048E+001
2660.0000,-2.8040E+001
2661.0000,-1.1963E+001
2662.0000,3.3998E+001
2663.0000,-4.2734E+000
2664.0000,-4.9198E+001
2665.0000,-1.0741E+001
2666.0000,-2.3400E+001
2667.0000,-2.4375E+000
2668.0000,-1.5272E+001
2669.0000,-1.2878E+001
2670.0000,-7.1317E+001
2671.0000,-5.4039E+001
2672.0000,-3.2872E+001
2673.0000,-4.5768E+001
2674.0000,-1.3284E+002
2675.0000,-1.0190E+002
2676.0000,-5.7615E+001
2677.0000,-3.2312E+001
2678.0000,-1.3911E+001
2679.0000,-1.3412E+001
2680.0000,3.5188E+000
2681.0000,-3.5069E-001
2682.0000,-1.4545E+001
2683.0000,-1.7306E+001
2684.0000,-5.3526E+001
2685.0000,8.9867E+000
2686.0000,-1.1775E+001
2687.0000,-1.0149E+002
2688.0000,-5.5928E+001
2689.0000,-1.6909E+001
2690.0000,-1.0142E+000
2691.0000,-5.2911E+000
2692.0000,1.6367E+000
2693.0000,-7.2479E+001
2694.0000,-4.1535E+001
2695.0000,-2.1111E+001
2696.0000,-1.4164E+001
2697.0000,-9.2898E+001
2698.0000,-4.2184E+001
2699.0000,-2.4579E+001
2700.0000,-5.5584E+001
2701.0000,-6.8205E+001
2702.0000,-3.9634E+001
2703.0000,-6.7431E+001
2704.0000,-4.0600E+001
2705.0000,-6.8686E+001
2706.0000,-9.1156E+001
2707.0000,-1.4447E+002
2708.0000,-1.1358E+002
2709.0000,-1.7528E+002
2710.0000,-8.4737E+001
2711.0000,-1.6513E+002
2712.0000,-1.1891E+002
2713.0000,-5.2363E+001
2714.0000,-4.8033E+001
2715.0000,-5.9046E+001
2716.0000,-8.8424E+001
2717.0000,-4.4856E+001
2718.0000,-9.3737E+001
2719.0000,-1.1992E+002
2720.0000,-4.4909E+001
2721.0000,-1.0810E+002
2722.0000,-8.3217E+001
2723.0000,-6.9406E+001
2724.0000,-1.1651E+002
2725.0000,-1.3495E+002
2726.0000,-1.0857E+002
2727.0000,-6.0724E+001
2728.0000,-8.7065E+001
2729.0000,-9.5928E+001
2730.0000,-1.2835E+002
2731.0000,-1.6713E+002
2732.0000,-1.0115E+002
2733.0000,-1.9620E+002
2734.0000,-2.2795E+002
2735.0000,-1.3149E+002
2736.0000,-7.0864E+001
2737.0000,-1.4118E+002
2738.0000,-1.0814E+002
2739.0000,-1.0515E+002
2740.0000,-1.1194E+002
2741.0000,-6.7275E+001
2742.0000,-1.1150E+002
2743.0000,-7.7737E+001
2744.0000,-1.0046E+002
2745.0000,-1.6123E+002
2746.0000,-1.6957E+002
2747.0000,-1.4197E+002
2748.0000,-9.3032E+001
2749.0000,-9.4334E+001
2750.0000,-1.1037E+002
2751.0000,-1.0652E+002
2752.0000,-1.0312E+002
2753.0000,-1.1075E+002
2754.0000,-1.2932E+002
2755.0000,-1.3454E+002
2756.0000,-1.7365E+002
2757.0000,-1.4062E+002
2758.0000,-1.0906E+002
2759.0000,-1.6423E+002
2760.0000,-1.4504E+002
2761.0000,-1.1901E+002
2762.0000,-2.4964E+002
2763.0000,-1.0435E+002
2764.0000,-4.2681E+001
2765.0000,-6.3737E+001
2766.0000,-8.2246E+001
2767.0000,-7.9044E+001
2768.0000,-1.2929E+002
2769.0000,-9.0431E+001
2770.0000,-7.2569E+001
2771.0000,-8.6739E+001
2772.0000,-4.3866E+001
2773.0000,-1.3271E+002
2774.0000,-1.5018E+002
2775.0000,-1.2644E+002
2776.0000,-1.1062E+002
2777.0000,-7.8109E+001
2778.0000,-9.7195E+001
2779.0000,-9.7060E+001
2780.0000,-9.3975E+001
2781.0000,-1.0762E+002
2782.0000,-1.0088E+002
2783.0000,-7.2065E+001
2784.0000,-1.2419E+002
2785.0000,-1.0313E+002
2786.0000,-1.2408E+002
2787.0000,-1.3511E+002
2788.0000,-1.0398E+002
2789.0000,-1.2093E+002
2790.0000,-1.3025E+002
2791.0000,-1.2266E+002
2792.0000,-7.6380E+001
2793.0000,-8.6011E+001
2794.0000,-9.9189E+001
2795.0000,-1.4111E+002
2796.0000,-8.6313E+001
2797.0000,-1.7677E+002
2798.0000,-1.0034E+002
2799.0000,-2.0349E+002
2800.0000,-9.7718E+001
2801.0000,-7.4245E+001
2802.0000,-7.6202E+001
2803.0000,-1.1389E+002
2804.0000,-5.6359E+001
2805.0000,-5.9515E+001
2806.0000,-7.6680E+001
2807.0000,-1.2514E+002
2808.0000,-1.4188E+002
2809.0000,-2.3252E+002
2810.0000,-1.7586E+002
2811.0000,-9.5123E+001
2812.0000,-8.4117E+001
2813.0000,-7.9031E+001
2814.0000,-1.5834E+002
2815.0000,-1.4346E+002
2816.0000,-9.0443E+001
2817.0000,-1.0230E+002
2818.0000,-9.6980E+001
2819.0000,-1.0069E+002
2820.0000,-1.1591E+002
2821.0000,-9.3718E+001
2822.0000,-1.1729E+002
2823.0000,-1.0787E+002
2824.0000,-1.2267E+002
2825.0000,-9.5300E+001
2826.0000,-7.1932E+001
2827.0000,-8.1204E+001
2828.0000,-7.9323E+001
2829.0000,-4.6025E+001
2830.0000,-7.4253E+001
2831.0000,-5.0682E+001
2832.0000,-2.4414E+001
2833.0000,-1.8437E+001
2834.0000,-3.4621E+001
2835.0000,-5.6296E+001
2836.0000,-1.2065E+002
2837.0000,-7.9200E+001
2838.0000,-8.4798E+001
2839.0000,-7.1788E+001
2840.0000,-1.3715E+002
2841.0000,-1.3008E+002
2842.0000,-8.5539E+001
2843.0000,-9.7349E+001
2844.0000,-6.5287E+001
2845.0000,-9.7210E+001
2846.0000,-7.6601E+001
2847.0000,-6.7564E+001
2848.0000,-5.6758E+001
2849.0000,-9.2562E+000
2850.0000,-1.0507E+002
2851.0000,-1.3108E+002
2852.0000,-6.6410E+001
2853.0000,-4.5063E+001
2854.0000,-3.9208E+001
2855.0000,-3.5212E+001
2856.0000,-2.1025E+001
2857.0000,-5.2080E+001
2858.0000,-9.4834E+001
2859.0000,-4.8167E+001
2860.0000,-4.7715E+001
2861.0000,-8.3691E+001
2862.0000,-8.1266E+001
2863.0000,-1.2385E+002
2864.0000,-1.3251E+002
2865.0000,-1.1822E+002
2866.0000,-8.5888E+001
2867.0000,-1.1231E+002
2868.0000,-1.7198E+002
2869.0000,-1.2843E+002
2870.0000,-7.0332E+001
2871.0000,-3.9166E+001
2872.0000,-2.8393E+001
2873.0000,-1.7945E+001
2874.0000,-8.4579E+001
2875.0000,-6.2425E+001
2876.0000,-5.6916E+001
2877.0000,-6.1392E+001
2878.0000,-4.1389E+001
2879.0000,-4.0371E+001
2880.0000,-3.7659E+001
2881.0000,-3.2290E+001
2882.0000,-2.7931E+001
2883.0000,-4.1051E+001
2884.0000,-6.6750E+001
2885.0000,-1.4363E+002
2886.0000,-7.4789E+001
2887.0000,-3.6437E+001
2888.0000,-3.4307E+001
2889.0000,-7.7251E+001
2890.0000,-5.7443E+001
2891.0000,-4.8217E+001
2892.0000,-3.7584E+001
2893.0000,-1.2685E+001
2894.0000,-1.8290E+001
2895.0000,-6.4466E+000
2896.0000,-8.3478E+001
2897.0000,-5.0329E+001
2898.0000,-1.4878E+001
2899.0000,-1.9044E+001
2900.0000,-1.0624E+001
2901.0000,-2.1662E+001
2902.0000,-4.7787E+001
2903.0000,-3.0499E+001
2904.0000,-3.5408E+001
2905.0000,-4.1635E+001
2906.0000,-4.4403E+001
2907.0000,-3.4033E+001
2908.0000,-1.3714E+001
2909.0000,-2.9585E+001
2910.0000,-2.5762E+001
2911.0000,-2.9425E+001
2912.0000,-4.4697E+001
2913.0000,-8.9681E+001
2914.0000,-4.8579E+001
2915.0000,-2.3146E+001
2916.0000,-4.0230E+001
2917.0000,-5.0540E+001
2918.0000,-6.4176E+001
2919.0000,-2.7358E+001
2920.0000,-6.4640E+001
2921.0000,-7.2751E+001
2922.0000,-5.0234E+001
2923.0000,-5.9644E+001
2924.0000,0.0000E+000
2925.0000,0.0000E+000
2926.0000,0.0000E+000
2927.0000,0.0000E+000
2928.0000,0.0000E+000
2929.0000,0.0000E+000
2930.0000,0.0000E+000
2931.0000,0.0000E+000
2932.0000,0.0000E+000
2933.0000,0.0000E+000
2934.0000,0.0000E+000
2935.0000,1.7063E+000
2936.0000,0.0000E+000
2937.0000,0.0000E+000
2938.0000,0.0000E+000
2939.0000,0.0000E+000
2940.0000,0.0000E+000
2941.0000,0.0000E+000
2942.0000,0.0000E+000
2943.0000,0.0000E+000
2944.0000,0.0000E+000
2945.0000,0.0000E+000
2946.0000,0.0000E+000
2947.0000,0.0000E+000
2948.0000,0.0000E+000
2949.0000,0.0000E+000
2950.0000,0.0000E+000
2951.0000,1.3079E+000
2952.0000,7.0313E+000
2953.0000,0.0000E+000
2954.0000,0.0000E+000
2955.0000,0.0000E+000
2956.0000,0.0000E+000
2957.0000,0.0000E+000
2958.0000,0.0000E+000
2959.0000,0.0000E+000
2960.0000,0.0000E+000
2961.0000,0.0000E+000
2962.0000,0.0000E+000
2963.0000,0.0000E+000
2964.0000,-4.0413E+000
2965.0000,0.0000E+000
2966.0000,0.0000E+000
2967.0000,0.0000E+000
2968.0000,0.0000E+000
2969.0000,0.0000E+000
2970.0000,0.0000E+000
2971.0000,0.0000E+000
2972.0000,0.0000E+000
2973.0000,0.0000E+000
2974.0000,0.0000E+000
2975.0000,0.0000E+000
2976.0000,0.0000E+000
2977.0000,0.0000E+000
2978.0000,0.0000E+000
2979.0000,0.0000E+000
2980.0000,0.0000E+000
2981.0000,0.0000E+000
2982.0000,0.0000E+000
2983.0000,0.0000E+000
2984.0000,0.0000E+000
2985.0000,0.0000E+000
2986.0000,0.0000E+000
2987.0000,0.0000E+000
2988.0000,0.0000E+000
2989.0000,-3.1758E+000
2990.0000,0.0000E+000
2991.0000,-1.0757E+000
2992.0000,5.7132E+000
2993.0000,-5.5411E-001
2994.0000,0.0000E+000
2995.0000,0.0000E+000
2996.0000,0.0000E+000
2997.0000,0.0000E+000
2998.0000,0.0000E+000
2999.0000,0.0000E+000
3000.0000,0.0000E+000
3001.0000,0.0000E+000
3002.0000,0.0000E+000
3003.0000,0.0000E+000
3004.0000,0.0000E+000
3005.0000,0.0000E+000
3006.0000,-3.1514E+000
3007.0000,-3.9271E+000
3008.0000,-1.4403E+000
3009.0000,-1.1156E+000
3010.0000,-2.4230E+000
3011.0000,-1.5381E+000
3012.0000,8.2531E-001
3013.0000,0.0000E+000
3014.0000,0.0000E+000
3015.0000,-7.7019E+000
3016.0000,-2.8319E+000
3017.0000,0.0000E+000
3018.0000,-4.8899E+000
3019.0000,8.9922E-001
3020.0000,3.8344E+000
3021.0000,2.4325E+000
3022.0000,1.7451E+000
3023.0000,-3.7819E+000
3024.0000,-4.9785E-002
3025.0000,-1.0295E+000
3026.0000,-3.0434E-001
3027.0000,2.7063E+000
3028.0000,8.8634E+000
3029.0000,-3.1278E+000
3030.0000,7.2686E+001
3031.0000,1.9565E+001
3032.0000,-5.3694E+001
3033.0000,-2.4087E+001
3034.0000,-2.4284E+001
3035.0000,-4.8062E-002
3036.0000,-1.2557E+001
3037.0000,-2.0113E+000
3038.0000,-7.3108E+000
3039.0000,-5.7792E+000
3040.0000,-2.4196E+001
3041.0000,-1.9157E+001
3042.0000,-1.5974E+001
3043.0000,-2.2976E+000
3044.0000,-4.8723E+001
3045.0000,-2.0284E+001
3046.0000,-4.8020E+001
3047.0000,-4.7329E+001
3048.0000,-3.4321E+001
3049.0000,-3.5407E+001
3050.0000,-2.1393E+001
3051.0000,-2.1242E+001
3052.0000,-4.7265E+001
3053.0000,-3.4615E+001
3054.0000,-1.7125E+002
3055.0000,-9.2657E+001
3056.0000,-6.6702E+001
3057.0000,-5.5120E+001
3058.0000,-1.0183E+002
3059.0000,-2.9781E+001
3060.0000,-4.5311E+001
3061.0000,-2.2182E+001
3062.0000,-1.6196E+000
3063.0000,-1.8763E+001
3064.0000,-1.4014E+001
3065.0000,-1.9505E+001
3066.0000,-1.6390E+002
3067.0000,-1.3903E+002
3068.0000,-6.9780E+001
3069.0000,-1.1096E+001
3070.0000,-1.0123E+001
3071.0000,2.4661E+001
3072.0000,1.6258E+001
3073.0000,-1.5425E+001
3074.0000,-3.7678E+001
3075.0000,-2.9845E+001
3076.0000,-1.8162E+002
3077.0000,-8.6299E+001
3078.0000,-5.2994E+001
3079.0000,-8.6796E+001
3080.0000,-6.4143E+001
3081.0000,-6.8533E+001
3082.0000,-3.1526E+001
3083.0000,-6.5455E+001
3084.0000,-1.1378E+002
3085.0000,-4.0388E+001
3086.0000,-6.6277E+001
3087.0000,-9.6333E+001
3088.0000,-8.0868E+001
3089.0000,-6.6216E+001
3090.0000,-4.9215E+001
3091.0000,-1.2161E+002
3092.0000,-8.6577E+001
3093.0000,-9.1617E+001
3094.0000,-8.0225E+001
3095.0000,-7.2026E+001
3096.0000,-7.3733E+001
3097.0000,-1.0243E+002
3098.0000,-6.3905E+001
3099.0000,-7.0614E+001
3100.0000,-9.3218E+001
3101.0000,-1.0481E+002
3102.0000,-8.6999E+001
3103.0000,-4.7413E+001
3104.0000,-5.5783E+001
3105.0000,-6.9476E+001
3106.0000,-5.3511E+001
3107.0000,-6.7129E+001
3108.0000,-9.2360E+001
3109.0000,-9.7752E+001
3110.0000,-5.8884E+001
3111.0000,-7.2545E+001
3112.0000,-1.3506E+002
3113.0000,-9.6683E+001
3114.0000,-1.4554E+002
3115.0000,-9.7730E+001
3116.0000,-7.8698E+001
3117.0000,-1.0586E+002
3118.0000,-1.4311E+002
3119.0000,-1.0579E+002
3120.0000,-1.1838E+002
3121.0000,-1.6414E+002
3122.0000,-1.9820E+002
3123.0000,-1.4243E+002
3124.0000,-9.0476E+001
3125.0000,-9.3934E+001
3126.0000,-1.4024E+002
3127.0000,-1.9537E+002
3128.0000,-1.3852E+002
3129.0000,-9.6712E+001
3130.0000,-1.5467E+002
3131.0000,-1.3140E+002
3132.0000,-1.5051E+002
3133.0000,-1.1677E+002
3134.0000,-1.4783E+002
3135.0000,-1.2376E+002
3136.0000,-1.6888E+002
3137.0000,-1.9348E+002
3138.0000,-2.7799E+002
3139.0000,-1.2202E+002
3140.0000,-1.5602E+002
3141.0000,-1.3335E+002
3142.0000,-6.1847E+001
3143.0000,-1.2415E+002
3144.0000,-1.4444E+002
3145.0000,-1.1304E+002
3146.0000,-1.0615E+002
3147.0000,-1.5168E+002
3148.0000,-1.6439E+002
3149.0000,-1.1181E+002
3150.0000,-8.1667E+001
3151.0000,-6.3016E+001
3152.0000,-1.0733E+002
3153.0000,-9.0439E+001
3154.0000,-8.4120E+001
3155.0000,-1.0795E+002
3156.0000,-1.4024E+002
3157.0000,-1.4926E+002
3158.0000,-1.1405E+002
3159.0000,-1.1827E+002
3160.0000,-4.3918E+001
3161.0000,-3.9570E+001
3162.0000,-7.5939E+001
3163.0000,-7.5181E+001
3164.0000,-7.7956E+001
3165.0000,-4.5759E+001
3166.0000,-6.3299E+001
3167.0000,-7.2606E+001
3168.0000,-1.8335E+002
3169.0000,-1.5348E+002
3170.0000,-1.3253E+002
3171.0000,-1.3249E+002
3172.0000,-1.3486E+002
3173.0000,-1.0403E+002
3174.0000,-1.3132E+002
3175.0000,-3.2979E+001
3176.0000,-4.6034E+001
3177.0000,-6.7506E+001
3178.0000,-1.8105E+002
3179.0000,-1.1374E+002
3180.0000,-9.4976E+001
3181.0000,-1.2502E+002
3182.0000,-9.3741E+001
3183.0000,-7.3384E+001
3184.0000,-6.2904E+001
3185.0000,-1.4327E+002
3186.0000,-8.9139E+001
3187.0000,-2.2580E+002
3188.0000,-1.8199E+002
3189.0000,-1.0697E+002
3190.0000,-8.7301E+001
3191.0000,-7.0219E+001
3192.0000,-5.1588E+001
3193.0000,-4.8441E+001
3194.0000,-5.1633E+001
3195.0000,-5.3116E+001
3196.0000,-6.2563E+001
3197.0000,-6.3119E+001
3198.0000,-4.4481E+001
3199.0000,-3.9839E+001
3200.0000,-5.7675E+001
3201.0000,-7.7073E+001
3202.0000,-1.1491E+002
3203.0000,-7.3271E+001
3204.0000,-6.2907E+001
3205.0000,-6.0124E+001
3206.0000,-6.3768E+001
3207.0000,-6.4816E+001
3208.0000,-6.3311E+001
3209.0000,-3.0222E+001
3210.0000,-5.6109E+001
3211.0000,-5.5285E+001
3212.0000,-6.2291E+001
3213.0000,-8.1929E+001
3214.0000,-1.2876E+002
3215.0000,-8.3590E+001
3216.0000,-1.0607E+002
3217.0000,-9.3486E+001
3218.0000,-1.5496E+002
3219.0000,-1.5264E+002
3220.0000,-1.1219E+002
3221.0000,-1.2493E+002
3222.0000,-1.0521E+002
3223.0000,-8.5678E+001
3224.0000,-7.7818E+001
3225.0000,-7.2751E+001
3226.0000,-4.1057E+000
3227.0000,-5.5084E+001
3228.0000,-1.2273E+002
3229.0000,-1.1699E+002
3230.0000,-7.9783E+001
3231.0000,-7.6193E+001
3232.0000,-4.7150E+001
3233.0000,-1.1047E+002
3234.0000,-1.1480E+002
3235.0000,-6.5086E+001
3236.0000,-1.0914E+002
3237.0000,-1.1198E+002
3238.0000,-1.2964E+002
3239.0000,-1.0664E+002
3240.0000,-5.8785E+001
3241.0000,-3.6250E+001
3242.0000,-3.4303E+001
3243.0000,5.5945E+000
3244.0000,-1.1422E+002
3245.0000,-1.0175E+002
3246.0000,-4.5172E+001
3247.0000,-2.9806E+001
3248.0000,-6.5248E+001
3249.0000,-1.7842E+002
3250.0000,-1.2332E+002
3251.0000,-6.8581E+001
3252.0000,-1.0955E+001
3253.0000,-1.0790E+002
3254.0000,-7.1453E+001
3255.0000,-4.1207E+001
3256.0000,-4.7423E+001
3257.0000,-1.9356E+001
3258.0000,-2.5057E+001
3259.0000,-3.7163E+001
3260.0000,-2.4881E+001
3261.0000,-8.7907E+000
3262.0000,-4.5847E+001
3263.0000,-5.5143E+001
3264.0000,-4.6091E+001
3265.0000,-4.7829E+001
3266.0000,-8.9989E+001
3267.0000,-7.4011E+001
3268.0000,-7.7602E+001
3269.0000,-4.5650E+001
3270.0000,-3.4172E+001
3271.0000,-6.3654E+001
3272.0000,0.0000E+000
3273.0000,0.0000E+000
3274.0000,0.0000E+000
3275.0000,0.0000E+000
3276.0000,2.9989E-001
3277.0000,5.4388E+000
3278.0000,9.7566E-002
3279.0000,0.0000E+000
3280.0000,0.0000E+000
3281.0000,0.0000E+000
3282.0000,0.0000E+000
3283.0000,0.0000E+000
3284.0000,0.0000E+000
3285.0000,0.0000E+000
3286.0000,0.0000E+000
3287.0000,0.0000E+000
3288.0000,0.0000E+000
3289.0000,0.0000E+000
3290.0000,0.0000E+000
3291.0000,0.0000E+000
3292.0000,2.6442E+000
3293.0000,0.0000E+000
3294.0000,0.0000E+000
3295.0000,0.0000E+000
3296.0000,0.0000E+000
3297.0000,1.6449E+000
3298.0000,1.2559E+000
3299.0000,0.0000E+000
3300.0000,1.0032E+000
3301.0000,0.0000E+000
3302.0000,0.0000E+000
3303.0000,0.0000E+000
3304.0000,0.0000E+000
3305.0000,0.0000E+000
3306.0000,0.0000E+000
3307.0000,0.0000E+000
3308.0000,0.0000E+000
3309.0000,0.0000E+000
3310.0000,0.0000E+000
3311.0000,0.0000E+000
3312.0000,0.0000E+000
3313.0000,0.0000E+000
3314.0000,0.0000E+000
3315.0000,0.0000E+000
3316.0000,0.0000E+000
3317.0000,0.0000E+000
3318.0000,0.0000E+000
3319.0000,0.0000E+000
3320.0000,0.0000E+000
3321.0000,0.0000E+000
3322.0000,0.0000E+000
3323.0000,0.0000E+000
3324.0000,0.0000E+000
3325.0000,0.0000E+000
3326.0000,0.0000E+000
3327.0000,0.0000E+000
3328.0000,0.0000E+000
3329.0000,0.0000E+000
3330.0000,0.0000E+000
3331.0000,0.0000E+000
3332.0000,0.0000E+000
3333.0000,0.0000E+000
3334.0000,0.0000E+000
3335.0000,0.0000E+000
3336.0000,0.0000E+000
3337.0000,0.0000E+000
3338.0000,0.0000E+000
3339.0000,-4.9854E+000
3340.0000,0.0000E+000
3341.0000,0.0000E+000
3342.0000,0.0000E+000
3343.0000,0.0000E+000
3344.0000,0.0000E+000
3345.0000,0.0000E+000
3346.0000,0.0000E+000
3347.0000,0.0000E+000
3348.0000,0.0000E+000
3349.0000,0.0000E+000
3350.0000,0.0000E+000
3351.0000,0.0000E+000
3352.0000,0.0000E+000
3353.0000,0.0000E+000
3354.0000,0.0000E+000
3355.0000,0.0000E+000
3356.0000,-2.1646E+000
3357.0000,0.0000E+000
3358.0000,0.0000E+000
3359.0000,0.0000E+000
3360.0000,-4.8493E+000
3361.0000,0.0000E+000
3362.0000,0.0000E+000
3363.0000,0.0000E+000
3364.0000,0.0000E+000
3365.0000,-1.3724E+000
3366.0000,0.0000E+000
3367.0000,0.0000E+000
3368.0000,0.0000E+000
3369.0000,0.0000E+000
3370.0000,0.0000E+000
3371.0000,0.0000E+000
3372.0000,0.0000E+000
3373.0000,-4.9318E+000
3374.0000,3.2135E-001
3375.0000,-1.1131E-001
3376.0000,0.0000E+000
3377.0000,-3.2846E+000
3378.0000,4.0970E-001
3379.0000,-2.6263E+000
3380.0000,-1.4294E+000
3381.0000,-2.8009E-001
3382.0000,-6.9329E+000
3383.0000,-7.2628E-001
3384.0000,6.1858E+000
3385.0000,-1.9035E+000
3386.0000,-3.1039E+000
3387.0000,3.8170E+000
3388.0000,1.7198E+000
3389.0000,2.3676E+000
3390.0000,2.0301E+001
3391.0000,2.5526E+001
3392.0000,0.0000E+000
3393.0000,0.0000E+000
3394.0000,0.0000E+000
3395.0000,-8.8773E-001
3396.0000,-6.0705E-001
3397.0000,3.3686E-001
3398.0000,4.4016E+000
3399.0000,2.1188E+001
3400.0000,-8.9358E+001
3401.0000,-2.5330E+001
3402.0000,-1.0992E+001
3403.0000,-5.0298E+000
3404.0000,-2.2860E+001
3405.0000,-2.7156E+001
3406.0000,-3.2213E+001
3407.0000,1.6058E+001
3408.0000,-1.5774E+000
3409.0000,-7.3393E+000
3410.0000,-5.6050E+000
3411.0000,-1.7510E+001
3412.0000,-3.0018E+001
3413.0000,-3.2771E+001
3414.0000,-9.1159E+000
3415.0000,-2.1810E+000
3416.0000,3.3346E+001
3417.0000,-9.3824E+000
3418.0000,-2.9311E+001
3419.0000,-2.3745E+001
3420.0000,-5.0768E+001
3421.0000,-9.1621E+000
3422.0000,4.5342E+001
3423.0000,1.3535E+000
3424.0000,-7.2784E+001
3425.0000,-1.0640E+002
3426.0000,-7.5040E+001
3427.0000,-2.1486E+001
3428.0000,-4.3616E+001
3429.0000,-1.7024E+001
3430.0000,-2.0725E+001
3431.0000,-2.9711E+001
3432.0000,-6.0203E+001
3433.0000,-1.7925E+001
3434.0000,-8.1199E+001
3435.0000,-5.3029E+001
3436.0000,-5.1750E+001
3437.0000,-9.0895E+001
3438.0000,-5.4811E+001
3439.0000,-9.2371E+001
3440.0000,-6.7815E+001
3441.0000,-6.6687E+001
3442.0000,-6.1265E+001
3443.0000,-1.4344E+002
3444.0000,-9.6930E+001
3445.0000,-4.7160E+001
3446.0000,-6.0349E+001
3447.0000,-5.0375E+001
3448.0000,-1.0988E+002
3449.0000,-1.4407E+002
3450.0000,-7.2171E+001
3451.0000,-4.1735E+001
3452.0000,-1.5765E+002
3453.0000,-6.3972E+001
3454.0000,-5.6763E+001
3455.0000,-9.3415E+001
3456.0000,-1.3103E+002
3457.0000,-1.7251E+002
3458.0000,-1.3648E+002
3459.0000,-1.0646E+002
3460.0000,-6.0113E+001
3461.0000,-1.4935E+002
3462.0000,-1.1009E+002
3463.0000,-3.0579E+001
3464.0000,-9.1219E+001
3465.0000,-6.4160E+001
3466.0000,-1.0752E+002
3467.0000,-1.2772E+002
3468.0000,-1.1150E+002
3469.0000,-8.2699E+001
3470.0000,-6.9665E+001
3471.0000,-8.2535E+001
3472.0000,-3.2571E+002
3473.0000,-1.9686E+002
3474.0000,-1.2990E+002
3475.0000,-7.9883E+001
3476.0000,-1.3440E+002
3477.0000,-1.0098E+002
3478.0000,-8.7215E+001
3479.0000,-9.4870E+001
3480.0000,-1.3871E+002
3481.0000,-7.9585E+001
3482.0000,-9.0318E+001
3483.0000,-7.4377E+001
3484.0000,-1.3308E+002
3485.0000,-1.1808E+002
3486.0000,-7.5983E+001
3487.0000,-1.0650E+002
3488.0000,-8.1913E+001
3489.0000,-1.0047E+002
3490.0000,-1.2902E+002
3491.0000,-1.4570E+002
3492.0000,-1.6135E+002
3493.0000,-1.5817E+002
3494.0000,-1.3662E+002
3495.0000,-7.2969E+001
3496.0000,-1.7384E+002
3497.0000,-9.9609E+001
3498.0000,-1.1269E+002
3499.0000,-8.0164E+001
3500.0000,-8.8765E+001
3501.0000,-7.6425E+001
3502.0000,-7.8702E+001
3503.0000,-7.8066E+001
3504.0000,-1.1664E+002
3505.0000,-1.4283E+002
3506.0000,-1.5797E+002
3507.0000,-1.2679E+002
3508.0000,-9.4760E+001
3509.0000,-6.9530E+001
3510.0000,-1.5394E+002
3511.0000,-1.8810E+002
3512.0000,-1.4970E+002
3513.0000,-1.2989E+002
3514.0000,-1.3001E+002
3515.0000,-1.1314E+002
3516.0000,-1.5950E+002
3517.0000,-9.1813E+001
3518.0000,-5.7559E+001
3519.0000,-6.8683E+001
3520.0000,-8.2862E+001
3521.0000,-8.2165E+001
3522.0000,-6.7638E+001
3523.0000,-6.4984E+001
3524.0000,-7.8912E+001
3525.0000,-9.5177E+001
3526.0000,-1.2863E+002
3527.0000,-1.3644E+002
3528.0000,-1.4053E+002
3529.0000,-1.2982E+002
3530.0000,-6.0410E+001
3531.0000,-5.1703E+001
3532.0000,-1.1007E+002
3533.0000,-1.0413E+002
3534.0000,-9.4988E+001
3535.0000,-8.6231E+001
3536.0000,-1.5706E+002
3537.0000,-1.0094E+002
3538.0000,-1.1261E+002
3539.0000,-9.3871E+001
3540.0000,-1.4275E+002
3541.0000,-2.0232E+002
3542.0000,-1.1879E+002
3543.0000,-1.4570E+002
3544.0000,-9.8924E+001
3545.0000,-6.8967E+001
3546.0000,-7.9726E+001
3547.0000,-9.6932E+001
3548.0000,-1.2066E+002
3549.0000,-1.5088E+002
3550.0000,-1.0747E+002
3551.0000,-1.0017E+002
3552.0000,-1.7034E+002
3553.0000,-5.5616E+001
3554.0000,-5.8114E+001
3555.0000,-6.9836E+001
3556.0000,-5.2009E+001
3557.0000,-3.7676E+001
3558.0000,-3.0779E+001
3559.0000,-6.5451E+001
3560.0000,-5.9595E+001
3561.0000,-6.1657E+001
3562.0000,-6.7220E+001
3563.0000,-7.8078E+001
3564.0000,-9.1169E+001
3565.0000,-1.0102E+002
3566.0000,-1.0957E+002
3567.0000,-9.3540E+001
3568.0000,-1.9392E+002
3569.0000,-1.4141E+002
3570.0000,-6.8384E+001
3571.0000,-8.7161E+001
3572.0000,-9.3504E+001
3573.0000,-6.2904E+001
3574.0000,-2.1721E+001
3575.0000,8.1714E+000
3576.0000,-3.3130E+001
3577.0000,-5.2265E+001
3578.0000,-1.5715E+002
3579.0000,-1.3299E+002
3580.0000,-6.3828E+001
3581.0000,-9.9225E+001
3582.0000,-1.4547E+002
3583.0000,-1.0310E+002
3584.0000,-7.3808E+001
3585.0000,-9.1617E+001
3586.0000,-1.3223E+002
3587.0000,-4.1495E+001
3588.0000,-2.6161E+001
3589.0000,-8.1289E+001
3590.0000,-5.0162E+001
3591.0000,-1.0928E+002
3592.0000,-2.1658E+002
3593.0000,-2.0403E+002
3594.0000,-4.9090E+001
3595.0000,-6.5307E+001
3596.0000,-3.4542E+001
3597.0000,-7.3876E+001
3598.0000,-1.0913E+002
3599.0000,-8.1432E+001
3600.0000,-4.8752E+001
3601.0000,-4.8252E+001
3602.0000,-1.6512E+001
3603.0000,-7.6208E+001
3604.0000,-8.2479E+001
3605.0000,-1.1397E+002
3606.0000,-8.0384E+001
3607.0000,-5.6425E+001
3608.0000,-1.0156E+002
3609.0000,-1.4945E+002
3610.0000,-1.1358E+002
3611.0000,-1.2246E+002
3612.0000,-9.9030E+001
3613.0000,-3.5449E+001
3614.0000,6.4419E+000
3615.0000,-3.1176E+000
3616.0000,-3.5300E+001
3617.0000,-6.7003E+001
3618.0000,-5.7307E+001
3619.0000,-5.3546E+001
3620.0000,-6.0899E+001
3621.0000,-9.0201E+000
3622.0000,-4.4201E+001
3623.0000,-2.8757E+001
3624.0000,-6.1916E+001
3625.0000,-3.5344E+001
3626.0000,-2.1289E+001
3627.0000,-7.6034E+001
3628.0000,-5.3595E+001
3629.0000,-3.0843E+001
3630.0000,-4.2241E+001
3631.0000,-2.6571E+001
3632.0000,-3.5398E+001
3633.0000,-4.7221E+001
3634.0000,-3.1821E+001
3635.0000,-2.9484E+001
3636.0000,-1.5940E+001
3637.0000,-5.9508E+000
3638.0000,-3.8007E+001
3639.0000,-4.9412E+001
3640.0000,-3.0260E+001
3641.0000,-2.2187E+001
3642.0000,-1.5051E+001
3643.0000,-1.0372E+001
3644.0000,-4.6651E+000
3645.0000,2.4924E+001
3646.0000,-3.6722E+001
3647.0000,-1.4449E+001
3648.0000,-7.3249E+000
3649.0000,-4.2020E+001
3650.0000,-5.8153E+001
3651.0000,-5.9167E+001
3652.0000,-6.7788E+001
