"",32.500
177.5000,0.0000E+000
178.5000,-4.2778E+002
179.5000,-4.3094E+002
180.5000,-4.3347E+002
181.5000,-4.3421E+002
182.5000,-4.3483E+002
183.5000,-4.3305E+002
184.5000,-4.3603E+002
185.5000,-4.3589E+002
186.5000,-4.3389E+002
187.5000,-4.2392E+002
188.5000,-4.1359E+002
189.5000,-4.2093E+002
190.5000,-4.2360E+002
191.5000,-4.2713E+002
192.5000,-4.3142E+002
193.5000,-4.3442E+002
194.5000,-4.3718E+002
195.5000,-4.4135E+002
196.5000,-4.4257E+002
197.5000,-4.4045E+002
198.5000,-4.3944E+002
199.5000,-4.4155E+002
200.5000,-4.4379E+002
201.5000,-4.4578E+002
202.5000,-4.4595E+002
203.5000,-4.4139E+002
204.5000,-4.3960E+002
205.5000,-4.3876E+002
206.5000,-4.4244E+002
207.5000,-4.4257E+002
208.5000,-4.4059E+002
209.5000,-4.3051E+002
210.5000,-4.3272E+002
211.5000,-4.2832E+002
212.5000,-4.4449E+002
213.5000,-4.4640E+002
214.5000,-4.4750E+002
215.5000,-4.4936E+002
216.5000,-4.5055E+002
217.5000,-4.4450E+002
218.5000,-4.3886E+002
219.5000,-4.5144E+002
220.5000,-4.4995E+002
221.5000,-4.5250E+002
222.5000,-4.5364E+002
223.5000,-4.5284E+002
224.5000,-4.5437E+002
225.5000,-4.4437E+002
226.5000,-4.4115E+002
227.5000,-4.4072E+002
228.5000,-4.4184E+002
229.5000,-4.3607E+002
230.5000,-4.4286E+002
231.5000,-4.3556E+002
232.5000,-4.3439E+002
233.5000,-4.3612E+002
234.5000,-4.3000E+002
235.5000,-4.3142E+002
236.5000,-4.1452E+002
237.5000,-4.2700E+002
238.5000,-4.3146E+002
239.5000,-4.2918E+002
240.5000,-4.1990E+002
241.5000,-4.2122E+002
242.5000,-4.2253E+002
243.5000,-4.2241E+002
244.5000,-4.2551E+002
245.5000,-4.2411E+002
246.5000,-4.1632E+002
247.5000,-4.1483E+002
248.5000,-4.1716E+002
249.5000,-4.1907E+002
250.5000,-4.2221E+002
251.5000,-4.1776E+002
252.5000,-4.1999E+002
253.5000,-4.0955E+002
254.5000,-4.1862E+002
255.5000,-4.2135E+002
256.5000,-4.2219E+002
257.5000,-4.2109E+002
258.5000,-4.1714E+002
259.5000,-4.1468E+002
260.5000,-4.1331E+002
261.5000,-4.1202E+002
262.5000,-4.1413E+002
263.5000,-4.1360E+002
264.5000,-4.1330E+002
265.5000,-4.0626E+002
266.5000,-4.1070E+002
267.5000,-4.0033E+002
268.5000,-4.0449E+002
269.5000,-4.0185E+002
270.5000,-3.9494E+002
271.5000,-3.9893E+002
272.5000,-3.9224E+002
273.5000,-3.9696E+002
274.5000,-3.9487E+002
275.5000,-3.9885E+002
276.5000,-3.9951E+002
277.5000,-4.0051E+002
278.5000,-4.0140E+002
279.5000,-4.0098E+002
280.5000,-3.9941E+002
281.5000,-3.9515E+002
282.5000,-3.8765E+002
283.5000,-3.8982E+002
284.5000,-3.8444E+002
285.5000,-3.8274E+002
286.5000,-3.7962E+002
287.5000,-3.7957E+002
288.5000,-3.8010E+002
289.5000,-3.7719E+002
290.5000,-3.7611E+002
291.5000,-3.7554E+002
292.5000,-3.7454E+002
293.5000,-3.7373E+002
294.5000,-3.7249E+002
295.5000,-3.7123E+002
296.5000,-3.7007E+002
297.5000,-3.6854E+002
298.5000,-3.6679E+002
299.5000,-3.6552E+002
300.5000,-3.6449E+002
301.5000,-3.6345E+002
302.5000,-3.6279E+002
303.5000,-3.6247E+002
304.5000,-3.6211E+002
305.5000,-3.6134E+002
306.5000,-3.6054E+002
307.5000,-3.6033E+002
308.5000,-3.6023E+002
309.5000,-3.6010E+002
310.5000,-3.5944E+002
311.5000,-3.5848E+002
312.5000,-3.5750E+002
313.5000,-3.5656E+002
314.5000,-3.5480E+002
315.5000,-3.5358E+002
316.5000,-3.5279E+002
317.5000,-3.5223E+002
318.5000,-3.5129E+002
319.5000,-3.5124E+002
320.5000,-3.5020E+002
321.5000,-3.4810E+002
322.5000,-3.3895E+002
323.5000,-3.3726E+002
324.5000,-3.4447E+002
325.5000,-3.4373E+002
326.5000,-3.4356E+002
327.5000,-3.4201E+002
328.5000,-3.4005E+002
329.5000,-3.3852E+002
330.5000,-3.3768E+002
331.5000,-3.3714E+002
332.5000,-3.3708E+002
333.5000,-3.3700E+002
334.5000,-3.3612E+002
335.5000,-3.3469E+002
336.5000,-3.3211E+002
337.5000,-3.3165E+002
338.5000,-3.3026E+002
339.5000,-3.2901E+002
340.5000,-3.2716E+002
341.5000,-3.2539E+002
342.5000,-3.2368E+002
343.5000,-3.2289E+002
344.5000,-3.2198E+002
345.5000,-3.2086E+002
346.5000,-3.1892E+002
347.5000,-3.1691E+002
348.5000,-3.1508E+002
349.5000,-3.1443E+002
350.5000,-3.1412E+002
351.5000,-3.1334E+002
352.5000,-3.1268E+002
353.5000,-3.1180E+002
354.5000,-3.1051E+002
355.5000,-3.0960E+002
356.5000,-3.0956E+002
357.5000,-3.0962E+002
358.5000,-3.0943E+002
359.5000,-3.0932E+002
360.5000,-3.0867E+002
361.5000,-3.0809E+002
362.5000,-3.0827E+002
363.5000,-3.0785E+002
364.5000,-3.0645E+002
365.5000,0.0000E+000
366.5000,0.0000E+000
367.5000,0.0000E+000
368.5000,0.0000E+000
369.5000,0.0000E+000
370.5000,0.0000E+000
371.5000,0.0000E+000
372.5000,0.0000E+000
373.5000,0.0000E+000
374.5000,0.0000E+000
375.5000,-2.5251E+002
376.5000,-3.0932E+002
377.5000,-3.0932E+002
378.5000,0.0000E+000
379.5000,0.0000E+000
380.5000,0.0000E+000
381.5000,0.0000E+000
382.5000,0.0000E+000
383.5000,0.0000E+000
384.5000,-3.0932E+002
385.5000,0.0000E+000
386.5000,0.0000E+000
387.5000,0.0000E+000
388.5000,0.0000E+000
389.5000,0.0000E+000
390.5000,0.0000E+000
391.5000,0.0000E+000
392.5000,0.0000E+000
393.5000,0.0000E+000
394.5000,0.0000E+000
395.5000,0.0000E+000
396.5000,0.0000E+000
397.5000,0.0000E+000
398.5000,-3.0932E+002
399.5000,-3.0932E+002
400.5000,-2.5251E+002
401.5000,0.0000E+000
402.5000,0.0000E+000
403.5000,0.0000E+000
404.5000,0.0000E+000
405.5000,0.0000E+000
406.5000,0.0000E+000
407.5000,0.0000E+000
408.5000,0.0000E+000
409.5000,0.0000E+000
410.5000,-2.5251E+002
411.5000,-3.0932E+002
412.5000,0.0000E+000
413.5000,0.0000E+000
414.5000,0.0000E+000
415.5000,0.0000E+000
416.5000,0.0000E+000
417.5000,0.0000E+000
418.5000,0.0000E+000
419.5000,0.0000E+000
420.5000,0.0000E+000
421.5000,0.0000E+000
422.5000,0.0000E+000
423.5000,0.0000E+000
424.5000,0.0000E+000
425.5000,0.0000E+000
426.5000,0.0000E+000
427.5000,0.0000E+000
428.5000,0.0000E+000
429.5000,0.0000E+000
430.5000,0.0000E+000
431.5000,0.0000E+000
432.5000,-3.0932E+002
433.5000,-3.0932E+002
434.5000,-3.0932E+002
435.5000,-3.0932E+002
436.5000,-3.0932E+002
437.5000,-3.0932E+002
438.5000,0.0000E+000
439.5000,0.0000E+000
440.5000,0.0000E+000
441.5000,0.0000E+000
442.5000,0.0000E+000
443.5000,0.0000E+000
444.5000,0.0000E+000
445.5000,0.0000E+000
446.5000,-2.5251E+002
447.5000,-3.0932E+002
448.5000,-2.5251E+002
449.5000,-3.0932E+002
450.5000,-3.0932E+002
451.5000,-3.0932E+002
452.5000,-3.0932E+002
453.5000,-3.0932E+002
454.5000,-3.0932E+002
455.5000,-3.0932E+002
456.5000,-3.0932E+002
457.5000,-3.0932E+002
458.5000,-3.0932E+002
459.5000,0.0000E+000
460.5000,-2.5251E+002
461.5000,-3.0932E+002
462.5000,-3.0932E+002
463.5000,-3.0785E+002
464.5000,-3.1531E+002
465.5000,-3.2028E+002
466.5000,-3.1872E+002
467.5000,-3.1877E+002
468.5000,-3.2035E+002
469.5000,-3.2193E+002
470.5000,-3.2302E+002
471.5000,-3.2402E+002
472.5000,-3.2602E+002
473.5000,-3.2781E+002
474.5000,-3.3000E+002
475.5000,-3.3188E+002
476.5000,-3.3139E+002
477.5000,-3.3111E+002
478.5000,-3.3220E+002
479.5000,-3.3304E+002
480.5000,-3.3455E+002
481.5000,-3.3631E+002
482.5000,-3.3808E+002
483.5000,-3.4046E+002
484.5000,-3.4359E+002
485.5000,-3.4564E+002
486.5000,-3.4416E+002
487.5000,-3.4525E+002
488.5000,-3.5311E+002
489.5000,-3.6007E+002
490.5000,-3.6152E+002
491.5000,-3.6303E+002
492.5000,-3.6736E+002
493.5000,-3.6688E+002
494.5000,-3.6480E+002
495.5000,-3.6486E+002
496.5000,-3.6064E+002
497.5000,-3.5671E+002
498.5000,-3.5352E+002
499.5000,-3.5302E+002
500.5000,-3.5445E+002
501.5000,-3.5674E+002
502.5000,-3.6032E+002
503.5000,-3.6029E+002
504.5000,-3.5897E+002
505.5000,-3.5865E+002
506.5000,-3.5647E+002
507.5000,-3.5576E+002
508.5000,-3.5816E+002
509.5000,-3.6456E+002
510.5000,-3.7267E+002
511.5000,-3.8091E+002
512.5000,-3.9246E+002
513.5000,-4.0246E+002
514.5000,-4.1404E+002
515.5000,-4.1952E+002
516.5000,-4.2235E+002
517.5000,-4.1701E+002
518.5000,-4.0530E+002
519.5000,-3.9510E+002
520.5000,-3.9434E+002
521.5000,-3.9750E+002
522.5000,-3.9247E+002
523.5000,-3.8885E+002
524.5000,-3.8891E+002
525.5000,-3.8596E+002
526.5000,-3.8235E+002
527.5000,-3.8657E+002
528.5000,-3.9230E+002
529.5000,-3.9663E+002
530.5000,-3.9971E+002
531.5000,-4.0392E+002
532.5000,-4.0891E+002
533.5000,-4.1953E+002
534.5000,-4.2530E+002
535.5000,-4.2749E+002
536.5000,-4.2924E+002
537.5000,-4.2868E+002
538.5000,-4.3055E+002
539.5000,-4.2806E+002
540.5000,-4.2416E+002
541.5000,-4.2303E+002
542.5000,-4.2006E+002
543.5000,-4.1643E+002
544.5000,-4.1938E+002
545.5000,-4.2152E+002
546.5000,-4.1986E+002
547.5000,-4.1869E+002
548.5000,-4.2192E+002
549.5000,-4.2514E+002
550.5000,-4.2810E+002
551.5000,-4.2552E+002
552.5000,-4.2598E+002
553.5000,-4.3005E+002
554.5000,-4.3174E+002
555.5000,-4.3098E+002
556.5000,-4.2965E+002
557.5000,-4.2978E+002
558.5000,-4.3258E+002
559.5000,-4.3607E+002
560.5000,-4.3857E+002
561.5000,-4.4317E+002
562.5000,-4.4716E+002
563.5000,-4.4921E+002
564.5000,-4.4941E+002
565.5000,-4.4717E+002
566.5000,-4.4489E+002
567.5000,-4.4219E+002
568.5000,-4.3599E+002
569.5000,-4.3707E+002
570.5000,-4.3246E+002
571.5000,-4.4317E+002
572.5000,-4.4270E+002
573.5000,-4.4044E+002
574.5000,-4.4007E+002
575.5000,-4.4106E+002
576.5000,-4.3983E+002
577.5000,-4.4517E+002
578.5000,-4.4770E+002
579.5000,-4.4731E+002
580.5000,-4.4552E+002
581.5000,-4.3501E+002
582.5000,-4.4360E+002
583.5000,-4.3706E+002
584.5000,-4.4183E+002
585.5000,-4.4162E+002
586.5000,-4.3344E+002
587.5000,-4.1824E+002
588.5000,-4.1475E+002
589.5000,-4.2938E+002
590.5000,-4.3139E+002
591.5000,-4.3141E+002
592.5000,-4.2888E+002
593.5000,-4.3085E+002
594.5000,-4.3274E+002
595.5000,-4.3217E+002
596.5000,-4.2443E+002
597.5000,-4.2910E+002
598.5000,-4.2070E+002
599.5000,-4.1946E+002
600.5000,-4.2436E+002
601.5000,-4.1405E+002
602.5000,-4.2223E+002
603.5000,-4.1492E+002
604.5000,-4.1602E+002
605.5000,-4.0123E+002
606.5000,-4.1392E+002
607.5000,-4.0921E+002
608.5000,-4.1321E+002
609.5000,-4.0537E+002
610.5000,-3.9311E+002
611.5000,-3.9971E+002
612.5000,-4.0439E+002
613.5000,-4.0672E+002
614.5000,-4.0874E+002
615.5000,-4.1074E+002
616.5000,-4.1095E+002
617.5000,-4.0915E+002
618.5000,-4.0890E+002
619.5000,-4.0713E+002
620.5000,-4.0219E+002
621.5000,-3.8980E+002
622.5000,-4.0251E+002
623.5000,-4.0601E+002
624.5000,-4.0848E+002
625.5000,-4.1034E+002
626.5000,-4.0942E+002
627.5000,-4.0774E+002
628.5000,-4.0266E+002
629.5000,-4.0148E+002
630.5000,-3.9359E+002
631.5000,-3.9630E+002
632.5000,-3.9921E+002
633.5000,-3.9503E+002
634.5000,-3.8243E+002
635.5000,-3.8879E+002
636.5000,-3.7999E+002
637.5000,-3.7960E+002
638.5000,-3.8026E+002
639.5000,-3.8111E+002
640.5000,-3.9094E+002
641.5000,-3.9214E+002
642.5000,-3.9032E+002
643.5000,-3.8786E+002
644.5000,-3.8341E+002
645.5000,-3.7742E+002
646.5000,-3.8630E+002
647.5000,-3.8699E+002
648.5000,-3.8138E+002
649.5000,-3.8661E+002
650.5000,-3.8186E+002
651.5000,-3.8066E+002
652.5000,-3.7669E+002
653.5000,-3.7829E+002
654.5000,-3.7345E+002
655.5000,-3.7666E+002
656.5000,-3.7920E+002
657.5000,-3.7633E+002
658.5000,-3.7796E+002
659.5000,-3.7673E+002
660.5000,-3.7588E+002
661.5000,-3.7435E+002
662.5000,-3.7246E+002
663.5000,-3.7070E+002
664.5000,-3.6961E+002
665.5000,-3.6832E+002
666.5000,-3.6641E+002
667.5000,-3.6472E+002
668.5000,-3.6412E+002
669.5000,-3.6403E+002
670.5000,-3.5951E+002
671.5000,-3.5795E+002
672.5000,-3.5849E+002
673.5000,-3.4587E+002
674.5000,-3.5778E+002
675.5000,-3.5828E+002
676.5000,-3.5798E+002
677.5000,-3.5803E+002
678.5000,-3.5716E+002
679.5000,-3.5693E+002
680.5000,-3.5710E+002
681.5000,-3.5688E+002
682.5000,-3.5667E+002
683.5000,-3.5667E+002
684.5000,-3.5688E+002
685.5000,-3.5707E+002
686.5000,-3.5361E+002
687.5000,-3.5024E+002
688.5000,-3.5418E+002
689.5000,-3.5286E+002
690.5000,-3.5175E+002
691.5000,-3.5041E+002
692.5000,-3.4940E+002
693.5000,-3.4854E+002
694.5000,-3.4787E+002
695.5000,-3.4750E+002
696.5000,-3.4715E+002
697.5000,-3.4689E+002
698.5000,-3.4702E+002
699.5000,-3.4706E+002
700.5000,-3.4538E+002
701.5000,-3.4367E+002
702.5000,-3.4302E+002
703.5000,-3.4158E+002
704.5000,-3.3995E+002
705.5000,-3.3884E+002
706.5000,-3.3665E+002
707.5000,-3.3490E+002
708.5000,-3.3390E+002
709.5000,-3.3308E+002
710.5000,-3.3244E+002
711.5000,-3.3198E+002
712.5000,-3.3190E+002
713.5000,-3.3155E+002
714.5000,-3.3104E+002
715.5000,-3.3061E+002
716.5000,-3.3022E+002
717.5000,-3.2926E+002
718.5000,-3.2835E+002
719.5000,-3.2756E+002
720.5000,-3.2692E+002
721.5000,-3.2669E+002
722.5000,-3.2619E+002
723.5000,-3.2549E+002
724.5000,-3.2507E+002
725.5000,-3.2443E+002
726.5000,-3.2331E+002
727.5000,-3.2225E+002
728.5000,-3.2124E+002
729.5000,-3.2047E+002
730.5000,-3.2021E+002
731.5000,-3.1990E+002
732.5000,-3.1933E+002
733.5000,-3.1911E+002
734.5000,-3.1937E+002
735.5000,-3.2021E+002
736.5000,-3.2005E+002
737.5000,-3.1969E+002
738.5000,-3.1893E+002
739.5000,-3.1777E+002
740.5000,-3.1653E+002
741.5000,-3.1635E+002
742.5000,-3.1624E+002
743.5000,-3.1494E+002
744.5000,-3.1379E+002
745.5000,-3.1413E+002
746.5000,-3.1228E+002
747.5000,-3.1134E+002
748.5000,-3.1149E+002
749.5000,-3.1060E+002
750.5000,-3.0895E+002
751.5000,-3.0777E+002
752.5000,-3.0729E+002
753.5000,-3.0691E+002
754.5000,0.0000E+000
755.5000,0.0000E+000
756.5000,0.0000E+000
757.5000,0.0000E+000
758.5000,0.0000E+000
759.5000,0.0000E+000
760.5000,0.0000E+000
761.5000,0.0000E+000
762.5000,0.0000E+000
763.5000,0.0000E+000
764.5000,0.0000E+000
765.5000,0.0000E+000
766.5000,0.0000E+000
767.5000,0.0000E+000
768.5000,0.0000E+000
769.5000,0.0000E+000
770.5000,0.0000E+000
771.5000,0.0000E+000
772.5000,0.0000E+000
773.5000,0.0000E+000
774.5000,0.0000E+000
775.5000,0.0000E+000
776.5000,0.0000E+000
777.5000,0.0000E+000
778.5000,0.0000E+000
779.5000,0.0000E+000
780.5000,0.0000E+000
781.5000,0.0000E+000
782.5000,0.0000E+000
783.5000,0.0000E+000
784.5000,0.0000E+000
785.5000,0.0000E+000
786.5000,0.0000E+000
787.5000,0.0000E+000
788.5000,0.0000E+000
789.5000,0.0000E+000
790.5000,0.0000E+000
791.5000,0.0000E+000
792.5000,0.0000E+000
793.5000,0.0000E+000
794.5000,0.0000E+000
795.5000,0.0000E+000
796.5000,0.0000E+000
797.5000,0.0000E+000
798.5000,-2.5251E+002
799.5000,-3.0932E+002
800.5000,-3.0932E+002
801.5000,-3.0932E+002
802.5000,-3.0932E+002
803.5000,-3.0932E+002
804.5000,0.0000E+000
805.5000,0.0000E+000
806.5000,0.0000E+000
807.5000,0.0000E+000
808.5000,0.0000E+000
809.5000,0.0000E+000
810.5000,-3.0932E+002
811.5000,-3.0932E+002
812.5000,-2.5251E+002
813.5000,-2.5251E+002
814.5000,-3.0932E+002
815.5000,-3.0932E+002
816.5000,-3.0932E+002
817.5000,-3.0932E+002
818.5000,-3.0932E+002
819.5000,-3.0932E+002
820.5000,-3.0932E+002
821.5000,-3.0932E+002
822.5000,-3.0932E+002
823.5000,0.0000E+000
824.5000,0.0000E+000
825.5000,0.0000E+000
826.5000,0.0000E+000
827.5000,0.0000E+000
828.5000,0.0000E+000
829.5000,0.0000E+000
830.5000,0.0000E+000
831.5000,0.0000E+000
832.5000,-3.0932E+002
833.5000,-3.0932E+002
834.5000,-3.0932E+002
835.5000,-3.0932E+002
836.5000,-3.0932E+002
837.5000,-3.0932E+002
838.5000,-3.0932E+002
839.5000,-3.0932E+002
840.5000,-3.0617E+002
841.5000,-3.1773E+002
842.5000,-3.1830E+002
843.5000,-3.2058E+002
844.5000,-3.2175E+002
845.5000,-3.2317E+002
846.5000,-3.2378E+002
847.5000,-3.2584E+002
848.5000,-3.2651E+002
849.5000,-3.2757E+002
850.5000,-3.2912E+002
851.5000,-3.3098E+002
852.5000,-3.3236E+002
853.5000,-3.3390E+002
854.5000,-3.3556E+002
855.5000,-3.3708E+002
856.5000,-3.4148E+002
857.5000,-3.4506E+002
858.5000,-3.5063E+002
859.5000,-3.5720E+002
860.5000,-3.6148E+002
861.5000,-3.6480E+002
862.5000,-3.6503E+002
863.5000,-3.6592E+002
864.5000,-3.6668E+002
865.5000,-3.6939E+002
866.5000,-3.7038E+002
867.5000,-3.6725E+002
868.5000,-3.6319E+002
869.5000,-3.6224E+002
870.5000,-3.6278E+002
871.5000,-3.6795E+002
872.5000,-3.7637E+002
873.5000,-3.8521E+002
874.5000,-3.9135E+002
875.5000,-3.9531E+002
876.5000,-3.9601E+002
877.5000,-3.9883E+002
878.5000,-3.9866E+002
879.5000,-4.0168E+002
880.5000,-4.0507E+002
881.5000,-4.0968E+002
882.5000,-4.1332E+002
883.5000,-4.1247E+002
884.5000,-4.0528E+002
885.5000,-4.0556E+002
886.5000,-4.0333E+002
887.5000,-4.0375E+002
888.5000,-4.0938E+002
889.5000,-4.1444E+002
890.5000,-4.1704E+002
891.5000,-4.1671E+002
892.5000,-4.1761E+002
893.5000,-4.1631E+002
894.5000,-4.1574E+002
895.5000,-4.1811E+002
896.5000,-4.1587E+002
897.5000,-4.2102E+002
898.5000,-4.2422E+002
899.5000,-4.2820E+002
900.5000,-4.2467E+002
901.5000,-4.2181E+002
902.5000,-4.1506E+002
903.5000,-4.0964E+002
904.5000,-4.0931E+002
905.5000,-4.1346E+002
906.5000,-4.2019E+002
907.5000,-4.2503E+002
908.5000,-4.2701E+002
909.5000,-4.2639E+002
910.5000,-4.2020E+002
911.5000,-4.0418E+002
912.5000,-4.0887E+002
913.5000,-4.1406E+002
914.5000,-4.1549E+002
915.5000,-4.1600E+002
916.5000,-4.1854E+002
917.5000,-4.1912E+002
918.5000,-4.2043E+002
919.5000,-4.2610E+002
920.5000,-4.3161E+002
921.5000,-4.3300E+002
922.5000,-4.3411E+002
923.5000,-4.2982E+002
924.5000,-4.1767E+002
925.5000,-4.2947E+002
926.5000,-4.3081E+002
927.5000,-4.3161E+002
928.5000,-4.2310E+002
929.5000,-4.2834E+002
930.5000,-4.2874E+002
931.5000,-4.2782E+002
932.5000,-4.2780E+002
933.5000,-4.1831E+002
934.5000,-4.3074E+002
935.5000,-4.3390E+002
936.5000,-4.3711E+002
937.5000,-4.3988E+002
938.5000,-4.3913E+002
939.5000,-4.4010E+002
940.5000,-4.4075E+002
941.5000,-4.3239E+002
942.5000,-4.4136E+002
943.5000,-4.4577E+002
944.5000,-4.4629E+002
945.5000,-4.4489E+002
946.5000,-4.4331E+002
947.5000,-4.3917E+002
948.5000,-4.2835E+002
949.5000,-4.3582E+002
950.5000,-4.3536E+002
951.5000,-4.3263E+002
952.5000,-4.3416E+002
953.5000,-4.3454E+002
954.5000,-4.3111E+002
955.5000,-4.1819E+002
956.5000,-4.1849E+002
957.5000,-4.3046E+002
958.5000,-4.3195E+002
959.5000,-4.1467E+002
960.5000,-4.0705E+002
961.5000,-4.0773E+002
962.5000,-4.1436E+002
963.5000,-4.1850E+002
964.5000,-4.1839E+002
965.5000,-4.2069E+002
966.5000,-4.2437E+002
967.5000,-4.2567E+002
968.5000,-4.2585E+002
969.5000,-4.2727E+002
970.5000,-4.2899E+002
971.5000,-4.3029E+002
972.5000,-4.2654E+002
973.5000,-4.2034E+002
974.5000,-4.2062E+002
975.5000,-4.1539E+002
976.5000,-4.1985E+002
977.5000,-4.1668E+002
978.5000,-4.1543E+002
979.5000,-4.1497E+002
980.5000,-4.2166E+002
981.5000,-4.2031E+002
982.5000,-4.1220E+002
983.5000,-4.1503E+002
984.5000,-3.9127E+002
985.5000,-4.0952E+002
986.5000,-4.0788E+002
987.5000,-4.0132E+002
988.5000,-4.0096E+002
989.5000,-3.8681E+002
990.5000,-4.0422E+002
991.5000,-3.9963E+002
992.5000,-4.0307E+002
993.5000,-4.0526E+002
994.5000,-4.0614E+002
995.5000,-4.0529E+002
996.5000,-4.0435E+002
997.5000,-4.0443E+002
998.5000,-4.0645E+002
999.5000,-4.0712E+002
1000.5000,-4.0658E+002
1001.5000,-3.9163E+002
1002.5000,-3.9954E+002
1003.5000,-4.0150E+002
1004.5000,-4.0034E+002
1005.5000,-3.9752E+002
1006.5000,-4.0126E+002
1007.5000,-4.0307E+002
1008.5000,-4.0430E+002
1009.5000,-4.0353E+002
1010.5000,-4.0095E+002
1011.5000,-3.9983E+002
1012.5000,-3.9360E+002
1013.5000,-3.8587E+002
1014.5000,-3.9101E+002
1015.5000,-3.8489E+002
1016.5000,-3.7975E+002
1017.5000,-3.7314E+002
1018.5000,-3.8288E+002
1019.5000,-3.7985E+002
1020.5000,-3.8345E+002
1021.5000,-3.8353E+002
1022.5000,-3.8368E+002
1023.5000,-3.8293E+002
1024.5000,-3.8272E+002
1025.5000,-3.8162E+002
1026.5000,-3.7859E+002
1027.5000,-3.7529E+002
1028.5000,-3.7644E+002
1029.5000,-3.7649E+002
1030.5000,-3.7001E+002
1031.5000,-3.7197E+002
1032.5000,-3.6829E+002
1033.5000,-3.6979E+002
1034.5000,-3.6671E+002
1035.5000,-3.5972E+002
1036.5000,-3.5345E+002
1037.5000,-3.6347E+002
1038.5000,-3.5379E+002
1039.5000,-3.6480E+002
1040.5000,-3.6358E+002
1041.5000,-3.6194E+002
1042.5000,-3.6097E+002
1043.5000,-3.5931E+002
1044.5000,-3.5790E+002
1045.5000,-3.5661E+002
1046.5000,-3.5602E+002
1047.5000,-3.5532E+002
1048.5000,-3.5480E+002
1049.5000,-3.5330E+002
1050.5000,-3.5137E+002
1051.5000,-3.5006E+002
1052.5000,-3.4857E+002
1053.5000,-3.4699E+002
1054.5000,-3.4624E+002
1055.5000,-3.4609E+002
1056.5000,-3.4460E+002
1057.5000,-3.4287E+002
1058.5000,-3.4168E+002
1059.5000,-3.4090E+002
1060.5000,-3.4057E+002
1061.5000,-3.3956E+002
1062.5000,-3.3850E+002
1063.5000,-3.3706E+002
1064.5000,-3.3506E+002
1065.5000,-3.3344E+002
1066.5000,-3.3231E+002
1067.5000,-3.3055E+002
1068.5000,-3.2909E+002
1069.5000,-3.2766E+002
1070.5000,-3.2646E+002
1071.5000,-3.2553E+002
1072.5000,-3.2454E+002
1073.5000,-3.2360E+002
1074.5000,-3.2308E+002
1075.5000,-3.2256E+002
1076.5000,-3.2113E+002
1077.5000,-3.2060E+002
1078.5000,-3.1919E+002
1079.5000,-3.1777E+002
1080.5000,-3.1695E+002
1081.5000,-3.1531E+002
1082.5000,-3.1421E+002
1083.5000,-3.1357E+002
1084.5000,-3.1297E+002
1085.5000,-3.1242E+002
1086.5000,-3.1310E+002
1087.5000,-3.1316E+002
1088.5000,-3.1241E+002
1089.5000,-3.1148E+002
1090.5000,-3.1092E+002
1091.5000,-3.1115E+002
1092.5000,-3.1112E+002
1093.5000,-3.1066E+002
1094.5000,-3.0964E+002
1095.5000,-3.0743E+002
1096.5000,-3.0761E+002
1097.5000,0.0000E+000
1098.5000,0.0000E+000
1099.5000,0.0000E+000
1100.5000,0.0000E+000
1101.5000,-3.0932E+002
1102.5000,-3.0932E+002
1103.5000,-3.0932E+002
1104.5000,0.0000E+000
1105.5000,0.0000E+000
1106.5000,0.0000E+000
1107.5000,0.0000E+000
1108.5000,0.0000E+000
1109.5000,0.0000E+000
1110.5000,0.0000E+000
1111.5000,0.0000E+000
1112.5000,0.0000E+000
1113.5000,0.0000E+000
1114.5000,0.0000E+000
1115.5000,0.0000E+000
1116.5000,0.0000E+000
1117.5000,0.0000E+000
1118.5000,0.0000E+000
1119.5000,0.0000E+000
1120.5000,0.0000E+000
1121.5000,0.0000E+000
1122.5000,0.0000E+000
1123.5000,0.0000E+000
1124.5000,0.0000E+000
1125.5000,0.0000E+000
1126.5000,0.0000E+000
1127.5000,0.0000E+000
1128.5000,0.0000E+000
1129.5000,0.0000E+000
1130.5000,0.0000E+000
1131.5000,0.0000E+000
1132.5000,0.0000E+000
1133.5000,0.0000E+000
1134.5000,0.0000E+000
1135.5000,0.0000E+000
1136.5000,0.0000E+000
1137.5000,0.0000E+000
1138.5000,0.0000E+000
1139.5000,0.0000E+000
1140.5000,0.0000E+000
1141.5000,0.0000E+000
1142.5000,0.0000E+000
1143.5000,-3.0932E+002
1144.5000,0.0000E+000
1145.5000,0.0000E+000
1146.5000,0.0000E+000
1147.5000,0.0000E+000
1148.5000,0.0000E+000
1149.5000,0.0000E+000
1150.5000,0.0000E+000
1151.5000,0.0000E+000
1152.5000,0.0000E+000
1153.5000,0.0000E+000
1154.5000,0.0000E+000
1155.5000,0.0000E+000
1156.5000,0.0000E+000
1157.5000,0.0000E+000
1158.5000,-3.0932E+002
1159.5000,0.0000E+000
1160.5000,0.0000E+000
1161.5000,0.0000E+000
1162.5000,0.0000E+000
1163.5000,0.0000E+000
1164.5000,0.0000E+000
1165.5000,0.0000E+000
1166.5000,0.0000E+000
1167.5000,0.0000E+000
1168.5000,0.0000E+000
1169.5000,0.0000E+000
1170.5000,0.0000E+000
1171.5000,0.0000E+000
1172.5000,0.0000E+000
1173.5000,0.0000E+000
1174.5000,0.0000E+000
1175.5000,0.0000E+000
1176.5000,0.0000E+000
1177.5000,0.0000E+000
1178.5000,0.0000E+000
1179.5000,0.0000E+000
1180.5000,-2.5251E+002
1181.5000,0.0000E+000
1182.5000,0.0000E+000
1183.5000,0.0000E+000
1184.5000,0.0000E+000
1185.5000,-3.0932E+002
1186.5000,-3.0932E+002
1187.5000,-2.5251E+002
1188.5000,0.0000E+000
1189.5000,-3.0932E+002
1190.5000,-3.0932E+002
1191.5000,-3.0932E+002
1192.5000,-3.0932E+002
1193.5000,-3.0932E+002
1194.5000,-3.0932E+002
1195.5000,-3.0932E+002
1196.5000,-3.0932E+002
1197.5000,-3.0932E+002
1198.5000,-3.0932E+002
1199.5000,-3.0932E+002
1200.5000,-3.0932E+002
1201.5000,-3.0932E+002
1202.5000,-3.0932E+002
1203.5000,-3.0932E+002
1204.5000,-3.1697E+002
1205.5000,-3.1849E+002
1206.5000,-3.2029E+002
1207.5000,-3.2218E+002
1208.5000,-3.2418E+002
1209.5000,-3.2681E+002
1210.5000,-3.2920E+002
1211.5000,-3.3066E+002
1212.5000,-3.3073E+002
1213.5000,-3.3056E+002
1214.5000,-3.3125E+002
1215.5000,-3.3205E+002
1216.5000,-3.3363E+002
1217.5000,-3.3486E+002
1218.5000,-3.3593E+002
1219.5000,-3.3709E+002
1220.5000,-3.4174E+002
1221.5000,-3.4623E+002
1222.5000,-3.5070E+002
1223.5000,-3.5411E+002
1224.5000,-3.5425E+002
1225.5000,-3.5565E+002
1226.5000,-3.5923E+002
1227.5000,-3.5783E+002
1228.5000,-3.6066E+002
1229.5000,-3.6795E+002
1230.5000,-3.6881E+002
1231.5000,-3.6884E+002
1232.5000,-3.7217E+002
1233.5000,-3.7236E+002
1234.5000,-3.6786E+002
1235.5000,-3.6602E+002
1236.5000,-3.6695E+002
1237.5000,-3.6615E+002
1238.5000,-3.6521E+002
1239.5000,-3.6538E+002
1240.5000,-3.7078E+002
1241.5000,-3.7559E+002
1242.5000,-3.7952E+002
1243.5000,-3.7905E+002
1244.5000,-3.8077E+002
1245.5000,-3.8556E+002
1246.5000,-3.8576E+002
1247.5000,-3.8867E+002
1248.5000,-3.8985E+002
1249.5000,-3.9250E+002
1250.5000,-3.9086E+002
1251.5000,-3.9257E+002
1252.5000,-3.9104E+002
1253.5000,-3.9932E+002
1254.5000,-4.0851E+002
1255.5000,-4.1662E+002
1256.5000,-4.2664E+002
1257.5000,-4.2689E+002
1258.5000,-4.2367E+002
1259.5000,-4.2565E+002
1260.5000,-4.2801E+002
1261.5000,-4.2519E+002
1262.5000,-4.2370E+002
1263.5000,-4.2432E+002
1264.5000,-4.2026E+002
1265.5000,-4.1486E+002
1266.5000,-4.1702E+002
1267.5000,-4.1803E+002
1268.5000,-4.1771E+002
1269.5000,-4.1802E+002
1270.5000,-4.1934E+002
1271.5000,-4.1967E+002
1272.5000,-4.1576E+002
1273.5000,-4.2095E+002
1274.5000,-4.2460E+002
1275.5000,-4.2736E+002
1276.5000,-4.2959E+002
1277.5000,-4.3006E+002
1278.5000,-4.3210E+002
1279.5000,-4.3000E+002
1280.5000,-4.2936E+002
1281.5000,-4.2563E+002
1282.5000,-4.3365E+002
1283.5000,-4.3565E+002
1284.5000,-4.3667E+002
1285.5000,-4.3665E+002
1286.5000,-4.3671E+002
1287.5000,-4.3239E+002
1288.5000,-4.3510E+002
1289.5000,-4.3586E+002
1290.5000,-4.3477E+002
1291.5000,-4.3519E+002
1292.5000,-4.3796E+002
1293.5000,-4.4095E+002
1294.5000,-4.4077E+002
1295.5000,-4.4234E+002
1296.5000,-4.4122E+002
1297.5000,-4.4131E+002
1298.5000,-4.4038E+002
1299.5000,-4.2158E+002
1300.5000,-4.3340E+002
1301.5000,-4.3354E+002
1302.5000,-4.3352E+002
1303.5000,-4.3287E+002
1304.5000,-4.3231E+002
1305.5000,-4.2857E+002
1306.5000,-4.3298E+002
1307.5000,-4.3615E+002
1308.5000,-4.3661E+002
1309.5000,-4.3657E+002
1310.5000,-4.3245E+002
1311.5000,-4.3456E+002
1312.5000,-4.3280E+002
1313.5000,-4.2196E+002
1314.5000,-4.2407E+002
1315.5000,-4.2803E+002
1316.5000,-4.1895E+002
1317.5000,-4.2681E+002
1318.5000,-4.2519E+002
1319.5000,-4.1456E+002
1320.5000,-4.2403E+002
1321.5000,-4.1991E+002
1322.5000,-4.2661E+002
1323.5000,-4.2221E+002
1324.5000,-4.2709E+002
1325.5000,-4.2567E+002
1326.5000,-4.2605E+002
1327.5000,-4.2439E+002
1328.5000,-4.2540E+002
1329.5000,-4.2807E+002
1330.5000,-4.2959E+002
1331.5000,-4.2798E+002
1332.5000,-4.2928E+002
1333.5000,-4.1921E+002
1334.5000,-4.2331E+002
1335.5000,-4.2543E+002
1336.5000,-4.2423E+002
1337.5000,-4.2236E+002
1338.5000,-4.1891E+002
1339.5000,-4.2160E+002
1340.5000,-4.2558E+002
1341.5000,-4.2636E+002
1342.5000,-4.2816E+002
1343.5000,-4.2982E+002
1344.5000,-4.2694E+002
1345.5000,-4.2578E+002
1346.5000,-4.1476E+002
1347.5000,-4.0822E+002
1348.5000,-4.1473E+002
1349.5000,-4.1301E+002
1350.5000,-4.0494E+002
1351.5000,-4.1669E+002
1352.5000,-4.1277E+002
1353.5000,-4.1522E+002
1354.5000,-4.1057E+002
1355.5000,-4.1299E+002
1356.5000,-4.0115E+002
1357.5000,-4.0456E+002
1358.5000,-3.9158E+002
1359.5000,-3.9771E+002
1360.5000,-3.9828E+002
1361.5000,-3.9672E+002
1362.5000,-4.0593E+002
1363.5000,-4.0033E+002
1364.5000,-3.9000E+002
1365.5000,-3.9873E+002
1366.5000,-4.0231E+002
1367.5000,-4.0049E+002
1368.5000,-4.0005E+002
1369.5000,-3.9885E+002
1370.5000,-3.7649E+002
1371.5000,-3.7620E+002
1372.5000,-3.8593E+002
1373.5000,-3.8266E+002
1374.5000,-3.7605E+002
1375.5000,-3.6851E+002
1376.5000,-3.7709E+002
1377.5000,-3.7800E+002
1378.5000,-3.7697E+002
1379.5000,-3.7801E+002
1380.5000,-3.8355E+002
1381.5000,-3.8271E+002
1382.5000,-3.8445E+002
1383.5000,-3.8206E+002
1384.5000,-3.8129E+002
1385.5000,-3.7254E+002
1386.5000,-3.7211E+002
1387.5000,-3.6463E+002
1388.5000,-3.7410E+002
1389.5000,-3.6914E+002
1390.5000,-3.5123E+002
1391.5000,-3.7098E+002
1392.5000,-3.6949E+002
1393.5000,-3.6295E+002
1394.5000,-3.7034E+002
1395.5000,-3.6567E+002
1396.5000,-3.6292E+002
1397.5000,-3.6728E+002
1398.5000,-3.6574E+002
1399.5000,-3.6457E+002
1400.5000,-3.6376E+002
1401.5000,-3.6250E+002
1402.5000,-3.6137E+002
1403.5000,-3.6110E+002
1404.5000,-3.6096E+002
1405.5000,-3.6080E+002
1406.5000,-3.6098E+002
1407.5000,-3.6099E+002
1408.5000,-3.5979E+002
1409.5000,-3.5957E+002
1410.5000,-3.5802E+002
1411.5000,-3.5682E+002
1412.5000,-3.5576E+002
1413.5000,-3.5549E+002
1414.5000,-3.5536E+002
1415.5000,-3.5480E+002
1416.5000,-3.5132E+002
1417.5000,-3.4136E+002
1418.5000,-3.2820E+002
1419.5000,-3.4773E+002
1420.5000,-3.4592E+002
1421.5000,-3.4341E+002
1422.5000,-3.4120E+002
1423.5000,-3.4003E+002
1424.5000,-3.3915E+002
1425.5000,-3.3828E+002
1426.5000,-3.3733E+002
1427.5000,-3.3632E+002
1428.5000,-3.3543E+002
1429.5000,-3.3461E+002
1430.5000,-3.3423E+002
1431.5000,-3.3340E+002
1432.5000,-3.3245E+002
1433.5000,-3.3147E+002
1434.5000,-3.3049E+002
1435.5000,-3.2939E+002
1436.5000,-3.2824E+002
1437.5000,-3.2627E+002
1438.5000,-3.2511E+002
1439.5000,-3.2494E+002
1440.5000,-3.2393E+002
1441.5000,-3.2316E+002
1442.5000,-3.2175E+002
1443.5000,-3.2093E+002
1444.5000,-3.2074E+002
1445.5000,-3.2016E+002
1446.5000,-3.1922E+002
1447.5000,-3.1858E+002
1448.5000,-3.1712E+002
1449.5000,-3.1554E+002
1450.5000,-3.1295E+002
1451.5000,-3.1352E+002
1452.5000,-3.1200E+002
1453.5000,-3.1190E+002
1454.5000,-3.1166E+002
1455.5000,-3.1060E+002
1456.5000,-3.1090E+002
1457.5000,-3.1117E+002
1458.5000,-3.1069E+002
1459.5000,-3.0985E+002
1460.5000,-3.0817E+002
1461.5000,-3.0623E+002
1462.5000,0.0000E+000
1463.5000,0.0000E+000
1464.5000,0.0000E+000
1465.5000,0.0000E+000
1466.5000,0.0000E+000
1467.5000,0.0000E+000
1468.5000,0.0000E+000
1469.5000,0.0000E+000
1470.5000,0.0000E+000
1471.5000,0.0000E+000
1472.5000,0.0000E+000
1473.5000,0.0000E+000
1474.5000,0.0000E+000
1475.5000,0.0000E+000
1476.5000,0.0000E+000
1477.5000,0.0000E+000
1478.5000,0.0000E+000
1479.5000,0.0000E+000
1480.5000,0.0000E+000
1481.5000,0.0000E+000
1482.5000,0.0000E+000
1483.5000,0.0000E+000
1484.5000,0.0000E+000
1485.5000,0.0000E+000
1486.5000,0.0000E+000
1487.5000,0.0000E+000
1488.5000,0.0000E+000
1489.5000,0.0000E+000
1490.5000,0.0000E+000
1491.5000,0.0000E+000
1492.5000,0.0000E+000
1493.5000,0.0000E+000
1494.5000,0.0000E+000
1495.5000,0.0000E+000
1496.5000,0.0000E+000
1497.5000,0.0000E+000
1498.5000,0.0000E+000
1499.5000,0.0000E+000
1500.5000,0.0000E+000
1501.5000,0.0000E+000
1502.5000,-3.0932E+002
1503.5000,0.0000E+000
1504.5000,0.0000E+000
1505.5000,0.0000E+000
1506.5000,0.0000E+000
1507.5000,0.0000E+000
1508.5000,0.0000E+000
1509.5000,0.0000E+000
1510.5000,0.0000E+000
1511.5000,0.0000E+000
1512.5000,0.0000E+000
1513.5000,0.0000E+000
1514.5000,0.0000E+000
1515.5000,0.0000E+000
1516.5000,0.0000E+000
1517.5000,0.0000E+000
1518.5000,-2.5251E+002
1519.5000,0.0000E+000
1520.5000,0.0000E+000
1521.5000,0.0000E+000
1522.5000,0.0000E+000
1523.5000,0.0000E+000
1524.5000,0.0000E+000
1525.5000,-3.0932E+002
1526.5000,-3.0932E+002
1527.5000,-3.0932E+002
1528.5000,0.0000E+000
1529.5000,0.0000E+000
1530.5000,0.0000E+000
1531.5000,0.0000E+000
1532.5000,0.0000E+000
1533.5000,0.0000E+000
1534.5000,-2.5251E+002
1535.5000,-2.5251E+002
1536.5000,-3.0932E+002
1537.5000,-3.0932E+002
1538.5000,-2.5251E+002
1539.5000,0.0000E+000
1540.5000,0.0000E+000
1541.5000,0.0000E+000
1542.5000,0.0000E+000
1543.5000,0.0000E+000
1544.5000,0.0000E+000
1545.5000,-3.0932E+002
1546.5000,-3.0932E+002
1547.5000,-3.0932E+002
1548.5000,-3.0932E+002
1549.5000,-3.0932E+002
1550.5000,-3.0932E+002
1551.5000,-3.0932E+002
1552.5000,-3.0932E+002
1553.5000,-3.0932E+002
1554.5000,-3.0932E+002
1555.5000,-3.0932E+002
1556.5000,-3.0932E+002
1557.5000,-3.0932E+002
1558.5000,-2.5251E+002
1559.5000,-3.0932E+002
1560.5000,-3.0932E+002
1561.5000,-3.0932E+002
1562.5000,0.0000E+000
1563.5000,-3.0932E+002
1564.5000,-3.0932E+002
1565.5000,-3.0932E+002
1566.5000,-3.0932E+002
1567.5000,-3.1357E+002
1568.5000,-3.1396E+002
1569.5000,-3.1561E+002
1570.5000,-3.1658E+002
1571.5000,-3.1743E+002
1572.5000,-3.1897E+002
1573.5000,-3.2036E+002
1574.5000,-3.2226E+002
1575.5000,-3.2503E+002
1576.5000,-3.2804E+002
1577.5000,-3.3184E+002
1578.5000,-3.3505E+002
1579.5000,-3.3677E+002
1580.5000,-3.3946E+002
1581.5000,-3.3760E+002
1582.5000,-3.3955E+002
1583.5000,-3.4100E+002
1584.5000,-3.4482E+002
1585.5000,-3.4390E+002
1586.5000,-3.4773E+002
1587.5000,-3.4822E+002
1588.5000,-3.5249E+002
1589.5000,-3.5407E+002
1590.5000,-3.5155E+002
1591.5000,-3.5275E+002
1592.5000,-3.5658E+002
1593.5000,-3.6023E+002
1594.5000,-3.5520E+002
1595.5000,-3.6147E+002
1596.5000,-3.6814E+002
1597.5000,-3.6974E+002
1598.5000,-3.6849E+002
1599.5000,-3.7255E+002
1600.5000,-3.7927E+002
1601.5000,-3.8486E+002
1602.5000,-3.8911E+002
1603.5000,-3.9319E+002
1604.5000,-3.9373E+002
1605.5000,-3.9605E+002
1606.5000,-3.9443E+002
1607.5000,-3.8465E+002
1608.5000,-3.8493E+002
1609.5000,-3.8521E+002
1610.5000,-3.8769E+002
1611.5000,-3.8599E+002
1612.5000,-3.8559E+002
1613.5000,-3.9049E+002
1614.5000,-3.9453E+002
1615.5000,-3.9904E+002
1616.5000,-4.0161E+002
1617.5000,-4.0594E+002
1618.5000,-4.0758E+002
1619.5000,-4.0992E+002
1620.5000,-3.9828E+002
1621.5000,-4.0433E+002
1622.5000,-4.0847E+002
1623.5000,-4.0840E+002
1624.5000,-4.1044E+002
1625.5000,-4.0804E+002
1626.5000,-4.0903E+002
1627.5000,-4.0993E+002
1628.5000,-4.1131E+002
1629.5000,-4.0372E+002
1630.5000,-4.0670E+002
1631.5000,-4.0955E+002
1632.5000,-4.0785E+002
1633.5000,-4.0275E+002
1634.5000,-3.9999E+002
1635.5000,-4.0192E+002
1636.5000,-4.0961E+002
1637.5000,-4.1379E+002
1638.5000,-4.1573E+002
1639.5000,-4.1498E+002
1640.5000,-4.1609E+002
1641.5000,-4.1773E+002
1642.5000,-4.1474E+002
1643.5000,-4.1191E+002
1644.5000,-4.1306E+002
1645.5000,-4.1243E+002
1646.5000,-4.1049E+002
1647.5000,-4.1203E+002
1648.5000,-4.1266E+002
1649.5000,-4.1231E+002
1650.5000,-4.0844E+002
1651.5000,-4.1662E+002
1652.5000,-4.1818E+002
1653.5000,-4.1980E+002
1654.5000,-4.1596E+002
1655.5000,-4.1255E+002
1656.5000,-4.1653E+002
1657.5000,-4.1748E+002
1658.5000,-4.2090E+002
1659.5000,-4.2486E+002
1660.5000,-4.2452E+002
1661.5000,-4.2378E+002
1662.5000,-4.1539E+002
1663.5000,-4.2494E+002
1664.5000,-4.2519E+002
1665.5000,-4.2104E+002
1666.5000,-4.2767E+002
1667.5000,-4.2744E+002
1668.5000,-4.2835E+002
1669.5000,-4.3052E+002
1670.5000,-4.3102E+002
1671.5000,-4.3206E+002
1672.5000,-4.2794E+002
1673.5000,-4.2938E+002
1674.5000,-4.2847E+002
1675.5000,-4.3238E+002
1676.5000,-4.3439E+002
1677.5000,-4.3505E+002
1678.5000,-4.2681E+002
1679.5000,-4.2783E+002
1680.5000,-4.2812E+002
1681.5000,-4.2067E+002
1682.5000,-4.2987E+002
1683.5000,-4.3174E+002
1684.5000,-4.3180E+002
1685.5000,-4.3159E+002
1686.5000,-4.3516E+002
1687.5000,-4.3792E+002
1688.5000,-4.4004E+002
1689.5000,-4.4297E+002
1690.5000,-4.4479E+002
1691.5000,-4.4488E+002
1692.5000,-4.4077E+002
1693.5000,-4.3659E+002
1694.5000,-4.3695E+002
1695.5000,-4.3914E+002
1696.5000,-4.3895E+002
1697.5000,-4.3549E+002
1698.5000,-4.3652E+002
1699.5000,-4.1729E+002
1700.5000,-4.1669E+002
1701.5000,-4.2664E+002
1702.5000,-4.2266E+002
1703.5000,-4.1936E+002
1704.5000,-4.2133E+002
1705.5000,-4.1880E+002
1706.5000,-4.1923E+002
1707.5000,-4.2436E+002
1708.5000,-4.1707E+002
1709.5000,-4.2204E+002
1710.5000,-4.2060E+002
1711.5000,-4.1760E+002
1712.5000,-4.1560E+002
1713.5000,-4.0510E+002
1714.5000,-4.1009E+002
1715.5000,-4.0962E+002
1716.5000,-4.0413E+002
1717.5000,-4.1248E+002
1718.5000,-4.0864E+002
1719.5000,-3.8981E+002
1720.5000,-4.0259E+002
1721.5000,-3.8693E+002
1722.5000,-3.8614E+002
1723.5000,-3.9442E+002
1724.5000,-3.9858E+002
1725.5000,-3.9996E+002
1726.5000,-4.0167E+002
1727.5000,-4.0250E+002
1728.5000,-4.0032E+002
1729.5000,-3.9779E+002
1730.5000,-3.9470E+002
1731.5000,-3.8877E+002
1732.5000,-3.8817E+002
1733.5000,-3.8605E+002
1734.5000,-3.7977E+002
1735.5000,-3.8679E+002
1736.5000,-3.8230E+002
1737.5000,-3.8658E+002
1738.5000,-3.8487E+002
1739.5000,-3.8084E+002
1740.5000,-3.8047E+002
1741.5000,-3.7900E+002
1742.5000,-3.7768E+002
1743.5000,-3.7696E+002
1744.5000,-3.7734E+002
1745.5000,-3.7324E+002
1746.5000,-3.7504E+002
1747.5000,-3.7201E+002
1748.5000,-3.4711E+002
1749.5000,-3.6483E+002
1750.5000,-3.6144E+002
1751.5000,-3.6767E+002
1752.5000,-3.7048E+002
1753.5000,-3.7000E+002
1754.5000,-3.7000E+002
1755.5000,-3.7033E+002
1756.5000,-3.6831E+002
1757.5000,-3.6874E+002
1758.5000,-3.6848E+002
1759.5000,-3.6840E+002
1760.5000,-3.6761E+002
1761.5000,-3.6644E+002
1762.5000,-3.6622E+002
1763.5000,-3.6583E+002
1764.5000,-3.6540E+002
1765.5000,-3.6485E+002
1766.5000,-3.6409E+002
1767.5000,-3.6308E+002
1768.5000,-3.6211E+002
1769.5000,-3.6104E+002
1770.5000,-3.6004E+002
1771.5000,-3.5925E+002
1772.5000,-3.5872E+002
1773.5000,-3.5840E+002
1774.5000,-3.5811E+002
1775.5000,-3.5744E+002
1776.5000,-3.5631E+002
1777.5000,-3.5523E+002
1778.5000,-3.5467E+002
1779.5000,-3.5461E+002
1780.5000,-3.5400E+002
1781.5000,-3.5170E+002
1782.5000,-3.4273E+002
1783.5000,-3.4682E+002
1784.5000,-3.5160E+002
1785.5000,-3.5105E+002
1786.5000,-3.5048E+002
1787.5000,-3.4977E+002
1788.5000,-3.4919E+002
1789.5000,-3.4880E+002
1790.5000,-3.4854E+002
1791.5000,-3.4778E+002
1792.5000,-3.4644E+002
1793.5000,-3.4537E+002
1794.5000,-3.4464E+002
1795.5000,-3.4363E+002
1796.5000,-3.4298E+002
1797.5000,-3.4288E+002
1798.5000,-3.4223E+002
1799.5000,-3.4120E+002
1800.5000,-3.3985E+002
1801.5000,-3.3853E+002
1802.5000,-3.3745E+002
1803.5000,-3.3627E+002
1804.5000,-3.3513E+002
1805.5000,-3.3275E+002
1806.5000,-3.3059E+002
1807.5000,-3.2946E+002
1808.5000,-3.2896E+002
1809.5000,-3.2841E+002
1810.5000,-3.2688E+002
1811.5000,-3.2451E+002
1812.5000,-3.2189E+002
1813.5000,-3.2031E+002
1814.5000,-3.1894E+002
1815.5000,-3.1721E+002
1816.5000,-3.1539E+002
1817.5000,-3.1373E+002
1818.5000,-3.1300E+002
1819.5000,-3.1223E+002
1820.5000,-3.1213E+002
1821.5000,-3.1218E+002
1822.5000,-3.1127E+002
1823.5000,-3.1002E+002
1824.5000,-3.0831E+002
1825.5000,-3.0760E+002
