"",32.900
177.0000,0.0000E+000
178.0000,9.8179E+001
179.0000,1.2554E+002
180.0000,9.6639E+001
181.0000,1.2753E+002
182.0000,1.7907E+002
183.0000,2.1357E+002
184.0000,2.0685E+002
185.0000,1.5614E+002
186.0000,5.3772E+001
187.0000,6.2668E+001
188.0000,2.5678E+001
189.0000,4.3449E+001
190.0000,1.9552E+002
191.0000,1.7206E+002
192.0000,1.5714E+002
193.0000,1.6427E+002
194.0000,1.6325E+002
195.0000,1.6444E+002
196.0000,1.3128E+002
197.0000,8.6694E+001
198.0000,7.5164E+001
199.0000,1.2152E+002
200.0000,1.8793E+002
201.0000,2.0693E+002
202.0000,1.7174E+002
203.0000,2.0254E+002
204.0000,1.9444E+002
205.0000,8.8844E+001
206.0000,1.9881E+002
207.0000,9.8774E+001
208.0000,1.9756E+002
209.0000,1.9813E+002
210.0000,1.5594E+002
211.0000,1.3187E+002
212.0000,1.3913E+002
213.0000,1.6872E+002
214.0000,1.5190E+002
215.0000,1.4661E+002
216.0000,1.6242E+002
217.0000,1.8365E+002
218.0000,1.8538E+002
219.0000,1.6613E+002
220.0000,1.2840E+002
221.0000,1.6279E+002
222.0000,1.6956E+002
223.0000,1.3004E+002
224.0000,1.5723E+002
225.0000,5.3412E+001
226.0000,1.0550E+002
227.0000,1.3631E+002
228.0000,1.7336E+002
229.0000,1.6544E+002
230.0000,1.4314E+002
231.0000,8.4456E+001
232.0000,8.3066E+001
233.0000,1.4501E+002
234.0000,1.2470E+002
235.0000,1.1399E+002
236.0000,1.4198E+002
237.0000,1.6861E+002
238.0000,1.7139E+002
239.0000,3.1198E+001
240.0000,4.8837E+001
241.0000,1.4822E+001
242.0000,1.9054E+001
243.0000,1.2423E+002
244.0000,1.3634E+002
245.0000,1.1041E+002
246.0000,1.0129E+002
247.0000,1.4914E+002
248.0000,1.4640E+002
249.0000,1.4349E+002
250.0000,1.3384E+002
251.0000,1.3335E+002
252.0000,1.4492E+002
253.0000,1.4140E+002
254.0000,1.2910E+002
255.0000,1.1427E+002
256.0000,1.3450E+002
257.0000,4.3183E+001
258.0000,2.4572E+001
259.0000,7.4851E+001
260.0000,7.9230E+001
261.0000,1.1801E+002
262.0000,7.7855E+001
263.0000,1.1829E+002
264.0000,1.2272E+002
265.0000,6.0575E+001
266.0000,1.1623E+002
267.0000,5.2819E+001
268.0000,1.5847E+001
269.0000,1.0512E+002
270.0000,1.1407E+002
271.0000,3.3859E+001
272.0000,1.0481E+002
273.0000,1.1690E+002
274.0000,1.1424E+002
275.0000,1.1405E+002
276.0000,1.0219E+002
277.0000,1.0575E+002
278.0000,9.2053E+001
279.0000,4.5472E+001
280.0000,2.7999E-001
281.0000,4.1025E+000
282.0000,1.0680E+001
283.0000,2.9510E+001
284.0000,2.1947E+001
285.0000,2.5131E+001
286.0000,2.2335E+000
287.0000,7.2772E+000
288.0000,2.6241E+001
289.0000,5.0148E+001
290.0000,2.9694E+001
291.0000,6.4748E+001
292.0000,7.7776E+001
293.0000,9.3788E+001
294.0000,3.2998E+001
295.0000,1.8002E+001
296.0000,4.5287E+001
297.0000,7.1225E-001
298.0000,3.5217E+001
299.0000,4.8961E+001
300.0000,6.1052E+001
301.0000,6.9685E+001
302.0000,7.7014E+001
303.0000,7.2548E+001
304.0000,6.7315E+001
305.0000,4.8788E+001
306.0000,6.0956E+001
307.0000,5.1633E+001
308.0000,5.8941E+001
309.0000,3.9135E+001
310.0000,5.6948E+001
311.0000,5.4718E+001
312.0000,4.2828E+001
313.0000,3.1518E+001
314.0000,5.9567E+001
315.0000,6.0609E+001
316.0000,5.2175E+001
317.0000,5.8386E+001
318.0000,1.9147E+000
319.0000,1.8189E+001
320.0000,4.2742E+001
321.0000,5.5735E+001
322.0000,5.2330E+001
323.0000,5.4216E+001
324.0000,5.2023E+001
325.0000,8.4231E+000
326.0000,3.9983E+001
327.0000,1.4283E+001
328.0000,5.0694E+001
329.0000,2.1398E+001
330.0000,4.0057E+001
331.0000,1.9609E+001
332.0000,4.5001E+000
333.0000,9.2218E+000
334.0000,3.6219E+001
335.0000,2.3317E+001
336.0000,3.9552E+001
337.0000,1.0070E+001
338.0000,4.1158E+001
339.0000,3.6558E+001
340.0000,3.7840E+001
341.0000,4.4499E+001
342.0000,7.8116E+000
343.0000,4.0793E+001
344.0000,4.0305E+001
345.0000,3.2540E+001
346.0000,4.5283E+001
347.0000,4.4548E+001
348.0000,4.2769E+001
349.0000,4.5767E+000
350.0000,3.7810E+001
351.0000,3.8008E+001
352.0000,3.1211E+001
353.0000,3.5986E+001
354.0000,3.4773E+001
355.0000,3.2433E+001
356.0000,1.0322E+001
357.0000,1.0091E+001
358.0000,8.0543E+000
359.0000,3.2407E+000
360.0000,1.3635E+001
361.0000,1.1380E+001
362.0000,3.3081E+000
363.0000,1.0154E+001
364.0000,7.1454E+000
365.0000,5.5270E+000
366.0000,9.5094E+000
367.0000,5.5392E+000
368.0000,1.3735E+001
369.0000,2.6637E+000
370.0000,9.9317E+000
371.0000,1.4780E+001
372.0000,6.7372E+000
373.0000,9.6232E+000
374.0000,1.3410E+001
375.0000,8.7306E+000
376.0000,2.8642E+001
377.0000,1.2272E+001
378.0000,4.4498E+000
379.0000,7.6840E+000
380.0000,1.5806E+001
381.0000,1.3560E+001
382.0000,4.0782E+000
383.0000,1.4443E+001
384.0000,1.1080E+001
385.0000,2.8859E+001
386.0000,1.5903E+001
387.0000,1.6203E+000
388.0000,1.4114E+001
389.0000,1.2390E+001
390.0000,1.2729E+001
391.0000,1.6685E+001
392.0000,1.5273E+001
393.0000,7.4343E+000
394.0000,6.6703E+000
395.0000,3.6921E+000
396.0000,1.0868E+001
397.0000,1.4138E+001
398.0000,3.2616E+000
399.0000,3.3883E+001
400.0000,2.1805E+001
401.0000,1.3546E+001
402.0000,1.4567E+001
403.0000,1.6137E+001
404.0000,1.6730E+001
405.0000,1.6296E+001
406.0000,1.5268E+001
407.0000,6.5606E+000
408.0000,1.6252E+001
409.0000,1.4488E+001
410.0000,1.7164E+001
411.0000,4.2193E+001
412.0000,1.5951E+001
413.0000,1.7381E+001
414.0000,1.8833E+001
415.0000,1.8903E+001
416.0000,1.6069E+001
417.0000,1.7971E+001
418.0000,1.2046E+001
419.0000,1.6773E+001
420.0000,7.2581E+000
421.0000,1.9873E+001
422.0000,2.0479E+001
423.0000,2.0428E+001
424.0000,1.9319E+001
425.0000,1.3273E+001
426.0000,1.9723E+001
427.0000,1.6968E+001
428.0000,1.9060E+001
429.0000,1.9627E+001
430.0000,1.8322E+001
431.0000,1.7883E+001
432.0000,3.1939E+000
433.0000,2.5785E+001
434.0000,5.1190E+001
435.0000,2.5374E+001
436.0000,1.7865E+001
437.0000,4.0356E+001
438.0000,1.7902E+001
439.0000,2.1425E+001
440.0000,2.4934E+001
441.0000,2.1682E+001
442.0000,1.8206E+001
443.0000,2.3813E+001
444.0000,2.6165E+001
445.0000,1.7243E+001
446.0000,2.1885E+001
447.0000,3.7594E+001
448.0000,1.4865E+001
449.0000,1.8770E+001
450.0000,6.9697E+001
451.0000,5.7207E+001
452.0000,7.5692E+001
453.0000,7.8808E+001
454.0000,8.2155E+001
455.0000,4.5654E+001
456.0000,1.0862E+002
457.0000,4.4718E+001
458.0000,1.5520E+001
459.0000,3.5889E+001
460.0000,3.2296E+001
461.0000,4.6664E+001
462.0000,6.8948E+001
463.0000,5.0559E+001
464.0000,1.4880E+002
465.0000,1.4874E+002
466.0000,1.3533E+002
467.0000,9.0982E+001
468.0000,1.3031E+002
469.0000,9.6210E+001
470.0000,1.0647E+002
471.0000,8.8739E+001
472.0000,1.5414E+002
473.0000,1.6069E+002
474.0000,1.7524E+002
475.0000,1.7373E+002
476.0000,6.4482E+001
477.0000,3.2130E+000
478.0000,5.4094E+001
479.0000,8.4494E+001
480.0000,1.8595E+002
481.0000,1.4773E+002
482.0000,1.8315E+002
483.0000,1.8673E+002
484.0000,1.8778E+002
485.0000,1.7278E+002
486.0000,2.3891E+001
487.0000,2.9705E+001
488.0000,1.5640E+002
489.0000,1.9574E+002
490.0000,1.1584E+002
491.0000,2.0725E+002
492.0000,1.6836E+002
493.0000,8.9176E+001
494.0000,4.1505E+001
495.0000,7.0396E+001
496.0000,8.8399E+000
497.0000,7.3019E+000
498.0000,6.6315E-001
499.0000,3.4842E+001
500.0000,2.1689E+001
501.0000,1.1942E+002
502.0000,1.1926E+002
503.0000,2.6906E+001
504.0000,9.5809E+001
505.0000,1.0374E+002
506.0000,1.2582E+002
507.0000,9.1550E+001
508.0000,1.5217E+002
509.0000,1.9728E+002
510.0000,1.5992E+002
511.0000,1.3214E+002
512.0000,2.1335E+002
513.0000,1.4954E+002
514.0000,1.6820E+002
515.0000,1.9119E+002
516.0000,1.3667E+002
517.0000,3.4716E+001
518.0000,5.9902E-001
519.0000,6.8576E+000
520.0000,9.8189E+001
521.0000,1.5003E+002
522.0000,9.4415E+000
523.0000,2.8038E+001
524.0000,6.8993E+001
525.0000,2.7513E+001
526.0000,9.7327E+001
527.0000,1.6551E+002
528.0000,1.3750E+002
529.0000,1.0564E+002
530.0000,1.5076E+002
531.0000,1.7363E+002
532.0000,1.4212E+002
533.0000,2.1039E+002
534.0000,1.8706E+002
535.0000,1.6075E+002
536.0000,2.1338E+002
537.0000,1.3486E+002
538.0000,1.2279E+002
539.0000,7.7041E+001
540.0000,6.1038E+001
541.0000,2.2472E+001
542.0000,1.1799E+002
543.0000,1.3427E+001
544.0000,1.1515E+002
545.0000,1.6248E+002
546.0000,1.5129E+002
547.0000,1.3503E+002
548.0000,1.6909E+002
549.0000,1.3064E+002
550.0000,1.9152E+002
551.0000,1.0051E+002
552.0000,1.5355E+002
553.0000,1.9347E+002
554.0000,1.6151E+002
555.0000,1.4229E+002
556.0000,1.0403E+002
557.0000,8.0829E+001
558.0000,1.0714E+002
559.0000,1.7155E+002
560.0000,1.3303E+002
561.0000,1.8589E+002
562.0000,1.6661E+002
563.0000,1.6226E+002
564.0000,1.6085E+002
565.0000,1.3832E+002
566.0000,1.1500E+002
567.0000,4.3651E+001
568.0000,1.1467E+002
569.0000,1.8207E+002
570.0000,1.6092E+002
571.0000,1.4469E+002
572.0000,1.3091E+002
573.0000,6.8387E+001
574.0000,1.5288E+002
575.0000,1.7850E+002
576.0000,1.7850E+002
577.0000,1.4933E+002
578.0000,1.7340E+002
579.0000,1.4049E+002
580.0000,1.0612E+002
581.0000,1.8933E+002
582.0000,1.8430E+002
583.0000,1.3123E+002
584.0000,1.6604E+002
585.0000,1.9318E+002
586.0000,1.4258E+002
587.0000,1.7687E+002
588.0000,1.7540E+002
589.0000,1.8321E+002
590.0000,1.8322E+002
591.0000,1.4548E+002
592.0000,1.4267E+002
593.0000,1.6216E+002
594.0000,1.2921E+002
595.0000,1.0773E+002
596.0000,5.8723E+001
597.0000,9.6424E+001
598.0000,1.5718E+002
599.0000,1.3287E+002
600.0000,9.3558E+001
601.0000,6.3484E+001
602.0000,1.0934E+002
603.0000,1.9827E+001
604.0000,2.7779E+001
605.0000,5.9707E+000
606.0000,1.1860E+002
607.0000,1.6350E+002
608.0000,1.2687E+002
609.0000,3.2722E+001
610.0000,1.2223E+001
611.0000,8.2374E+001
612.0000,7.0467E+001
613.0000,8.5900E+001
614.0000,1.1327E+002
615.0000,1.4896E+002
616.0000,1.1652E+002
617.0000,1.3906E+002
618.0000,1.4888E+002
619.0000,1.5474E+002
620.0000,4.5520E+001
621.0000,3.6276E+001
622.0000,5.0742E+001
623.0000,9.2440E+001
624.0000,1.3743E+002
625.0000,1.3741E+002
626.0000,7.2528E+001
627.0000,1.1217E+002
628.0000,1.2730E+002
629.0000,9.8039E+001
630.0000,1.0449E+001
631.0000,6.6671E+001
632.0000,1.0198E+002
633.0000,1.0199E+002
634.0000,8.8495E+001
635.0000,1.0314E+002
636.0000,2.5870E+001
637.0000,1.0612E+002
638.0000,8.1129E+000
639.0000,7.0477E+001
640.0000,1.0328E+002
641.0000,7.7725E+001
642.0000,1.0530E+002
643.0000,8.5163E+001
644.0000,1.1080E+002
645.0000,1.1210E+002
646.0000,1.0002E+002
647.0000,5.2000E+001
648.0000,5.6237E+001
649.0000,3.7534E+001
650.0000,1.0502E+002
651.0000,9.6677E+001
652.0000,7.3991E+001
653.0000,9.9528E+001
654.0000,2.4109E+001
655.0000,4.4625E+001
656.0000,6.3418E+001
657.0000,1.7762E+000
658.0000,8.6984E+001
659.0000,6.5950E+001
660.0000,4.8036E+001
661.0000,4.1999E+001
662.0000,4.5577E+001
663.0000,5.4038E+001
664.0000,8.3982E+001
665.0000,1.0790E+000
666.0000,5.1659E+001
667.0000,7.9027E+001
668.0000,5.0835E+001
669.0000,7.2636E+001
670.0000,3.9904E+001
671.0000,6.2471E+001
672.0000,6.2356E+001
673.0000,5.7342E+001
674.0000,6.6110E+001
675.0000,3.3646E+001
676.0000,3.1771E+000
677.0000,4.0614E+001
678.0000,5.0132E+001
679.0000,5.6411E+001
680.0000,6.8018E+000
681.0000,1.0585E+001
682.0000,8.4942E+000
683.0000,3.0925E+001
684.0000,1.3926E+001
685.0000,3.0070E+001
686.0000,3.6212E+001
687.0000,2.4999E+001
688.0000,4.6659E+001
689.0000,5.8565E+001
690.0000,5.1041E+001
691.0000,1.8220E+001
692.0000,5.6615E+001
693.0000,5.4952E+001
694.0000,4.7697E+001
695.0000,3.0539E+001
696.0000,1.7798E+001
697.0000,2.8712E+001
698.0000,1.6985E+001
699.0000,4.4464E+000
700.0000,4.2900E+001
701.0000,4.9366E+001
702.0000,4.5052E+001
703.0000,4.1766E+001
704.0000,2.2562E+001
705.0000,3.8915E+001
706.0000,4.2801E+001
707.0000,4.1425E+001
708.0000,4.7575E+001
709.0000,1.7498E+001
710.0000,4.5266E+001
711.0000,6.1103E+000
712.0000,4.5256E+001
713.0000,2.5258E+001
714.0000,2.4706E+001
715.0000,3.1505E+001
716.0000,2.7850E+001
717.0000,4.0199E+001
718.0000,4.5849E+001
719.0000,3.9852E+001
720.0000,3.0290E+001
721.0000,4.1640E+000
722.0000,2.5989E+001
723.0000,2.9617E+001
724.0000,8.2360E+000
725.0000,2.9905E+001
726.0000,3.8344E+001
727.0000,4.5852E+001
728.0000,1.8293E+001
729.0000,4.7264E+001
730.0000,3.8591E+000
731.0000,3.8034E+001
732.0000,4.8146E+001
733.0000,3.6203E+001
734.0000,6.9908E+000
735.0000,1.8108E+001
736.0000,4.7559E+001
737.0000,7.2799E+000
738.0000,4.2862E+001
739.0000,4.2195E+001
740.0000,3.8914E+001
741.0000,3.2599E+001
742.0000,2.0965E+001
743.0000,5.8819E+000
744.0000,2.1193E+000
745.0000,4.1055E+001
746.0000,5.7483E+001
747.0000,4.6967E+001
748.0000,4.5794E+001
749.0000,5.1863E+001
750.0000,5.1385E+001
751.0000,1.1616E+001
752.0000,1.9195E+001
753.0000,1.5742E+001
754.0000,1.7613E+001
755.0000,1.8095E+001
756.0000,6.5254E+000
757.0000,1.6047E+001
758.0000,1.8116E+001
759.0000,1.6473E+001
760.0000,1.6734E+001
761.0000,9.7107E+000
762.0000,1.2732E+001
763.0000,1.5234E+001
764.0000,1.5460E+001
765.0000,1.4395E+001
766.0000,1.5489E+001
767.0000,1.4842E+001
768.0000,1.3782E+001
769.0000,1.4603E+001
770.0000,1.3387E+001
771.0000,1.4535E+001
772.0000,1.4340E+001
773.0000,1.4155E+001
774.0000,7.4881E-001
775.0000,1.6334E+001
776.0000,1.4894E+001
777.0000,1.6088E+001
778.0000,9.4836E+000
779.0000,1.6323E+001
780.0000,8.9339E+000
781.0000,1.5262E+001
782.0000,9.2265E+000
783.0000,1.5586E+001
784.0000,1.6072E+001
785.0000,1.5693E+001
786.0000,6.6711E+000
787.0000,1.1287E+001
788.0000,1.6183E+001
789.0000,1.6511E+001
790.0000,7.8723E-001
791.0000,1.5505E+001
792.0000,1.3877E+001
793.0000,1.3882E+001
794.0000,1.8941E+001
795.0000,1.5920E+001
796.0000,1.7258E+001
797.0000,1.8340E+001
798.0000,1.5307E+001
799.0000,4.0521E+001
800.0000,1.7289E+001
801.0000,3.5638E+001
802.0000,3.6113E+001
803.0000,4.0399E+000
804.0000,6.6732E+000
805.0000,1.3079E+001
806.0000,1.7803E+001
807.0000,1.8226E+001
808.0000,2.2520E+001
809.0000,2.4040E+001
810.0000,5.1218E+001
811.0000,5.2780E+001
812.0000,6.1783E+001
813.0000,1.5782E+001
814.0000,1.2670E+001
815.0000,3.4986E+001
816.0000,7.3199E+001
817.0000,7.8413E+001
818.0000,6.7828E+001
819.0000,8.2714E+001
820.0000,7.7238E+001
821.0000,2.2519E+001
822.0000,4.3876E+001
823.0000,1.5274E+000
824.0000,2.2927E+001
825.0000,3.5886E+001
826.0000,4.0372E+001
827.0000,3.6295E+001
828.0000,3.8740E+001
829.0000,3.4669E+001
830.0000,4.2914E+001
831.0000,1.3433E+000
832.0000,1.4304E+001
833.0000,7.3802E+001
834.0000,3.9629E+000
835.0000,2.0841E+000
836.0000,8.4086E+000
837.0000,1.7722E+001
838.0000,1.1000E+002
839.0000,1.4525E+002
840.0000,1.8489E+002
841.0000,1.7377E+002
842.0000,1.8456E+002
843.0000,1.6657E+002
844.0000,9.3193E+001
845.0000,1.5134E+002
846.0000,1.2839E+001
847.0000,1.1955E+002
848.0000,5.1128E+001
849.0000,8.5993E+001
850.0000,1.6463E+002
851.0000,1.4038E+002
852.0000,1.8532E+002
853.0000,1.8556E+002
854.0000,1.6264E+002
855.0000,1.5426E+002
856.0000,1.8345E+002
857.0000,1.8507E+002
858.0000,1.5529E+002
859.0000,1.2733E+002
860.0000,7.8864E+001
861.0000,1.7946E+002
862.0000,1.9299E+002
863.0000,1.7131E+002
864.0000,1.0849E+002
865.0000,4.9953E+001
866.0000,9.5443E+001
867.0000,5.5639E+001
868.0000,1.6228E+001
869.0000,3.4026E+001
870.0000,1.2180E+002
871.0000,1.8952E+002
872.0000,1.7696E+002
873.0000,1.8218E+002
874.0000,1.6924E+002
875.0000,1.8331E+002
876.0000,7.3886E+001
877.0000,1.6438E+002
878.0000,1.9441E+002
879.0000,1.8620E+002
880.0000,9.6807E+001
881.0000,1.3658E+002
882.0000,1.2226E+002
883.0000,7.2968E+001
884.0000,4.7347E+000
885.0000,1.2267E+002
886.0000,2.0106E+002
887.0000,1.9046E+002
888.0000,1.9206E+002
889.0000,1.1552E+002
890.0000,1.4548E+002
891.0000,1.1692E+002
892.0000,1.4714E+002
893.0000,1.2521E+002
894.0000,1.8164E+002
895.0000,1.9937E+002
896.0000,1.4397E+002
897.0000,1.3742E+002
898.0000,2.0303E+002
899.0000,1.8081E+002
900.0000,7.7781E+001
901.0000,1.6280E+002
902.0000,1.1288E+002
903.0000,1.8889E+002
904.0000,1.8477E+002
905.0000,1.6986E+002
906.0000,1.9667E+002
907.0000,1.6338E+002
908.0000,1.3650E+002
909.0000,1.9626E+002
910.0000,1.6840E+002
911.0000,1.4579E+002
912.0000,1.4448E+002
913.0000,1.5766E+002
914.0000,1.3283E+002
915.0000,8.6481E+001
916.0000,1.5173E+002
917.0000,1.4720E+002
918.0000,1.1460E+002
919.0000,1.5505E+002
920.0000,1.5873E+002
921.0000,1.2617E+002
922.0000,1.9356E+002
923.0000,1.5181E+002
924.0000,1.5203E+002
925.0000,1.4724E+002
926.0000,1.9038E+002
927.0000,1.9119E+002
928.0000,3.9195E+001
929.0000,9.8339E+001
930.0000,1.1123E+002
931.0000,1.8774E+002
932.0000,1.8320E+002
933.0000,9.8949E+001
934.0000,1.5213E+002
935.0000,1.8718E+002
936.0000,1.6991E+002
937.0000,1.7745E+002
938.0000,1.1315E+002
939.0000,1.2274E+002
940.0000,1.2940E+002
941.0000,1.7369E+002
942.0000,1.5844E+002
943.0000,1.7886E+002
944.0000,1.5428E+002
945.0000,1.7608E+002
946.0000,1.8268E+002
947.0000,4.2241E+001
948.0000,1.3453E+002
949.0000,6.1579E+001
950.0000,1.6802E+002
951.0000,7.0298E+001
952.0000,1.6931E+002
953.0000,1.3359E+002
954.0000,1.3043E+002
955.0000,1.6928E+002
956.0000,1.2666E+002
957.0000,1.2974E+002
958.0000,1.5236E+002
959.0000,1.3829E+002
960.0000,1.4904E+002
961.0000,1.3872E+002
962.0000,1.3603E+002
963.0000,1.3146E+002
964.0000,8.9864E+001
965.0000,1.2607E+002
966.0000,1.3181E+002
967.0000,1.0417E+002
968.0000,1.2379E+002
969.0000,1.5018E+002
970.0000,1.5219E+002
971.0000,1.2973E+002
972.0000,6.7741E+001
973.0000,1.4873E+002
974.0000,1.5183E+002
975.0000,1.4437E+002
976.0000,1.4682E+002
977.0000,1.4664E+002
978.0000,1.1518E+002
979.0000,1.3273E+002
980.0000,1.0537E+002
981.0000,4.3709E+001
982.0000,3.5874E+001
983.0000,8.8277E+000
984.0000,1.0554E+002
985.0000,1.1909E+002
986.0000,1.2622E+002
987.0000,3.8200E+001
988.0000,1.1016E+002
989.0000,1.3069E+002
990.0000,1.2979E+002
991.0000,1.2885E+002
992.0000,1.2019E+002
993.0000,1.0310E+002
994.0000,1.0370E+002
995.0000,1.1849E+002
996.0000,1.1387E+002
997.0000,1.1404E+002
998.0000,9.1343E+001
999.0000,6.7451E+001
1000.0000,7.7433E+001
1001.0000,9.7376E+001
1002.0000,1.0441E+002
1003.0000,1.1045E+002
1004.0000,1.1042E+002
1005.0000,6.7814E+001
1006.0000,1.1646E+002
1007.0000,1.1202E+002
1008.0000,9.8761E+001
1009.0000,8.9823E+001
1010.0000,2.3424E+001
1011.0000,9.6891E+001
1012.0000,2.3659E+001
1013.0000,3.4801E+001
1014.0000,3.5651E+001
1015.0000,9.2339E+001
1016.0000,6.4180E+001
1017.0000,7.7416E+001
1018.0000,1.0049E+002
1019.0000,7.6574E+001
1020.0000,5.5021E+001
1021.0000,1.7067E+001
1022.0000,5.4134E+001
1023.0000,8.9312E+001
1024.0000,8.9642E+001
1025.0000,2.7076E+001
1026.0000,7.3242E+000
1027.0000,5.6652E+001
1028.0000,6.2777E+001
1029.0000,2.0479E+000
1030.0000,7.2340E+001
1031.0000,7.6061E+001
1032.0000,7.2335E+001
1033.0000,6.9809E+001
1034.0000,2.5262E+001
1035.0000,7.4176E+001
1036.0000,1.3480E+001
1037.0000,6.5255E+001
1038.0000,5.2497E+001
1039.0000,1.5587E+001
1040.0000,4.6347E+001
1041.0000,5.2966E+001
1042.0000,4.2847E+001
1043.0000,6.0245E+001
1044.0000,6.4434E+001
1045.0000,5.1929E+001
1046.0000,3.3258E+001
1047.0000,5.2691E+001
1048.0000,7.2917E+000
1049.0000,2.6589E+001
1050.0000,5.2334E+001
1051.0000,5.6008E+001
1052.0000,5.3930E+001
1053.0000,3.1213E+000
1054.0000,6.7276E+000
1055.0000,2.7251E+001
1056.0000,4.7061E+001
1057.0000,5.2262E+001
1058.0000,5.2298E+001
1059.0000,1.5146E+001
1060.0000,2.2528E+001
1061.0000,4.8203E+001
1062.0000,1.6558E+001
1063.0000,4.7867E+001
1064.0000,5.0802E+001
1065.0000,1.5404E+001
1066.0000,8.2009E+000
1067.0000,2.3113E+001
1068.0000,3.1960E+001
1069.0000,4.8898E+001
1070.0000,1.9762E+001
1071.0000,4.3016E+001
1072.0000,1.8152E+001
1073.0000,2.4000E+001
1074.0000,3.6274E+001
1075.0000,2.7515E+001
1076.0000,1.9357E+001
1077.0000,3.5627E+001
1078.0000,4.4981E+001
1079.0000,4.9757E+000
1080.0000,4.3479E+001
1081.0000,4.6076E+001
1082.0000,2.2470E+001
1083.0000,1.9339E+001
1084.0000,2.9470E+001
1085.0000,3.3602E+001
1086.0000,1.0243E+001
1087.0000,4.0675E+001
1088.0000,4.0667E+001
1089.0000,4.3805E+001
1090.0000,1.5499E+001
1091.0000,3.4210E+001
1092.0000,2.6200E+001
1093.0000,3.7082E+001
1094.0000,9.2698E+000
1095.0000,5.9221E+000
1096.0000,1.3503E+001
1097.0000,1.6594E+001
1098.0000,1.3415E+001
1099.0000,1.0976E+001
1100.0000,1.1302E+001
1101.0000,2.2319E+001
1102.0000,2.7455E+001
1103.0000,1.2577E+001
1104.0000,1.3976E+001
1105.0000,1.0859E+000
1106.0000,1.3312E+001
1107.0000,1.3103E+001
1108.0000,5.6843E+000
1109.0000,1.2246E+001
1110.0000,1.6031E+001
1111.0000,1.0714E+001
1112.0000,1.0202E+001
1113.0000,1.3283E+001
1114.0000,1.4704E+001
1115.0000,1.5023E+001
1116.0000,1.0488E+001
1117.0000,1.4684E+001
1118.0000,1.0371E+001
1119.0000,1.5232E+001
1120.0000,1.2127E+001
1121.0000,8.7691E+000
1122.0000,1.5967E+001
1123.0000,1.1822E+001
1124.0000,3.9520E+000
1125.0000,1.6044E+001
1126.0000,4.7060E+000
1127.0000,1.1166E+001
1128.0000,1.4525E+001
1129.0000,8.3496E+000
1130.0000,1.6973E+000
1131.0000,7.0021E-001
1132.0000,4.5707E+000
1133.0000,6.3017E+000
1134.0000,8.5201E+000
1135.0000,9.8152E+000
1136.0000,1.8364E+001
1137.0000,1.6165E+001
1138.0000,4.7737E-001
1139.0000,1.9005E+001
1140.0000,1.3931E+001
1141.0000,1.9021E+001
1142.0000,1.5077E+001
1143.0000,5.8197E+000
1144.0000,1.6098E+001
1145.0000,1.7395E+001
1146.0000,1.9934E+001
1147.0000,4.6081E+000
1148.0000,1.5874E+001
1149.0000,2.0125E+001
1150.0000,1.9270E+001
1151.0000,6.0989E+000
1152.0000,8.1110E+000
1153.0000,1.9691E+001
1154.0000,2.1192E+001
1155.0000,7.7336E+000
1156.0000,1.9315E+001
1157.0000,1.4852E+001
1158.0000,6.9012E+000
1159.0000,8.3474E+000
1160.0000,1.9807E+001
1161.0000,1.8406E+001
1162.0000,1.6400E+000
1163.0000,1.9005E+001
1164.0000,2.1408E+001
1165.0000,2.1468E+001
1166.0000,9.4987E+000
1167.0000,1.8879E+001
1168.0000,1.6624E+001
1169.0000,9.4158E+000
1170.0000,1.1814E+001
1171.0000,2.3258E+001
1172.0000,1.8536E+001
1173.0000,3.4582E-001
1174.0000,9.0635E+000
1175.0000,2.2963E+001
1176.0000,2.5008E+001
1177.0000,2.4518E+001
1178.0000,2.1717E+001
1179.0000,2.4642E+001
1180.0000,1.9239E+001
1181.0000,1.6985E+001
1182.0000,5.9939E-001
1183.0000,2.4265E+001
1184.0000,2.6099E+001
1185.0000,6.1947E+000
1186.0000,8.6538E+000
1187.0000,6.6522E+001
1188.0000,2.7833E+001
1189.0000,1.1128E+000
1190.0000,4.4354E+001
1191.0000,5.7018E+001
1192.0000,7.4451E+001
1193.0000,7.9798E+001
1194.0000,6.8976E+001
1195.0000,8.8579E+001
1196.0000,2.9772E+001
1197.0000,6.5292E+001
1198.0000,6.4470E+001
1199.0000,3.6305E+001
1200.0000,1.0489E+002
1201.0000,1.1571E+002
1202.0000,1.2192E+002
1203.0000,1.2471E+002
1204.0000,1.4898E+002
1205.0000,1.4913E+002
1206.0000,1.5818E+002
1207.0000,1.5620E+002
1208.0000,1.4521E+002
1209.0000,1.6617E+002
1210.0000,1.6029E+002
1211.0000,1.4880E+002
1212.0000,5.6107E+001
1213.0000,2.4669E+001
1214.0000,2.8370E+001
1215.0000,1.5572E+002
1216.0000,1.6293E+002
1217.0000,8.1225E+001
1218.0000,1.0117E+002
1219.0000,4.3290E+001
1220.0000,1.8906E+002
1221.0000,1.5733E+002
1222.0000,1.7472E+002
1223.0000,1.1461E+002
1224.0000,7.3511E+001
1225.0000,1.1456E+002
1226.0000,1.8682E+002
1227.0000,1.1808E+002
1228.0000,1.7986E+002
1229.0000,1.8942E+002
1230.0000,8.4400E+001
1231.0000,7.9644E+001
1232.0000,1.7717E+002
1233.0000,1.3263E+002
1234.0000,9.7325E+001
1235.0000,1.4919E+002
1236.0000,1.4640E+002
1237.0000,9.0257E+001
1238.0000,1.2588E+002
1239.0000,1.4103E+002
1240.0000,1.9893E+002
1241.0000,1.8006E+002
1242.0000,1.2636E+002
1243.0000,2.0752E+002
1244.0000,2.0405E+002
1245.0000,1.8939E+002
1246.0000,5.1538E+001
1247.0000,1.5684E+002
1248.0000,1.5599E+002
1249.0000,1.5546E+002
1250.0000,1.0673E+001
1251.0000,1.0608E+002
1252.0000,1.8131E+001
1253.0000,1.6401E+002
1254.0000,1.8534E+002
1255.0000,1.4312E+002
1256.0000,1.8587E+002
1257.0000,2.0348E+002
1258.0000,2.1746E+002
1259.0000,2.1524E+002
1260.0000,1.5921E+002
1261.0000,7.4736E+001
1262.0000,1.5165E+002
1263.0000,1.5301E+002
1264.0000,1.4184E+002
1265.0000,1.3555E+002
1266.0000,1.3579E+002
1267.0000,1.6130E+002
1268.0000,9.6862E+001
1269.0000,9.1835E+001
1270.0000,1.5131E+002
1271.0000,1.8004E+002
1272.0000,8.5258E+001
1273.0000,1.2011E+002
1274.0000,1.2447E+002
1275.0000,1.2628E+002
1276.0000,1.5401E+002
1277.0000,1.4257E+002
1278.0000,1.7777E+002
1279.0000,1.5446E+002
1280.0000,1.1650E+002
1281.0000,1.2285E+002
1282.0000,1.6060E+002
1283.0000,1.3855E+002
1284.0000,1.2145E+002
1285.0000,1.0714E+002
1286.0000,2.0529E+002
1287.0000,1.4312E+002
1288.0000,1.5250E+002
1289.0000,1.5138E+002
1290.0000,1.3293E+002
1291.0000,1.9615E+002
1292.0000,1.9722E+002
1293.0000,1.9568E+002
1294.0000,1.4018E+002
1295.0000,1.4482E+002
1296.0000,8.1226E+001
1297.0000,1.0007E+002
1298.0000,1.3466E+002
1299.0000,5.1721E+001
1300.0000,3.2959E+001
1301.0000,1.8588E+002
1302.0000,1.5329E+002
1303.0000,1.3446E+002
1304.0000,1.4812E+002
1305.0000,1.4109E+002
1306.0000,1.7737E+002
1307.0000,1.3358E+002
1308.0000,1.3487E+002
1309.0000,1.2644E+002
1310.0000,8.9456E+001
1311.0000,1.1724E+002
1312.0000,1.0636E+002
1313.0000,1.7389E+001
1314.0000,9.5414E+001
1315.0000,7.9059E+001
1316.0000,1.1664E+002
1317.0000,1.1805E+002
1318.0000,7.4666E+001
1319.0000,1.1037E+002
1320.0000,1.3488E+002
1321.0000,1.3674E+002
1322.0000,1.2062E+002
1323.0000,1.3904E+002
1324.0000,1.4075E+002
1325.0000,1.3117E+002
1326.0000,1.1204E+002
1327.0000,1.7192E+002
1328.0000,1.6711E+002
1329.0000,1.6607E+002
1330.0000,1.6795E+002
1331.0000,1.6095E+002
1332.0000,9.8881E+001
1333.0000,1.6832E+002
1334.0000,1.6278E+002
1335.0000,1.4264E+002
1336.0000,1.4157E+002
1337.0000,9.3819E+001
1338.0000,1.6319E+002
1339.0000,1.6645E+002
1340.0000,1.5992E+002
1341.0000,1.3339E+002
1342.0000,1.2137E+002
1343.0000,1.5747E+002
1344.0000,3.0263E+001
1345.0000,1.2744E+002
1346.0000,1.3819E+002
1347.0000,4.5535E+001
1348.0000,1.4323E+002
1349.0000,1.1615E+002
1350.0000,7.3769E+001
1351.0000,8.5537E+001
1352.0000,2.4625E+001
1353.0000,9.7228E+001
1354.0000,1.1883E+002
1355.0000,1.4225E+002
1356.0000,1.3655E+002
1357.0000,1.4171E+002
1358.0000,1.4081E+002
1359.0000,1.0030E+002
1360.0000,8.1761E+001
1361.0000,1.3175E+002
1362.0000,1.1983E+002
1363.0000,1.1596E+002
1364.0000,9.3597E+000
1365.0000,3.9832E+001
1366.0000,2.1843E+001
1367.0000,6.8940E+001
1368.0000,6.4188E+001
1369.0000,3.2396E+001
1370.0000,7.4037E+001
1371.0000,6.8380E+001
1372.0000,8.2070E+001
1373.0000,4.7329E+001
1374.0000,8.2627E+001
1375.0000,1.0645E+002
1376.0000,9.0712E+001
1377.0000,6.6555E+001
1378.0000,1.0138E+002
1379.0000,9.4591E+001
1380.0000,9.5661E+001
1381.0000,6.5764E+001
1382.0000,8.8742E+001
1383.0000,8.9114E+001
1384.0000,1.7699E+001
1385.0000,6.9727E+001
1386.0000,9.0783E+001
1387.0000,9.3340E+001
1388.0000,8.8290E+001
1389.0000,3.6666E+001
1390.0000,1.8259E+001
1391.0000,8.6130E+001
1392.0000,8.3531E+001
1393.0000,2.4399E+001
1394.0000,7.0896E+001
1395.0000,6.1392E+001
1396.0000,5.9358E+000
1397.0000,5.1116E+001
1398.0000,7.0601E+001
1399.0000,7.1871E+001
1400.0000,6.3442E+001
1401.0000,7.2346E+001
1402.0000,5.0721E+001
1403.0000,6.1476E+001
1404.0000,3.5834E+001
1405.0000,7.0335E+000
1406.0000,2.4639E+001
1407.0000,2.1173E+001
1408.0000,5.4834E+001
1409.0000,4.4946E+001
1410.0000,4.7904E+001
1411.0000,5.8393E+001
1412.0000,2.5071E+001
1413.0000,9.3731E+000
1414.0000,3.8748E+000
1415.0000,2.3434E+001
1416.0000,4.4882E+001
1417.0000,4.9836E+001
1418.0000,5.7132E+001
1419.0000,4.6848E+001
1420.0000,5.0699E+001
1421.0000,4.7105E+001
1422.0000,5.4376E+001
1423.0000,4.1603E+001
1424.0000,1.5921E+000
1425.0000,3.6927E+001
1426.0000,4.1069E+001
1427.0000,2.6646E+001
1428.0000,4.1942E+001
1429.0000,2.8950E+001
1430.0000,2.7786E+001
1431.0000,4.0193E+001
1432.0000,5.0062E+001
1433.0000,1.6514E+001
1434.0000,4.4736E+001
1435.0000,3.7932E+001
1436.0000,2.3066E+001
1437.0000,5.0200E+001
1438.0000,1.8641E+001
1439.0000,1.2790E+000
1440.0000,1.0680E+001
1441.0000,1.3579E+001
1442.0000,5.0964E+001
1443.0000,2.8379E+001
1444.0000,1.8988E+001
1445.0000,2.3321E+001
1446.0000,3.9444E+000
1447.0000,4.0639E+001
1448.0000,2.2032E+001
1449.0000,2.1423E+001
1450.0000,7.0562E+000
1451.0000,4.2381E+001
1452.0000,4.6077E+001
1453.0000,9.0642E+000
1454.0000,1.5977E+001
1455.0000,1.3794E+001
1456.0000,5.1073E+000
1457.0000,1.6218E+001
1458.0000,1.3045E+001
1459.0000,1.4763E+001
1460.0000,3.9067E+000
1461.0000,1.4899E+001
1462.0000,5.0296E+000
1463.0000,1.2529E+001
1464.0000,1.3303E+001
1465.0000,8.7674E+000
1466.0000,1.2484E+001
1467.0000,7.9543E-001
1468.0000,8.4899E+000
1469.0000,1.2620E+001
1470.0000,1.1514E+001
1471.0000,5.7529E+000
1472.0000,1.2032E+001
1473.0000,9.5118E+000
1474.0000,1.2738E+001
1475.0000,9.5237E+000
1476.0000,1.1533E+001
1477.0000,1.1233E+001
1478.0000,3.7412E+000
1479.0000,9.9844E+000
1480.0000,1.1406E+001
1481.0000,1.1619E+001
1482.0000,1.0613E+001
1483.0000,8.4824E+000
1484.0000,1.1655E+001
1485.0000,1.1776E+001
1486.0000,1.1455E+001
1487.0000,1.1259E+001
1488.0000,1.5523E+000
1489.0000,1.1542E+001
1490.0000,1.0493E+001
1491.0000,1.0968E+001
1492.0000,1.0800E+001
1493.0000,8.3183E+000
1494.0000,6.6888E+000
1495.0000,1.3391E+001
1496.0000,1.3823E+001
1497.0000,1.3331E+001
1498.0000,1.1290E+001
1499.0000,2.5061E+001
1500.0000,3.4646E+001
1501.0000,5.5272E+000
1502.0000,1.0658E+001
1503.0000,7.8111E+000
1504.0000,1.3328E+001
1505.0000,1.5547E+001
1506.0000,1.6128E+001
1507.0000,1.5382E+001
1508.0000,1.5901E+001
1509.0000,1.1495E+001
1510.0000,5.2942E+000
1511.0000,1.2274E+001
1512.0000,1.5849E+001
1513.0000,4.8087E+000
1514.0000,1.1864E+001
1515.0000,1.6518E+001
1516.0000,1.5113E+001
1517.0000,8.3173E+000
1518.0000,3.1961E+001
1519.0000,1.5799E+001
1520.0000,8.4762E+000
1521.0000,3.7887E+000
1522.0000,1.6606E+001
1523.0000,1.8207E+001
1524.0000,1.7114E+001
1525.0000,7.5216E+000
1526.0000,4.2572E+001
1527.0000,4.1926E+001
1528.0000,4.5655E-001
1529.0000,1.4659E+001
1530.0000,5.8768E+000
1531.0000,2.0774E+001
1532.0000,2.1393E+001
1533.0000,2.0392E+001
1534.0000,2.1637E+001
1535.0000,1.9931E+001
1536.0000,1.8966E+001
1537.0000,3.4893E+001
1538.0000,2.8958E+001
1539.0000,2.4287E+001
1540.0000,2.5817E+001
1541.0000,1.7787E+001
1542.0000,2.4389E+001
1543.0000,2.5100E+001
1544.0000,2.6094E+001
1545.0000,9.4552E+000
1546.0000,5.5950E+001
1547.0000,5.4421E+001
1548.0000,4.3874E+000
1549.0000,1.2937E+001
1550.0000,5.8743E+001
1551.0000,3.8582E+001
1552.0000,5.7282E+001
1553.0000,7.7293E+000
1554.0000,7.1088E+000
1555.0000,5.4250E+001
1556.0000,4.1438E+001
1557.0000,3.5602E+001
1558.0000,2.6389E+001
1559.0000,8.0914E+001
1560.0000,7.8630E+001
1561.0000,5.8556E+001
1562.0000,3.8975E+001
1563.0000,4.5710E+001
1564.0000,1.0603E+002
1565.0000,1.1637E+002
1566.0000,1.3069E+002
1567.0000,1.6690E+002
1568.0000,6.7583E+001
1569.0000,1.6918E+002
1570.0000,1.1233E+002
1571.0000,2.7747E+001
1572.0000,1.1192E+002
1573.0000,1.1666E+002
1574.0000,1.7526E+002
1575.0000,1.6754E+002
1576.0000,1.2950E+002
1577.0000,1.4765E+002
1578.0000,1.4200E+002
1579.0000,1.8387E+002
1580.0000,1.5586E+002
1581.0000,8.3086E+001
1582.0000,1.5829E+002
1583.0000,1.1482E+002
1584.0000,1.3367E+002
1585.0000,9.6437E+000
1586.0000,7.9920E+001
1587.0000,3.0434E+001
1588.0000,1.5126E+002
1589.0000,5.8406E+001
1590.0000,1.4144E+002
1591.0000,1.7222E+002
1592.0000,1.4223E+002
1593.0000,1.6427E+002
1594.0000,5.5869E+001
1595.0000,1.8252E+002
1596.0000,1.5271E+002
1597.0000,1.2604E+002
1598.0000,1.1793E+002
1599.0000,2.1890E+002
1600.0000,2.0603E+002
1601.0000,2.1367E+002
1602.0000,1.8917E+002
1603.0000,1.3261E+002
1604.0000,9.4880E+001
1605.0000,2.1816E+002
1606.0000,2.0881E+002
1607.0000,5.0006E+000
1608.0000,4.0478E+001
1609.0000,3.3538E+001
1610.0000,1.6182E+002
1611.0000,1.0626E+002
1612.0000,2.1007E+002
1613.0000,1.8790E+002
1614.0000,1.7428E+002
1615.0000,1.9328E+002
1616.0000,1.3438E+002
1617.0000,1.7095E+002
1618.0000,1.6417E+002
1619.0000,2.0119E+002
1620.0000,1.0478E+001
1621.0000,1.3556E+002
1622.0000,9.6644E+001
1623.0000,5.8482E+001
1624.0000,1.2039E+002
1625.0000,4.8300E+001
1626.0000,1.0118E+002
1627.0000,1.1763E+002
1628.0000,2.0763E+002
1629.0000,1.5985E+001
1630.0000,7.5448E+001
1631.0000,1.2049E+002
1632.0000,4.1266E+001
1633.0000,4.1804E+001
1634.0000,6.8799E+001
1635.0000,7.5079E+001
1636.0000,1.2311E+002
1637.0000,1.3161E+002
1638.0000,1.1811E+002
1639.0000,5.9456E+001
1640.0000,8.0605E+001
1641.0000,1.3874E+002
1642.0000,6.0275E+001
1643.0000,2.4834E+001
1644.0000,1.0485E+002
1645.0000,1.1832E+002
1646.0000,1.7667E+002
1647.0000,1.4335E+002
1648.0000,1.0744E+002
1649.0000,9.1238E+001
1650.0000,1.0448E+002
1651.0000,1.8197E+002
1652.0000,1.6611E+002
1653.0000,1.8784E+002
1654.0000,1.6082E+002
1655.0000,1.4041E+002
1656.0000,2.0550E+002
1657.0000,1.1928E+002
1658.0000,1.5554E+002
1659.0000,1.5888E+002
1660.0000,1.6610E+002
1661.0000,1.4726E+002
1662.0000,5.2639E+001
1663.0000,1.2152E+002
1664.0000,1.1637E+002
1665.0000,1.0848E+002
1666.0000,1.6448E+002
1667.0000,1.1919E+002
1668.0000,1.3225E+002
1669.0000,1.6781E+002
1670.0000,1.0034E+002
1671.0000,1.3851E+002
1672.0000,1.0746E+001
1673.0000,1.7108E+002
1674.0000,8.9688E+001
1675.0000,1.9592E+002
1676.0000,1.9091E+002
1677.0000,1.5018E+002
1678.0000,1.6004E+002
1679.0000,1.6799E+002
1680.0000,1.9197E+002
1681.0000,5.4347E+001
1682.0000,1.1781E+002
1683.0000,1.1725E+002
1684.0000,1.0123E+002
1685.0000,1.0132E+002
1686.0000,1.6976E+002
1687.0000,1.6203E+002
1688.0000,1.4045E+002
1689.0000,1.5482E+002
1690.0000,1.6486E+002
1691.0000,1.4596E+002
1692.0000,1.1380E+002
1693.0000,3.5613E+001
1694.0000,5.1163E+001
1695.0000,7.5868E+001
1696.0000,1.0523E+002
1697.0000,1.4076E+002
1698.0000,1.0073E+002
1699.0000,1.7445E+002
1700.0000,1.1773E+002
1701.0000,3.2567E+000
1702.0000,1.1554E+002
1703.0000,1.3952E+002
1704.0000,1.6015E+002
1705.0000,1.5585E+002
1706.0000,1.5426E+002
1707.0000,1.5492E+002
1708.0000,1.1961E+002
1709.0000,1.5209E+002
1710.0000,9.6277E+001
1711.0000,1.3003E+002
1712.0000,1.2348E+002
1713.0000,1.4291E+002
1714.0000,7.2210E+001
1715.0000,1.6843E+001
1716.0000,1.0208E+002
1717.0000,1.3557E+002
1718.0000,1.0860E+002
1719.0000,5.4857E+001
1720.0000,1.1321E+002
1721.0000,7.9334E+001
1722.0000,1.3516E+002
1723.0000,1.3361E+002
1724.0000,1.3114E+002
1725.0000,7.4958E+001
1726.0000,6.0103E+001
1727.0000,1.1064E+002
1728.0000,1.1292E+002
1729.0000,1.2340E+002
1730.0000,1.2943E+000
1731.0000,9.0457E+001
1732.0000,7.6780E+001
1733.0000,5.1092E+001
1734.0000,5.8213E+001
1735.0000,9.6969E+001
1736.0000,8.1364E+000
1737.0000,8.7890E+001
1738.0000,7.2159E+001
1739.0000,1.0006E+002
1740.0000,4.2393E+001
1741.0000,9.5106E+001
1742.0000,1.1559E+001
1743.0000,8.3415E+001
1744.0000,1.1272E+002
1745.0000,1.1447E+002
1746.0000,2.2677E+001
1747.0000,8.8809E+001
1748.0000,5.6456E+001
1749.0000,2.9584E+001
1750.0000,1.0198E+002
1751.0000,3.9057E+001
1752.0000,1.1361E+002
1753.0000,7.2262E+001
1754.0000,6.1760E+001
1755.0000,7.3470E+001
1756.0000,6.1236E+001
1757.0000,1.9579E+001
1758.0000,7.1557E+001
1759.0000,9.8655E+001
1760.0000,5.4818E+001
1761.0000,4.1800E+000
1762.0000,7.3638E+001
1763.0000,3.5958E+001
1764.0000,1.9180E+001
1765.0000,5.7741E+001
1766.0000,6.6077E+001
1767.0000,5.4766E+001
1768.0000,6.2286E+001
1769.0000,3.9483E+001
1770.0000,5.3049E+001
1771.0000,6.7416E+001
1772.0000,6.4705E+001
1773.0000,6.1804E+001
1774.0000,2.9829E+001
1775.0000,5.7985E+001
1776.0000,4.2036E+001
1777.0000,3.8383E+001
1778.0000,7.3156E-001
1779.0000,2.1350E+001
1780.0000,5.1478E+001
1781.0000,5.8330E+001
1782.0000,5.8636E+001
1783.0000,5.1442E+001
1784.0000,1.2678E+001
1785.0000,4.4363E+001
1786.0000,4.2069E+001
1787.0000,2.8757E+001
1788.0000,1.0391E+001
1789.0000,1.5450E+001
1790.0000,2.9906E+001
1791.0000,9.0417E+000
1792.0000,3.5084E+001
1793.0000,4.5036E+001
1794.0000,1.1182E+001
1795.0000,3.8577E+001
1796.0000,4.2143E+001
1797.0000,1.9015E+001
1798.0000,4.0755E+001
1799.0000,1.7338E+001
1800.0000,4.1835E+001
1801.0000,2.5046E+001
1802.0000,3.7763E+001
1803.0000,1.9084E+000
1804.0000,3.6279E+001
1805.0000,4.0294E+001
1806.0000,4.4026E+001
1807.0000,3.4544E+001
1808.0000,2.7153E+001
1809.0000,1.6732E+001
1810.0000,4.0420E+001
1811.0000,4.6199E+001
1812.0000,4.5204E+001
1813.0000,2.6099E+001
1814.0000,1.8428E+001
1815.0000,3.9783E+001
1816.0000,4.7870E+001
1817.0000,3.3618E+001
1818.0000,3.9625E+001
1819.0000,3.2806E+001
1820.0000,4.0736E+000
1821.0000,1.1904E+001
1822.0000,4.4473E+000
1823.0000,1.4747E+001
1824.0000,1.4555E+001
1825.0000,6.3977E+000
1826.0000,7.9414E+000
1827.0000,4.2712E+000
1828.0000,4.9402E+000
1829.0000,1.1675E+001
1830.0000,7.9063E+000
1831.0000,1.0813E+001
1832.0000,1.2043E+001
1833.0000,6.6781E+000
1834.0000,1.2914E+001
1835.0000,1.2931E+001
1836.0000,1.0573E+001
1837.0000,9.8205E+000
1838.0000,9.1940E+000
1839.0000,1.2156E+001
1840.0000,8.1367E+000
1841.0000,1.2199E+001
1842.0000,9.9022E+000
1843.0000,8.0021E+000
1844.0000,3.5389E+000
1845.0000,1.0004E+001
1846.0000,1.2550E+001
1847.0000,1.2780E+001
1848.0000,1.3443E+001
1849.0000,1.0466E+001
1850.0000,2.0643E+000
1851.0000,1.0658E+001
1852.0000,1.1620E+001
1853.0000,5.1163E+000
1854.0000,1.5128E+001
1855.0000,1.4373E+001
1856.0000,1.3988E+001
1857.0000,1.4068E+001
1858.0000,1.2042E+001
1859.0000,7.1797E+000
1860.0000,1.4790E+001
1861.0000,1.4107E+001
1862.0000,1.0957E+001
1863.0000,1.4949E+001
1864.0000,1.3018E+001
1865.0000,1.4994E+001
1866.0000,4.6197E+000
1867.0000,1.4851E+001
1868.0000,1.6037E+001
1869.0000,1.4308E+001
1870.0000,1.2770E+001
1871.0000,1.3680E+001
1872.0000,5.8068E+000
1873.0000,1.1360E+001
1874.0000,1.0232E+001
1875.0000,1.2574E+001
1876.0000,1.5374E+001
1877.0000,1.4328E+001
1878.0000,1.7168E+001
1879.0000,6.9791E+000
1880.0000,1.3287E+000
1881.0000,5.5279E+000
1882.0000,2.1169E+001
1883.0000,1.0576E+001
1884.0000,1.2665E+001
1885.0000,1.1380E+001
1886.0000,1.4615E+001
1887.0000,9.2892E+000
1888.0000,1.1124E+001
1889.0000,1.9864E+001
1890.0000,2.2418E+001
1891.0000,2.2484E+001
1892.0000,5.2102E+001
1893.0000,6.2246E+001
1894.0000,6.4061E+001
1895.0000,5.1015E+001
1896.0000,3.5019E+001
1897.0000,9.3073E+000
1898.0000,4.6088E-001
1899.0000,2.7981E+000
1900.0000,7.7229E+001
1901.0000,8.0692E+001
1902.0000,7.5537E+001
1903.0000,8.4848E+001
1904.0000,6.9882E+001
1905.0000,4.5537E+001
1906.0000,1.9420E+001
1907.0000,1.3901E+001
1908.0000,8.5366E+001
1909.0000,7.9749E+001
1910.0000,3.5293E+001
1911.0000,4.5543E+001
1912.0000,3.1657E+001
1913.0000,1.0955E+000
1914.0000,1.0979E+000
1915.0000,1.2649E+001
1916.0000,1.4489E+002
1917.0000,1.3845E+002
1918.0000,1.3893E+002
1919.0000,1.5042E+002
1920.0000,1.3097E+002
1921.0000,4.8037E+001
1922.0000,1.3984E+002
1923.0000,1.1967E+002
1924.0000,3.9801E+001
1925.0000,1.4723E+002
1926.0000,1.2751E+002
1927.0000,1.3674E+002
1928.0000,1.3463E+002
1929.0000,1.7046E+002
1930.0000,1.7008E+002
1931.0000,5.6898E+001
1932.0000,2.9135E+001
1933.0000,8.4344E+001
1934.0000,1.0463E+002
1935.0000,1.5168E+002
1936.0000,1.2720E+002
1937.0000,1.3669E+002
1938.0000,1.5893E+002
1939.0000,1.8415E+002
1940.0000,7.7849E+001
1941.0000,4.3459E+001
1942.0000,6.2512E+001
1943.0000,6.0099E+001
1944.0000,1.8373E+002
1945.0000,1.9025E+002
1946.0000,1.6615E+002
1947.0000,1.4147E+002
1948.0000,5.7811E+001
1949.0000,1.3353E+002
1950.0000,1.8074E+002
1951.0000,1.0341E+002
1952.0000,1.8490E+002
1953.0000,5.4875E+001
1954.0000,1.2151E+002
1955.0000,1.9135E+002
1956.0000,1.7584E+002
1957.0000,3.6336E+001
1958.0000,1.9107E+002
1959.0000,8.6185E+001
1960.0000,1.4560E+002
1961.0000,1.8048E+002
1962.0000,1.8486E+002
1963.0000,1.4204E+002
1964.0000,9.0883E+000
1965.0000,1.6915E+002
1966.0000,1.7857E+002
1967.0000,1.3589E+002
1968.0000,1.4930E+002
1969.0000,1.5127E+002
1970.0000,1.8872E+002
1971.0000,1.8103E+002
1972.0000,1.5029E+002
1973.0000,1.7833E+002
1974.0000,1.1007E+002
1975.0000,1.8335E+002
1976.0000,1.8222E+002
1977.0000,3.7156E+001
1978.0000,1.8645E+002
1979.0000,1.2771E+002
1980.0000,1.5053E+002
1981.0000,7.7984E+001
1982.0000,3.4523E+001
1983.0000,1.8366E+002
1984.0000,1.5993E+002
1985.0000,1.4480E+002
1986.0000,5.3024E+001
1987.0000,1.0559E+002
1988.0000,5.8220E+001
1989.0000,5.4426E+001
1990.0000,1.0743E+002
1991.0000,2.2509E+002
1992.0000,1.4720E+002
1993.0000,8.4632E+001
1994.0000,2.2017E+002
1995.0000,2.1637E+002
1996.0000,1.4049E+002
1997.0000,2.0410E+002
1998.0000,1.8885E+002
1999.0000,1.2827E+002
2000.0000,1.3164E+002
2001.0000,2.1406E+002
2002.0000,1.4584E+002
2003.0000,8.9414E+001
2004.0000,1.3010E+002
2005.0000,1.6393E+002
2006.0000,1.9330E+002
2007.0000,1.0765E+002
2008.0000,1.9532E+002
2009.0000,1.9994E+002
2010.0000,1.8572E+002
2011.0000,1.9288E+002
2012.0000,1.6901E+002
2013.0000,1.5735E+002
2014.0000,1.4864E+002
2015.0000,1.4884E+002
2016.0000,3.2672E+001
2017.0000,1.4609E+002
2018.0000,1.7177E+002
2019.0000,1.1907E+002
2020.0000,3.8234E+001
2021.0000,1.2738E+002
2022.0000,1.3935E+002
2023.0000,1.5979E+002
2024.0000,1.7773E+002
2025.0000,1.3602E+002
2026.0000,1.4950E+002
2027.0000,1.4642E+002
2028.0000,1.4748E+002
2029.0000,2.9272E+001
2030.0000,1.3208E+002
2031.0000,1.7103E+002
2032.0000,1.8958E+002
2033.0000,1.8710E+002
2034.0000,1.8689E+002
2035.0000,1.3875E+002
2036.0000,1.5589E+002
2037.0000,1.9281E+002
2038.0000,1.3464E+002
2039.0000,1.1836E+002
2040.0000,1.2752E+002
2041.0000,1.4947E+002
2042.0000,1.2736E+002
2043.0000,1.8119E+002
2044.0000,1.8773E+002
2045.0000,1.6578E+002
2046.0000,1.2150E+002
2047.0000,1.3881E+002
2048.0000,1.8317E+002
2049.0000,8.0269E+001
2050.0000,9.9351E+001
2051.0000,1.5392E+002
2052.0000,1.4644E+002
2053.0000,6.9031E+001
2054.0000,1.7760E+002
2055.0000,1.1663E+002
2056.0000,1.6148E+002
2057.0000,1.7972E+002
2058.0000,1.5570E+002
2059.0000,4.7865E+001
2060.0000,5.1369E-001
2061.0000,1.0015E+002
2062.0000,1.4085E+001
2063.0000,1.2947E+002
2064.0000,1.6686E+002
2065.0000,1.7303E+002
2066.0000,1.7333E+002
2067.0000,1.7370E+002
2068.0000,1.5023E+002
2069.0000,1.5266E+002
2070.0000,1.4883E+002
2071.0000,1.0544E+002
2072.0000,1.4087E+002
2073.0000,1.1586E+002
2074.0000,1.4993E+002
2075.0000,1.2799E+002
2076.0000,1.1703E+002
2077.0000,6.0942E+001
2078.0000,6.0460E+001
2079.0000,1.4671E+002
2080.0000,8.5994E+001
2081.0000,5.5063E+001
2082.0000,1.0729E+002
2083.0000,9.9217E+001
2084.0000,1.1221E+002
2085.0000,8.1055E+001
2086.0000,9.3555E+001
2087.0000,8.0129E+001
2088.0000,1.3246E+002
2089.0000,1.3008E+002
2090.0000,1.0356E+002
2091.0000,1.1619E+002
2092.0000,1.1234E+002
2093.0000,1.0533E+002
2094.0000,8.2835E+001
2095.0000,1.6830E+001
2096.0000,1.0682E+001
2097.0000,9.3607E+001
2098.0000,7.1151E+000
2099.0000,7.9110E+000
2100.0000,1.0604E+002
2101.0000,1.1446E+002
2102.0000,3.8920E+001
2103.0000,3.2623E+001
2104.0000,1.0582E+001
2105.0000,3.8046E+001
2106.0000,9.7241E+001
2107.0000,1.1177E+002
2108.0000,1.0888E+002
2109.0000,9.9147E+001
2110.0000,9.6205E+001
2111.0000,1.0084E+002
2112.0000,4.7914E+001
2113.0000,6.8147E+000
2114.0000,4.2833E+001
2115.0000,7.6455E+001
2116.0000,7.3773E+001
2117.0000,7.7203E+001
2118.0000,7.3172E+001
2119.0000,4.6605E+001
2120.0000,7.0637E+001
2121.0000,8.3420E+001
2122.0000,1.9324E+001
2123.0000,5.6808E+001
2124.0000,5.0976E+001
2125.0000,1.0037E+001
2126.0000,8.2125E+001
2127.0000,3.2386E+001
2128.0000,5.3001E+001
2129.0000,6.1640E+001
2130.0000,5.7905E+001
2131.0000,6.6586E+001
2132.0000,6.3714E+001
2133.0000,1.0894E+001
2134.0000,1.9301E+001
2135.0000,3.8762E+001
2136.0000,6.6891E+001
2137.0000,3.1849E+000
2138.0000,1.7656E+001
2139.0000,5.0233E+001
2140.0000,6.2937E+001
2141.0000,5.9705E+001
2142.0000,5.8010E+001
2143.0000,5.5086E+001
2144.0000,2.1111E+001
2145.0000,4.2169E+001
2146.0000,2.2231E+001
2147.0000,4.7597E+001
2148.0000,4.4355E+001
2149.0000,4.2307E+001
2150.0000,4.6762E+001
2151.0000,1.9056E+001
2152.0000,2.3057E+001
2153.0000,4.8936E+001
2154.0000,3.8279E+001
2155.0000,1.7443E+001
2156.0000,3.8673E+001
2157.0000,4.5653E+001
2158.0000,4.7067E+001
2159.0000,2.2385E+001
2160.0000,3.6187E+000
2161.0000,3.4539E+001
2162.0000,2.9740E+001
2163.0000,3.0075E+001
2164.0000,4.0050E+001
2165.0000,2.7573E+001
2166.0000,2.7771E+001
2167.0000,3.9781E+001
2168.0000,4.0504E+001
2169.0000,2.7824E+001
2170.0000,4.0813E+001
2171.0000,1.6218E+000
2172.0000,1.2279E+001
2173.0000,3.1028E+001
2174.0000,3.8218E+001
2175.0000,3.3124E+001
2176.0000,3.9583E+001
2177.0000,3.8350E+001
2178.0000,3.9262E+001
2179.0000,4.1835E+001
2180.0000,2.5004E+001
2181.0000,3.1835E+001
2182.0000,1.5557E+001
2183.0000,1.6099E+001
2184.0000,1.1584E+001
2185.0000,8.2612E+000
2186.0000,7.5341E+000
2187.0000,1.4881E+001
2188.0000,1.2574E+001
2189.0000,1.4235E+001
2190.0000,1.2408E+001
2191.0000,1.2742E+001
2192.0000,2.3569E+001
2193.0000,1.3237E+001
2194.0000,9.6591E+000
2195.0000,1.1704E+001
2196.0000,1.0827E+001
2197.0000,8.3652E+000
2198.0000,6.8257E+000
2199.0000,1.0093E+001
2200.0000,1.2430E+001
2201.0000,1.2611E+001
2202.0000,3.1059E+000
2203.0000,1.2700E+001
2204.0000,1.1759E+001
2205.0000,9.2556E+000
2206.0000,1.1524E+001
2207.0000,1.3386E+001
2208.0000,1.5743E+000
2209.0000,3.3873E+000
2210.0000,1.1095E+001
2211.0000,6.2105E+000
2212.0000,1.2808E+001
2213.0000,1.2083E+001
2214.0000,1.3259E+001
2215.0000,7.8840E+000
2216.0000,8.3354E+000
2217.0000,1.1718E+001
2218.0000,8.7032E+000
2219.0000,9.9447E+000
2220.0000,1.0397E+001
2221.0000,1.3215E+001
2222.0000,2.3676E+000
2223.0000,1.3754E+000
2224.0000,1.4106E+001
2225.0000,1.5268E+001
2226.0000,8.7427E+000
2227.0000,1.2984E+001
2228.0000,1.1833E+001
2229.0000,5.9133E+000
2230.0000,1.4350E+001
2231.0000,1.4782E+001
2232.0000,1.4873E+001
2233.0000,9.8901E+000
2234.0000,1.0160E+001
2235.0000,2.4405E+001
2236.0000,4.3601E+001
2237.0000,1.2716E+001
2238.0000,1.1449E+001
2239.0000,2.3901E+001
2240.0000,1.4163E+001
2241.0000,1.7911E+001
2242.0000,1.2678E+001
2243.0000,1.8624E+001
2244.0000,1.8616E+001
2245.0000,1.4377E+001
2246.0000,7.0145E-001
2247.0000,1.5220E+001
2248.0000,9.7441E+000
2249.0000,2.4134E+000
2250.0000,1.8108E+001
2251.0000,1.2492E+001
2252.0000,1.8768E+001
2253.0000,1.7032E+001
2254.0000,6.4353E+000
2255.0000,6.0814E+000
2256.0000,5.4403E+000
2257.0000,1.8065E+001
2258.0000,1.3355E+001
2259.0000,1.9314E+000
2260.0000,5.8741E+000
2261.0000,3.3422E+001
2262.0000,3.2902E+001
2263.0000,1.0577E+001
2264.0000,1.9019E+001
2265.0000,2.4425E+000
2266.0000,5.4480E+001
2267.0000,4.5248E+001
2268.0000,5.4370E+001
2269.0000,6.5761E+001
2270.0000,2.9565E+000
2271.0000,1.6686E+001
2272.0000,1.4210E+001
2273.0000,2.0574E+001
2274.0000,2.3872E+001
2275.0000,2.5613E+001
2276.0000,2.8513E+001
2277.0000,2.7459E+001
2278.0000,2.3451E+001
2279.0000,2.7225E+001
2280.0000,8.8960E+000
2281.0000,3.0031E+000
2282.0000,2.4520E+001
2283.0000,8.1051E+001
2284.0000,8.1075E+000
2285.0000,7.8246E+000
2286.0000,2.9673E+001
2287.0000,3.3690E+001
2288.0000,3.4320E+001
2289.0000,8.7847E+001
2290.0000,8.6330E+001
2291.0000,5.5835E+001
2292.0000,8.2722E+001
2293.0000,7.6265E+000
2294.0000,1.0051E+002
2295.0000,1.4096E+002
2296.0000,2.9563E+001
2297.0000,7.6545E+001
2298.0000,1.6271E+002
2299.0000,1.1184E+002
2300.0000,6.4669E+001
2301.0000,1.6175E+002
2302.0000,1.5203E+002
2303.0000,4.4716E+000
2304.0000,1.4597E+002
2305.0000,1.1842E+002
2306.0000,8.6266E+001
2307.0000,1.1025E+002
2308.0000,3.4976E+001
2309.0000,1.5129E+002
2310.0000,1.5992E+002
2311.0000,2.1120E+002
2312.0000,1.5615E+002
2313.0000,7.4063E+001
2314.0000,5.2686E+000
2315.0000,5.2335E+001
2316.0000,1.8813E+002
2317.0000,1.4610E+002
2318.0000,1.1873E+002
2319.0000,1.9633E+002
2320.0000,1.0695E+002
2321.0000,8.6130E+001
2322.0000,1.9449E+002
2323.0000,1.8502E+002
2324.0000,9.8391E+001
2325.0000,6.6519E+000
2326.0000,1.6194E+001
2327.0000,4.6105E+001
2328.0000,1.1859E+001
2329.0000,6.4482E+001
2330.0000,8.7300E+001
2331.0000,1.1213E+002
2332.0000,1.0395E+002
2333.0000,7.7560E+001
2334.0000,1.2323E+002
2335.0000,1.8014E+002
2336.0000,1.9473E+002
2337.0000,1.6121E+002
2338.0000,1.8329E+002
2339.0000,1.0810E+002
2340.0000,1.7082E+002
2341.0000,2.1137E+002
2342.0000,1.5176E+002
2343.0000,1.4921E+002
2344.0000,2.0931E+002
2345.0000,2.2185E+002
2346.0000,1.8145E+002
2347.0000,1.8866E+002
2348.0000,1.8928E+002
2349.0000,1.9493E+002
2350.0000,1.7124E+002
2351.0000,1.8375E+002
2352.0000,4.0567E+000
2353.0000,5.8264E+001
2354.0000,9.7610E+001
2355.0000,5.1178E+001
2356.0000,1.9370E+002
2357.0000,1.8378E+002
2358.0000,8.2441E+001
2359.0000,1.3896E+002
2360.0000,2.2261E+002
2361.0000,1.9863E+002
2362.0000,1.9565E+002
2363.0000,1.1525E+002
2364.0000,2.9031E+001
2365.0000,5.3014E+001
2366.0000,8.9487E+001
2367.0000,1.1005E+002
2368.0000,1.7630E+002
2369.0000,1.3151E+002
2370.0000,1.5489E+002
2371.0000,1.6815E+002
2372.0000,1.0399E+002
2373.0000,1.2494E+002
2374.0000,7.3641E+001
2375.0000,1.6637E+002
2376.0000,1.6978E+002
2377.0000,1.6339E+002
2378.0000,1.7435E+002
2379.0000,9.5996E+001
2380.0000,1.8975E+002
2381.0000,1.9444E+002
2382.0000,1.6016E+002
2383.0000,1.5834E+002
2384.0000,1.4319E+002
2385.0000,1.4614E+002
2386.0000,1.3037E+002
2387.0000,1.7787E+002
2388.0000,1.7069E+002
2389.0000,1.0895E+002
2390.0000,1.7393E+002
2391.0000,1.6631E+002
2392.0000,1.7914E+002
2393.0000,1.8657E+002
2394.0000,1.5978E+002
2395.0000,1.4183E+002
2396.0000,1.0417E+002
2397.0000,1.3393E+002
2398.0000,1.4274E+002
2399.0000,1.7869E+002
2400.0000,6.5373E+001
2401.0000,1.6505E+002
2402.0000,1.7871E+002
2403.0000,1.5183E+002
2404.0000,1.5160E+002
2405.0000,1.8058E+002
2406.0000,1.2574E+002
2407.0000,1.2517E+002
2408.0000,1.1114E+002
2409.0000,4.9863E+001
2410.0000,1.1605E+002
2411.0000,1.0698E+002
2412.0000,1.2287E+002
2413.0000,1.5715E+002
2414.0000,1.4134E+002
2415.0000,1.5438E+002
2416.0000,3.4745E+001
2417.0000,1.8746E-002
2418.0000,5.4179E+001
2419.0000,1.7730E+002
2420.0000,1.3020E+002
2421.0000,1.1491E+002
2422.0000,1.4839E+002
2423.0000,1.2641E+002
2424.0000,1.4740E+002
2425.0000,1.4069E+002
2426.0000,1.6728E+002
2427.0000,7.8829E+001
2428.0000,1.2341E+002
2429.0000,8.2696E+001
2430.0000,1.3634E-003
2431.0000,1.7303E+002
2432.0000,1.5583E+002
2433.0000,1.3525E+002
2434.0000,1.0332E+002
2435.0000,1.4827E+002
2436.0000,1.3858E+002
2437.0000,1.4160E+002
2438.0000,6.8026E+001
2439.0000,2.6434E+001
2440.0000,8.7042E-001
2441.0000,4.6839E+001
2442.0000,1.6035E+002
2443.0000,1.6102E+002
2444.0000,1.2874E+002
2445.0000,1.1595E+002
2446.0000,1.3206E+002
2447.0000,1.1889E+002
2448.0000,2.0239E+001
2449.0000,1.4851E+002
2450.0000,1.3117E+002
2451.0000,1.4061E+002
2452.0000,1.5129E+002
2453.0000,2.1332E+001
2454.0000,1.0676E+002
2455.0000,5.4570E+001
2456.0000,5.6183E+001
2457.0000,7.5417E+001
2458.0000,1.1100E+002
2459.0000,1.1815E+002
2460.0000,1.0380E+002
2461.0000,8.4899E+001
2462.0000,2.7894E+001
2463.0000,8.6928E+001
2464.0000,1.8448E+001
2465.0000,3.2651E+001
2466.0000,7.8087E+001
2467.0000,1.3879E+001
2468.0000,8.9204E+001
2469.0000,1.1787E+002
2470.0000,1.1143E+002
2471.0000,1.0936E+002
2472.0000,1.0828E+002
2473.0000,9.8446E+001
2474.0000,9.8069E+001
2475.0000,6.0595E+001
2476.0000,3.4458E+000
2477.0000,6.2634E+000
2478.0000,6.2153E+001
2479.0000,6.8294E+001
2480.0000,8.3344E+001
2481.0000,6.7258E+001
2482.0000,4.3507E+001
2483.0000,5.2735E+001
2484.0000,4.5130E+001
2485.0000,4.2191E+001
2486.0000,5.0692E+001
2487.0000,5.3391E+001
2488.0000,6.2892E+001
2489.0000,9.1817E+000
2490.0000,5.4359E+000
2491.0000,8.4414E+001
2492.0000,2.8844E+001
2493.0000,6.9779E+001
2494.0000,6.5433E+001
2495.0000,6.3738E+001
2496.0000,6.5116E+001
2497.0000,5.4095E+001
2498.0000,5.6472E+001
2499.0000,6.4906E+001
2500.0000,6.4115E+001
2501.0000,6.2079E+001
2502.0000,5.7383E+001
2503.0000,5.6884E+001
2504.0000,2.1485E+001
2505.0000,4.3205E+001
2506.0000,4.9164E+001
2507.0000,4.1309E+001
2508.0000,4.4013E+001
2509.0000,1.3150E+001
2510.0000,2.8005E+001
2511.0000,2.0729E+001
2512.0000,4.7485E+001
2513.0000,4.7987E+001
2514.0000,4.1698E+001
2515.0000,4.7219E+001
2516.0000,4.4686E+001
2517.0000,5.0648E+000
2518.0000,4.5929E+001
2519.0000,4.6144E+001
2520.0000,4.3181E+001
2521.0000,4.0145E+001
2522.0000,1.3035E+001
2523.0000,1.8212E+001
2524.0000,3.0644E+001
2525.0000,5.0562E+001
2526.0000,4.1279E+001
2527.0000,5.0445E+001
2528.0000,3.8489E+001
2529.0000,2.6227E+001
2530.0000,4.7309E+000
2531.0000,4.7696E+000
2532.0000,4.2209E+001
2533.0000,3.4203E+001
2534.0000,4.2738E+001
2535.0000,4.6287E+001
2536.0000,4.7212E+001
2537.0000,4.6220E+001
2538.0000,3.0692E+001
2539.0000,1.0611E+001
2540.0000,2.7540E+001
2541.0000,3.2772E+001
2542.0000,4.8731E+001
2543.0000,4.0456E+001
2544.0000,4.7194E+001
2545.0000,1.1001E+001
2546.0000,2.8814E+001
2547.0000,1.8033E+001
2548.0000,4.7253E+001
2549.0000,2.9333E+001
2550.0000,3.5401E+001
2551.0000,2.5688E+001
2552.0000,2.4362E+001
2553.0000,4.8333E+001
2554.0000,2.0485E+001
2555.0000,1.1106E+001
2556.0000,2.7854E+001
2557.0000,3.5599E+001
2558.0000,4.5413E+001
2559.0000,4.1021E+001
2560.0000,3.7038E+001
2561.0000,2.9214E+001
2562.0000,3.9061E+001
2563.0000,4.0247E+001
2564.0000,4.8895E+001
2565.0000,3.7294E+001
2566.0000,4.6890E+001
2567.0000,2.4094E+000
2568.0000,2.1751E+001
2569.0000,4.3220E+001
2570.0000,1.9251E+001
2571.0000,1.6651E+001
2572.0000,9.2146E+000
2573.0000,1.6138E+001
2574.0000,1.6989E+001
2575.0000,1.6828E+001
2576.0000,6.1559E+000
2577.0000,1.4849E+001
2578.0000,5.1757E+000
2579.0000,2.3290E+001
2580.0000,1.5815E+001
2581.0000,1.4822E+001
2582.0000,1.2908E+000
2583.0000,1.3893E+001
2584.0000,1.6357E+001
2585.0000,1.5929E+001
2586.0000,9.2377E+000
2587.0000,1.9434E+001
2588.0000,1.1669E+001
2589.0000,1.8721E+001
2590.0000,1.6168E+001
2591.0000,1.8944E+001
2592.0000,1.8259E+001
2593.0000,1.3634E+001
2594.0000,1.6063E+001
2595.0000,1.9332E+001
2596.0000,1.8861E+001
2597.0000,9.9992E+000
2598.0000,1.9586E+001
2599.0000,1.8507E+001
2600.0000,1.1418E+001
2601.0000,1.0359E+001
2602.0000,1.4373E+001
2603.0000,1.2095E+001
2604.0000,1.7182E+001
2605.0000,2.1098E+001
2606.0000,2.2043E+001
2607.0000,1.8496E+001
2608.0000,4.1774E+001
2609.0000,3.5955E+001
2610.0000,3.6055E+000
2611.0000,1.5650E+001
2612.0000,2.4157E+001
2613.0000,1.7661E+001
2614.0000,2.1524E+001
2615.0000,1.0066E+001
2616.0000,1.4998E+000
2617.0000,1.5049E+001
2618.0000,6.0066E+000
2619.0000,1.6027E+001
2620.0000,2.5656E+001
2621.0000,2.7031E+001
2622.0000,2.5814E+001
2623.0000,5.5307E+001
2624.0000,6.4823E+001
2625.0000,2.5102E+001
2626.0000,2.9461E+001
2627.0000,7.4391E+001
2628.0000,3.7519E+001
2629.0000,7.1853E+001
2630.0000,7.7879E+001
2631.0000,3.3412E+001
2632.0000,7.1488E+001
2633.0000,9.7986E+001
2634.0000,8.1987E+001
2635.0000,1.1088E+002
2636.0000,1.0799E+002
2637.0000,1.3082E+002
2638.0000,1.2815E+002
2639.0000,5.0676E+001
2640.0000,1.3543E+001
2641.0000,1.3378E+002
2642.0000,1.5187E+002
2643.0000,4.6031E+001
2644.0000,6.3148E+001
2645.0000,1.5314E+002
2646.0000,3.4563E+001
2647.0000,6.7571E+001
2648.0000,1.0949E+002
2649.0000,1.3113E+002
2650.0000,1.2039E+002
2651.0000,1.1782E+002
2652.0000,1.3022E+002
2653.0000,1.1605E+002
2654.0000,1.0187E+002
2655.0000,4.7494E+001
2656.0000,9.1905E+001
2657.0000,9.9626E+001
2658.0000,1.0583E+002
2659.0000,1.3549E+002
2660.0000,1.2656E+002
2661.0000,1.0654E+002
2662.0000,1.3646E+002
2663.0000,1.4728E+002
2664.0000,1.4354E+002
2665.0000,1.5053E+002
2666.0000,1.2612E+002
2667.0000,1.0196E+002
2668.0000,6.7643E+001
2669.0000,4.4164E+001
2670.0000,9.4766E+001
2671.0000,1.2242E+002
2672.0000,1.3186E+002
2673.0000,1.0088E+002
2674.0000,1.6022E+002
2675.0000,1.6233E+002
2676.0000,1.5857E+002
2677.0000,1.1372E+001
2678.0000,1.0904E+002
2679.0000,2.6899E+001
2680.0000,6.2854E+001
2681.0000,1.1061E+002
2682.0000,1.2398E+002
2683.0000,1.8028E+002
2684.0000,1.9432E+001
2685.0000,5.3744E+001
2686.0000,9.5890E+001
2687.0000,1.5117E+002
2688.0000,2.0372E+002
2689.0000,1.3173E+002
2690.0000,7.0177E+001
2691.0000,4.1103E+001
2692.0000,1.3432E+002
2693.0000,2.1109E+002
2694.0000,2.0710E+002
2695.0000,2.0296E+002
2696.0000,2.0119E+002
2697.0000,1.6241E+002
2698.0000,5.0111E+001
2699.0000,1.0375E+002
2700.0000,1.2861E+002
2701.0000,9.2963E+001
2702.0000,1.9198E+002
2703.0000,2.0237E+002
2704.0000,1.9010E+002
2705.0000,1.3365E+002
2706.0000,1.3873E+002
2707.0000,2.0089E+002
2708.0000,1.5850E+002
2709.0000,2.6284E+001
2710.0000,1.2330E+002
2711.0000,1.7926E+001
2712.0000,8.2002E+001
2713.0000,1.1282E+002
2714.0000,1.2238E+002
2715.0000,1.3500E+002
2716.0000,1.3674E+002
2717.0000,1.7525E+002
2718.0000,1.7604E+002
2719.0000,1.1707E+002
2720.0000,6.2069E+001
2721.0000,1.8141E+002
2722.0000,2.0108E+002
2723.0000,1.8310E+002
2724.0000,1.9176E+002
2725.0000,2.0056E+002
2726.0000,1.8153E+002
2727.0000,1.5118E+002
2728.0000,1.8848E+002
2729.0000,1.5536E+002
2730.0000,1.5439E+002
2731.0000,1.8995E+002
2732.0000,4.1982E+001
2733.0000,9.9365E+001
2734.0000,9.5145E+001
2735.0000,1.7166E+002
2736.0000,1.8261E+002
2737.0000,1.9228E+002
2738.0000,1.3640E+002
2739.0000,1.4786E+002
2740.0000,1.9719E+002
2741.0000,1.1317E+002
2742.0000,1.6881E+002
2743.0000,1.9300E+002
2744.0000,1.2764E+002
2745.0000,1.9075E+002
2746.0000,2.0182E+002
2747.0000,1.5343E+002
2748.0000,1.7875E+002
2749.0000,1.9504E+002
2750.0000,1.7819E+002
2751.0000,1.3948E+002
2752.0000,1.1785E+002
2753.0000,1.4384E+002
2754.0000,1.7447E+002
2755.0000,1.6429E+002
2756.0000,1.8836E+002
2757.0000,9.2747E+001
2758.0000,1.8587E+002
2759.0000,1.5047E+002
2760.0000,1.2703E+002
2761.0000,1.1793E+002
2762.0000,1.8926E+002
2763.0000,6.2629E+001
2764.0000,1.0321E+002
2765.0000,1.0818E+002
2766.0000,8.9676E+001
2767.0000,1.5215E+002
2768.0000,1.6069E+002
2769.0000,1.2012E+002
2770.0000,1.3776E+002
2771.0000,1.6177E+002
2772.0000,1.4953E+002
2773.0000,1.1006E+002
2774.0000,1.7455E+002
2775.0000,1.7955E+002
2776.0000,1.6990E+002
2777.0000,1.3140E+002
2778.0000,6.3932E+001
2779.0000,9.6410E+001
2780.0000,8.6030E+001
2781.0000,1.1619E+002
2782.0000,1.2235E+002
2783.0000,5.0894E+001
2784.0000,1.5408E+002
2785.0000,1.1996E+002
2786.0000,1.3146E+002
2787.0000,1.5454E+002
2788.0000,1.4876E+002
2789.0000,1.5969E+002
2790.0000,1.2565E+002
2791.0000,1.4021E+002
2792.0000,1.2524E+002
2793.0000,9.9993E+001
2794.0000,1.4226E+002
2795.0000,1.1755E+002
2796.0000,7.4338E+001
2797.0000,1.6038E+002
2798.0000,1.5760E+002
2799.0000,1.4851E+002
2800.0000,1.4880E+002
2801.0000,1.0960E+002
2802.0000,1.2898E+002
2803.0000,1.8597E+001
2804.0000,7.0817E+001
2805.0000,1.0536E+002
2806.0000,1.0780E+002
2807.0000,1.0664E+002
2808.0000,1.4178E+002
2809.0000,1.1021E+002
2810.0000,1.4906E+002
2811.0000,1.4503E+002
2812.0000,1.4288E+002
2813.0000,1.3753E+002
2814.0000,1.1619E+002
2815.0000,1.4187E+002
2816.0000,1.3026E+002
2817.0000,7.5394E+000
2818.0000,1.2778E+002
2819.0000,1.3296E+002
2820.0000,1.2953E+002
2821.0000,1.1066E+002
2822.0000,1.2086E+002
2823.0000,9.7143E+001
2824.0000,1.2399E+002
2825.0000,3.8245E+001
2826.0000,1.1997E+002
2827.0000,6.8067E+000
2828.0000,2.2166E+001
2829.0000,4.5132E+001
2830.0000,3.9832E+001
2831.0000,9.4761E+001
2832.0000,2.7160E+001
2833.0000,1.1462E+001
2834.0000,9.9836E+001
2835.0000,4.8105E+001
2836.0000,4.8556E+001
2837.0000,6.3663E+001
2838.0000,5.4472E+001
2839.0000,1.6877E+001
2840.0000,8.8261E+001
2841.0000,5.3904E+001
2842.0000,1.0481E+002
2843.0000,2.6107E+001
2844.0000,4.0819E+001
2845.0000,5.6415E+001
2846.0000,9.2948E+001
2847.0000,9.2152E+001
2848.0000,7.7484E-001
2849.0000,7.4047E+001
2850.0000,6.4361E+001
2851.0000,6.9928E+001
2852.0000,7.8608E+001
2853.0000,3.6765E+001
2854.0000,3.2861E+001
2855.0000,7.0689E+001
2856.0000,4.9338E+001
2857.0000,2.7553E+001
2858.0000,5.0126E+000
2859.0000,2.0951E+001
2860.0000,2.4034E+001
2861.0000,2.5560E+001
2862.0000,2.8079E+001
2863.0000,3.3600E+001
2864.0000,4.5881E+001
2865.0000,5.7532E+001
2866.0000,6.1889E+001
2867.0000,2.0282E+001
2868.0000,1.9828E+001
2869.0000,5.7212E+001
2870.0000,5.2656E+001
2871.0000,5.2516E+001
2872.0000,5.2407E+001
2873.0000,9.2497E+000
2874.0000,5.4226E+001
2875.0000,4.5027E+001
2876.0000,3.9653E+001
2877.0000,5.0661E+001
2878.0000,5.0526E+001
2879.0000,5.0743E+001
2880.0000,4.1433E+001
2881.0000,4.1678E+001
2882.0000,4.6729E+001
2883.0000,4.1895E+001
2884.0000,3.9116E+001
2885.0000,4.0510E+001
2886.0000,3.8474E+001
2887.0000,1.6689E+001
2888.0000,3.9165E+001
2889.0000,3.9755E+001
2890.0000,3.6275E+001
2891.0000,1.2662E+001
2892.0000,1.9605E+001
2893.0000,3.3766E+001
2894.0000,8.6951E+000
2895.0000,2.7681E+001
2896.0000,4.7021E+001
2897.0000,1.6976E+001
2898.0000,9.7360E+000
2899.0000,4.1112E+001
2900.0000,4.7930E+000
2901.0000,3.7758E+001
2902.0000,4.4582E+001
2903.0000,4.6376E+001
2904.0000,4.7136E+001
2905.0000,4.8038E+001
2906.0000,1.0879E+001
2907.0000,3.7314E+000
2908.0000,6.4225E+000
2909.0000,2.0713E+001
2910.0000,3.2682E+001
2911.0000,1.7756E+000
2912.0000,2.1321E+001
2913.0000,4.0675E+001
2914.0000,4.6715E+001
2915.0000,1.6603E+001
2916.0000,3.8301E+001
2917.0000,4.1687E+000
2918.0000,4.5419E+001
2919.0000,1.8134E+001
2920.0000,4.4720E+001
2921.0000,4.4199E+001
2922.0000,4.0569E+001
2923.0000,3.8090E+001
2924.0000,1.7189E+001
2925.0000,1.1594E+001
2926.0000,1.4381E+001
2927.0000,9.3075E+000
2928.0000,1.4451E+001
2929.0000,1.4028E+001
2930.0000,1.2591E+001
2931.0000,1.4111E+001
2932.0000,7.6058E+000
2933.0000,5.7062E+000
2934.0000,7.6586E+000
2935.0000,2.6898E+001
2936.0000,1.3465E+001
2937.0000,2.9477E+000
2938.0000,1.3676E+001
2939.0000,1.5871E+001
2940.0000,1.2764E+001
2941.0000,1.3367E+001
2942.0000,1.3276E+001
2943.0000,1.4657E+001
2944.0000,1.5559E+001
2945.0000,1.5763E+001
2946.0000,1.3277E+001
2947.0000,1.5025E+001
2948.0000,1.5330E+001
2949.0000,4.2433E+000
2950.0000,1.1415E+001
2951.0000,7.2067E+000
2952.0000,2.4784E+001
2953.0000,1.4428E+001
2954.0000,1.4269E+001
2955.0000,1.3005E+001
2956.0000,1.5695E+001
2957.0000,1.3811E+001
2958.0000,1.5894E+001
2959.0000,1.5830E+001
2960.0000,3.9744E+000
2961.0000,1.3271E+001
2962.0000,1.7651E+001
2963.0000,2.3702E+000
2964.0000,1.1572E+001
2965.0000,1.6237E+001
2966.0000,1.8548E+001
2967.0000,1.5220E+001
2968.0000,1.1819E+001
2969.0000,8.9238E+000
2970.0000,2.0216E+001
2971.0000,1.4929E+001
2972.0000,1.5522E+001
2973.0000,1.3849E+001
2974.0000,1.8237E+001
2975.0000,4.6549E+000
2976.0000,4.6041E+000
2977.0000,1.2432E+001
2978.0000,1.4232E+001
2979.0000,5.1819E-001
2980.0000,1.2333E+001
2981.0000,1.0405E+001
2982.0000,1.0814E+001
2983.0000,9.3015E+000
2984.0000,1.3054E+001
2985.0000,1.4201E+001
2986.0000,8.4419E+000
2987.0000,9.3980E+000
2988.0000,1.0276E+001
2989.0000,2.1811E+001
2990.0000,2.0710E+001
2991.0000,3.9201E+001
2992.0000,1.9573E+000
2993.0000,4.8810E+001
2994.0000,1.7935E+001
2995.0000,1.6992E+001
2996.0000,1.5872E+001
2997.0000,2.4844E+001
2998.0000,2.2849E+001
2999.0000,9.8850E-001
3000.0000,2.1185E+001
3001.0000,2.1234E+001
3002.0000,2.1792E+001
3003.0000,2.1629E+001
3004.0000,2.2398E+001
3005.0000,1.5654E+001
3006.0000,2.1154E+001
3007.0000,2.2113E+001
3008.0000,3.6102E+001
3009.0000,5.5061E+001
3010.0000,6.8891E+001
3011.0000,5.2565E+001
3012.0000,4.4650E+001
3013.0000,2.8060E+001
3014.0000,3.0566E+001
3015.0000,3.1758E+001
3016.0000,6.8683E+001
3017.0000,3.4471E+001
3018.0000,7.0605E+001
3019.0000,7.9899E+001
3020.0000,5.9489E+001
3021.0000,4.4008E+001
3022.0000,4.8091E+001
3023.0000,2.3844E+000
3024.0000,5.0011E+001
3025.0000,8.4458E+001
3026.0000,1.0127E+002
3027.0000,9.9163E+001
3028.0000,1.5269E+002
3029.0000,1.0487E+002
3030.0000,7.2279E+001
3031.0000,9.7141E+001
3032.0000,1.6190E+002
3033.0000,1.4500E+002
3034.0000,5.5938E+001
3035.0000,1.5930E+002
3036.0000,1.5846E+002
3037.0000,1.1548E+002
3038.0000,1.5432E+002
3039.0000,1.4026E+002
3040.0000,1.0970E+002
3041.0000,1.4427E+002
3042.0000,1.9681E+002
3043.0000,1.6344E+002
3044.0000,1.9618E+002
3045.0000,1.9687E+002
3046.0000,2.0357E+002
3047.0000,1.9964E+002
3048.0000,1.9849E+002
3049.0000,9.8326E+001
3050.0000,9.9118E+001
3051.0000,1.2209E+002
3052.0000,3.2242E+001
3053.0000,1.1928E+002
3054.0000,1.6704E+002
3055.0000,1.5496E+002
3056.0000,1.4159E+002
3057.0000,2.0175E+002
3058.0000,1.7060E+002
3059.0000,1.5121E+002
3060.0000,1.1366E+002
3061.0000,1.4131E+002
3062.0000,9.2811E+001
3063.0000,1.1452E+002
3064.0000,1.0855E+002
3065.0000,3.0017E+001
3066.0000,2.3371E+000
3067.0000,6.2347E+001
3068.0000,2.1404E+002
3069.0000,1.9218E+002
3070.0000,4.8116E+001
3071.0000,1.7532E+002
3072.0000,1.8671E+002
3073.0000,1.8910E+002
3074.0000,1.7595E+002
3075.0000,1.1937E+002
3076.0000,2.1088E+002
3077.0000,2.1257E+002
3078.0000,1.3791E+002
3079.0000,4.2543E+000
3080.0000,1.0852E+002
3081.0000,1.5603E+002
3082.0000,9.7089E+001
3083.0000,3.9200E+001
3084.0000,1.0048E+002
3085.0000,6.0336E+001
3086.0000,1.0387E+002
3087.0000,2.1203E+002
3088.0000,1.2744E+002
3089.0000,1.6020E+002
3090.0000,1.3236E+002
3091.0000,2.2700E+002
3092.0000,2.1661E+002
3093.0000,2.0797E+002
3094.0000,1.5323E+002
3095.0000,1.6029E+002
3096.0000,1.5879E+002
3097.0000,1.8035E+002
3098.0000,9.3981E+001
3099.0000,1.2826E+002
3100.0000,4.5483E+001
3101.0000,1.5077E+002
3102.0000,1.5628E+002
3103.0000,3.9810E+001
3104.0000,5.9187E+001
3105.0000,9.4880E+001
3106.0000,1.2544E+002
3107.0000,1.5274E+002
3108.0000,1.5723E+002
3109.0000,1.3204E+002
3110.0000,9.0049E+001
3111.0000,1.0325E+002
3112.0000,1.3728E+002
3113.0000,1.4516E+002
3114.0000,1.7263E+002
3115.0000,1.0521E+002
3116.0000,1.4871E+002
3117.0000,1.9998E+002
3118.0000,1.6026E+002
3119.0000,1.6850E+002
3120.0000,1.7207E+002
3121.0000,1.9075E+002
3122.0000,1.0721E+002
3123.0000,1.9867E+002
3124.0000,1.3022E+002
3125.0000,1.0782E+001
3126.0000,1.6793E+002
3127.0000,1.5541E+002
3128.0000,1.4197E+002
3129.0000,2.1388E+002
3130.0000,1.7931E+002
3131.0000,1.5220E+002
3132.0000,1.8495E+002
3133.0000,1.5329E+002
3134.0000,1.1159E+002
3135.0000,1.7347E+002
3136.0000,1.3786E+002
3137.0000,1.4073E+002
3138.0000,1.8859E+002
3139.0000,1.6346E+002
3140.0000,1.5067E+002
3141.0000,5.1267E+001
3142.0000,9.3828E+000
3143.0000,1.9251E+002
3144.0000,1.6952E+002
3145.0000,1.4994E+002
3146.0000,3.6948E+001
3147.0000,1.4691E+002
3148.0000,1.5593E+002
3149.0000,1.3519E+002
3150.0000,1.5847E+002
3151.0000,1.1627E+002
3152.0000,1.7630E+002
3153.0000,1.7733E+002
3154.0000,1.7503E+002
3155.0000,1.3993E+002
3156.0000,1.5970E+002
3157.0000,1.8047E+002
3158.0000,1.7385E+002
3159.0000,5.1339E+001
3160.0000,9.9600E+001
3161.0000,9.9931E+001
3162.0000,5.1971E+001
3163.0000,1.3690E+002
3164.0000,7.7055E+001
3165.0000,5.2660E+001
3166.0000,2.3844E+001
3167.0000,7.0085E+001
3168.0000,1.4419E+002
3169.0000,1.4224E+002
3170.0000,1.5254E+002
3171.0000,1.3940E+002
3172.0000,9.6163E+001
3173.0000,1.2944E+002
3174.0000,9.1859E+001
3175.0000,1.3723E+002
3176.0000,9.5723E+001
3177.0000,4.9557E+001
3178.0000,7.6026E+001
3179.0000,1.2482E+002
3180.0000,5.5981E+001
3181.0000,1.3740E+002
3182.0000,1.3359E+002
3183.0000,1.3225E+002
3184.0000,1.2811E+002
3185.0000,1.2050E+002
3186.0000,5.2550E+001
3187.0000,9.9267E+001
3188.0000,1.2520E+002
3189.0000,1.0548E+002
3190.0000,1.0319E+002
3191.0000,4.8213E+001
3192.0000,1.1175E+002
3193.0000,1.1206E+002
3194.0000,1.1349E+002
3195.0000,1.0886E+002
3196.0000,1.0175E+002
3197.0000,1.0725E+002
3198.0000,6.8097E+001
3199.0000,6.7783E+001
3200.0000,9.3536E+000
3201.0000,4.5879E+001
3202.0000,1.0823E+002
3203.0000,1.0328E+002
3204.0000,7.5538E+001
3205.0000,7.4046E+001
3206.0000,8.2509E+001
3207.0000,9.7219E+001
3208.0000,5.5682E+001
3209.0000,5.5991E+001
3210.0000,5.3195E+001
3211.0000,7.6875E+001
3212.0000,5.1852E+001
3213.0000,7.6019E+001
3214.0000,7.5971E+001
3215.0000,8.3269E+001
3216.0000,4.1513E+001
3217.0000,5.7909E+001
3218.0000,6.9915E+001
3219.0000,5.9656E+001
3220.0000,4.9587E+001
3221.0000,6.0319E+001
3222.0000,6.2569E+001
3223.0000,7.7513E+001
3224.0000,5.5420E+001
3225.0000,3.4752E+001
3226.0000,1.3266E+001
3227.0000,4.4336E+001
3228.0000,5.2341E+001
3229.0000,6.5504E+001
3230.0000,6.1293E+001
3231.0000,5.3762E+001
3232.0000,5.6562E+000
3233.0000,4.4150E+001
3234.0000,3.9780E+001
3235.0000,3.5913E+001
3236.0000,5.4054E+001
3237.0000,3.7541E+001
3238.0000,5.7199E+001
3239.0000,5.4669E+001
3240.0000,4.4197E+001
3241.0000,4.7284E+001
3242.0000,2.1971E+001
3243.0000,3.8238E+001
3244.0000,4.3993E+001
3245.0000,5.1029E+001
3246.0000,4.4472E+001
3247.0000,6.2297E+000
3248.0000,4.3583E+001
3249.0000,4.6456E+001
3250.0000,4.7503E+001
3251.0000,2.3940E+001
3252.0000,3.5782E+000
3253.0000,4.4450E+001
3254.0000,4.2916E+001
3255.0000,4.3823E+001
3256.0000,2.0184E+001
3257.0000,3.5692E+001
3258.0000,3.9188E+001
3259.0000,4.5074E+001
3260.0000,6.8483E+000
3261.0000,1.1598E+001
3262.0000,4.2536E+001
3263.0000,2.9765E+001
3264.0000,3.8506E+000
3265.0000,1.5764E+001
3266.0000,4.3470E+001
3267.0000,4.8062E+001
3268.0000,4.0344E+001
3269.0000,2.0917E+001
3270.0000,1.5227E+001
3271.0000,4.6479E+001
3272.0000,7.3322E+000
3273.0000,1.5383E+001
3274.0000,1.5174E+001
3275.0000,5.8386E+000
3276.0000,1.6665E+001
3277.0000,5.5810E+000
3278.0000,3.9625E+000
3279.0000,1.4527E+001
3280.0000,1.5874E+001
3281.0000,5.0077E+000
3282.0000,1.3015E+001
3283.0000,1.0807E+001
3284.0000,5.1845E+000
3285.0000,1.1250E+001
3286.0000,9.8221E+000
3287.0000,1.2448E+001
3288.0000,3.3282E+000
3289.0000,9.8919E+000
3290.0000,1.2837E+001
3291.0000,1.1424E+001
3292.0000,7.1135E+000
3293.0000,1.2122E+001
3294.0000,1.2391E+001
3295.0000,1.2086E+001
3296.0000,6.4057E+000
3297.0000,4.4107E+000
3298.0000,2.1322E+001
3299.0000,1.0695E+001
3300.0000,6.8465E+000
3301.0000,9.6966E+000
3302.0000,4.6034E+000
3303.0000,1.2120E+001
3304.0000,4.7346E+000
3305.0000,1.0254E+001
3306.0000,9.1848E+000
3307.0000,9.1554E+000
3308.0000,1.3691E+001
3309.0000,1.2514E+001
3310.0000,1.3603E+001
3311.0000,6.5736E+000
3312.0000,1.3007E+001
3313.0000,5.7219E+000
3314.0000,1.3139E+001
3315.0000,1.3908E+001
3316.0000,1.3803E+001
3317.0000,9.6179E+000
3318.0000,1.0221E+001
3319.0000,5.3346E+000
3320.0000,5.3405E+000
3321.0000,1.3728E+001
3322.0000,1.7903E+000
3323.0000,1.4878E+001
3324.0000,1.3852E+001
3325.0000,1.4273E+001
3326.0000,1.2659E+001
3327.0000,1.2533E+001
3328.0000,1.3857E+001
3329.0000,1.5309E+001
3330.0000,3.7094E+000
3331.0000,9.5106E+000
3332.0000,4.9829E+000
3333.0000,1.5035E+001
3334.0000,1.6043E+001
3335.0000,3.4101E+000
3336.0000,7.0794E+000
3337.0000,1.4408E+001
3338.0000,3.3944E+000
3339.0000,1.5317E+001
3340.0000,1.0990E+001
3341.0000,1.4078E+001
3342.0000,1.3479E+001
3343.0000,1.4421E+001
3344.0000,1.5115E+001
3345.0000,1.7148E+001
3346.0000,1.1938E+001
3347.0000,8.6008E+000
3348.0000,1.3468E+001
3349.0000,1.2630E+001
3350.0000,1.1777E+001
3351.0000,1.7347E+001
3352.0000,1.6111E+001
3353.0000,1.4761E+001
3354.0000,1.6855E+001
3355.0000,1.0907E+001
3356.0000,3.7454E+001
3357.0000,2.0822E+000
3358.0000,9.6356E+000
3359.0000,1.6743E+001
3360.0000,1.2948E+001
3361.0000,1.7966E+001
3362.0000,1.8445E+001
3363.0000,1.8869E+001
3364.0000,1.3169E+001
3365.0000,1.0911E+001
3366.0000,1.4405E+001
3367.0000,8.7194E+000
3368.0000,1.4377E+001
3369.0000,1.9165E+001
3370.0000,1.7306E+001
3371.0000,1.5020E+001
3372.0000,1.8786E+001
3373.0000,5.7707E+000
3374.0000,3.7491E+001
3375.0000,1.0854E+000
3376.0000,1.1539E+001
3377.0000,5.1070E+001
3378.0000,4.3891E+001
3379.0000,5.7947E+001
3380.0000,3.8412E+001
3381.0000,3.5896E+001
3382.0000,2.6445E+001
3383.0000,5.2766E+001
3384.0000,1.5644E+001
3385.0000,6.5908E+001
3386.0000,7.7119E+001
3387.0000,5.2855E+001
3388.0000,8.4060E+001
3389.0000,3.9873E+001
3390.0000,8.1709E+001
3391.0000,8.2753E+000
3392.0000,4.7084E+001
3393.0000,4.5476E+001
3394.0000,4.0832E+001
3395.0000,1.0486E+002
3396.0000,1.2504E+002
3397.0000,1.2151E+002
3398.0000,8.1250E+001
3399.0000,6.2867E+001
3400.0000,1.7837E+002
3401.0000,1.5903E+002
3402.0000,2.0016E+001
3403.0000,7.5422E+001
3404.0000,1.1645E+002
3405.0000,1.0487E+002
3406.0000,3.0417E+001
3407.0000,6.7949E+001
3408.0000,1.5122E+002
3409.0000,1.3381E+002
3410.0000,1.2024E+002
3411.0000,1.1434E+002
3412.0000,1.5848E+002
3413.0000,2.0870E+002
3414.0000,2.0500E+002
3415.0000,3.4989E+001
3416.0000,8.9786E+001
3417.0000,2.1494E+002
3418.0000,2.0310E+002
3419.0000,1.1208E+002
3420.0000,1.8240E+002
3421.0000,9.5336E+001
3422.0000,1.7798E+001
3423.0000,1.3874E+002
3424.0000,1.8232E+002
3425.0000,1.8981E+002
3426.0000,2.0415E+002
3427.0000,1.7594E+002
3428.0000,4.3197E+001
3429.0000,4.3127E+001
3430.0000,9.7680E+001
3431.0000,1.4016E+002
3432.0000,1.4610E+002
3433.0000,8.1282E+001
3434.0000,7.7145E+000
3435.0000,2.1409E+002
3436.0000,1.3425E+002
3437.0000,1.4996E+002
3438.0000,2.0017E+002
3439.0000,1.9673E+002
3440.0000,1.6527E+002
3441.0000,9.7510E+001
3442.0000,8.1724E+001
3443.0000,1.1449E+002
3444.0000,1.5812E+002
3445.0000,1.9218E+002
3446.0000,8.4986E+001
3447.0000,1.0209E+002
3448.0000,1.3160E+002
3449.0000,9.2324E+001
3450.0000,6.3244E+000
3451.0000,1.2946E+002
3452.0000,1.7749E+002
3453.0000,2.0452E+002
3454.0000,1.7478E+002
3455.0000,1.6298E+002
3456.0000,1.7712E+002
3457.0000,2.0351E+002
3458.0000,1.6584E+002
3459.0000,1.4252E+002
3460.0000,1.8138E+002
3461.0000,1.5676E+002
3462.0000,1.2251E+002
3463.0000,9.7564E+001
3464.0000,1.6940E+002
3465.0000,1.8699E+002
3466.0000,1.4700E+002
3467.0000,1.5708E+002
3468.0000,1.7977E+002
3469.0000,1.4178E+002
3470.0000,1.5154E+002
3471.0000,3.7045E+001
3472.0000,1.7944E+002
3473.0000,2.0031E+002
3474.0000,1.6481E+002
3475.0000,1.3489E+002
3476.0000,1.5138E+002
3477.0000,1.8450E+002
3478.0000,1.7671E+002
3479.0000,1.6466E+002
3480.0000,1.3711E+002
3481.0000,1.4227E+002
3482.0000,1.2515E+002
3483.0000,5.7789E+001
3484.0000,1.6445E+002
3485.0000,1.7170E+002
3486.0000,1.0674E+002
3487.0000,1.7037E+002
3488.0000,1.6659E+002
3489.0000,1.5768E+002
3490.0000,1.4215E+002
3491.0000,1.6461E+002
3492.0000,1.7331E+002
3493.0000,1.5489E+002
3494.0000,7.2862E+001
3495.0000,4.5653E+001
3496.0000,1.5641E+002
3497.0000,1.2948E+002
3498.0000,1.4694E+002
3499.0000,1.5069E+002
3500.0000,9.0937E+001
3501.0000,1.6087E+002
3502.0000,1.2866E+002
3503.0000,1.5717E+002
3504.0000,1.5028E+002
3505.0000,1.4036E+002
3506.0000,1.6933E+002
3507.0000,1.4847E+002
3508.0000,1.3493E+002
3509.0000,1.6237E+002
3510.0000,1.2551E+002
3511.0000,3.8416E+000
3512.0000,1.4004E+002
3513.0000,9.2991E+001
3514.0000,1.4644E+002
3515.0000,1.1252E+002
3516.0000,1.6434E+002
3517.0000,1.8154E+002
3518.0000,1.6434E+002
3519.0000,9.4017E+001
3520.0000,4.6630E+001
3521.0000,1.0567E+002
3522.0000,9.5442E+001
3523.0000,1.5768E+002
3524.0000,1.6718E+002
3525.0000,1.3751E+002
3526.0000,1.5581E+002
3527.0000,1.6870E+002
3528.0000,1.6470E+002
3529.0000,7.7713E+001
3530.0000,1.0821E+002
3531.0000,7.1016E+001
3532.0000,1.4631E+002
3533.0000,1.2926E+002
3534.0000,1.4083E+002
3535.0000,8.4303E+001
3536.0000,1.4831E+002
3537.0000,1.3379E+002
3538.0000,1.2666E+002
3539.0000,1.3516E+002
3540.0000,2.7855E+001
3541.0000,1.4262E+002
3542.0000,5.5683E+001
3543.0000,1.2604E+002
3544.0000,1.3653E+002
3545.0000,5.0960E+001
3546.0000,1.2440E+002
3547.0000,9.6844E+001
3548.0000,1.3376E+002
3549.0000,1.0011E+002
3550.0000,5.7840E+001
3551.0000,7.9615E+001
3552.0000,1.1414E+002
3553.0000,1.1369E+002
3554.0000,5.5550E+001
3555.0000,1.1657E+002
3556.0000,1.1317E+002
3557.0000,1.0595E+002
3558.0000,6.7967E+001
3559.0000,7.0966E+001
3560.0000,2.3877E+001
3561.0000,6.8936E+001
3562.0000,1.1696E+002
3563.0000,1.2325E+001
3564.0000,1.0405E+002
3565.0000,1.1017E+002
3566.0000,7.3810E+001
3567.0000,6.4696E+001
3568.0000,9.0354E+001
3569.0000,8.8809E+001
3570.0000,4.6630E+001
3571.0000,1.0416E+002
3572.0000,7.5259E+001
3573.0000,6.7765E+001
3574.0000,5.4615E+001
3575.0000,1.9760E+000
3576.0000,7.4254E+001
3577.0000,3.1823E+001
3578.0000,5.6875E+001
3579.0000,7.7495E+001
3580.0000,3.9701E+001
3581.0000,1.4837E+001
3582.0000,2.5546E+000
3583.0000,1.9216E+001
3584.0000,7.7985E+001
3585.0000,4.4640E+001
3586.0000,6.2748E+001
3587.0000,4.7171E+001
3588.0000,2.0919E+001
3589.0000,4.9521E+001
3590.0000,4.6051E+001
3591.0000,2.3451E+001
3592.0000,5.3072E+001
3593.0000,6.9131E+001
3594.0000,5.2293E+001
3595.0000,3.9961E+001
3596.0000,1.5882E+001
3597.0000,2.6025E+001
3598.0000,5.1904E+001
3599.0000,5.2263E+001
3600.0000,5.4793E+001
3601.0000,5.2595E+001
3602.0000,2.7561E+001
3603.0000,4.8969E+001
3604.0000,4.9021E+001
3605.0000,5.7723E+001
3606.0000,2.8852E+001
3607.0000,2.3801E+000
3608.0000,4.9389E+001
3609.0000,5.0460E+001
3610.0000,4.3085E+001
3611.0000,4.7976E+001
3612.0000,4.2285E+001
3613.0000,3.7797E+001
3614.0000,6.8651E+000
3615.0000,3.7156E+001
3616.0000,8.2410E+000
3617.0000,3.2240E+001
3618.0000,4.0687E+001
3619.0000,4.7053E+001
3620.0000,4.2826E+001
3621.0000,1.7415E+001
3622.0000,4.9065E+001
3623.0000,1.0085E+001
3624.0000,4.3008E+001
3625.0000,4.3321E+001
3626.0000,2.8780E+000
3627.0000,4.8881E+001
3628.0000,4.0439E+001
3629.0000,4.9197E+000
3630.0000,7.4345E+000
3631.0000,1.0553E+001
3632.0000,3.0373E+001
3633.0000,3.8331E+001
3634.0000,4.1316E+001
3635.0000,4.2754E+001
3636.0000,1.7020E+001
3637.0000,1.6794E+001
3638.0000,2.6149E+001
3639.0000,3.3172E+001
3640.0000,4.5988E+001
3641.0000,1.6053E+001
3642.0000,2.6648E+001
3643.0000,6.4743E+000
3644.0000,6.1591E+000
3645.0000,2.3516E+001
3646.0000,4.2540E+001
3647.0000,4.1500E+001
3648.0000,1.5279E+001
3649.0000,4.3732E+001
3650.0000,4.7175E+001
3651.0000,5.4552E+001
3652.0000,4.2431E+001
