"",32.500
177.5000,3.2500E+001
178.5000,3.2500E+001
179.5000,3.2500E+001
180.5000,3.2500E+001
181.5000,3.2500E+001
182.5000,3.2500E+001
183.5000,3.2500E+001
184.5000,3.2500E+001
185.5000,3.2500E+001
186.5000,3.2500E+001
187.5000,3.2500E+001
188.5000,3.2500E+001
189.5000,3.2500E+001
190.5000,3.2500E+001
191.5000,3.2500E+001
192.5000,3.2500E+001
193.5000,3.2500E+001
194.5000,3.2500E+001
195.5000,3.2500E+001
196.5000,3.2500E+001
197.5000,3.2500E+001
198.5000,3.2500E+001
199.5000,3.2500E+001
200.5000,3.2500E+001
201.5000,3.2500E+001
202.5000,3.2500E+001
203.5000,3.2500E+001
204.5000,3.2500E+001
205.5000,3.2500E+001
206.5000,3.2500E+001
207.5000,3.2500E+001
208.5000,3.2500E+001
209.5000,3.2500E+001
210.5000,3.2500E+001
211.5000,3.2500E+001
212.5000,3.2500E+001
213.5000,3.2500E+001
214.5000,3.2500E+001
215.5000,3.2500E+001
216.5000,3.2500E+001
217.5000,3.2500E+001
218.5000,3.2500E+001
219.5000,3.2500E+001
220.5000,3.2500E+001
221.5000,3.2500E+001
222.5000,3.2500E+001
223.5000,3.2500E+001
224.5000,3.2500E+001
225.5000,3.2500E+001
226.5000,3.2500E+001
227.5000,3.2500E+001
228.5000,3.2500E+001
229.5000,3.2500E+001
230.5000,3.2500E+001
231.5000,3.2500E+001
232.5000,3.2500E+001
233.5000,3.2500E+001
234.5000,3.2500E+001
235.5000,3.2500E+001
236.5000,3.2500E+001
237.5000,3.2500E+001
238.5000,3.2500E+001
239.5000,3.2500E+001
240.5000,3.2500E+001
241.5000,3.2500E+001
242.5000,3.2500E+001
243.5000,3.2500E+001
244.5000,3.2500E+001
245.5000,3.2500E+001
246.5000,3.2500E+001
247.5000,3.2500E+001
248.5000,3.2500E+001
249.5000,3.2500E+001
250.5000,3.2500E+001
251.5000,3.2500E+001
252.5000,3.2500E+001
253.5000,3.2500E+001
254.5000,3.2500E+001
255.5000,3.2500E+001
256.5000,3.2500E+001
257.5000,3.2500E+001
258.5000,3.2500E+001
259.5000,3.2500E+001
260.5000,3.2500E+001
261.5000,3.2500E+001
262.5000,3.2500E+001
263.5000,3.2500E+001
264.5000,3.2500E+001
265.5000,3.2500E+001
266.5000,3.2500E+001
267.5000,3.2500E+001
268.5000,3.2500E+001
269.5000,3.2500E+001
270.5000,3.2500E+001
271.5000,3.2500E+001
272.5000,3.2500E+001
273.5000,3.2500E+001
274.5000,3.2500E+001
275.5000,3.2500E+001
276.5000,3.2500E+001
277.5000,3.2500E+001
278.5000,3.2500E+001
279.5000,3.2500E+001
280.5000,3.2500E+001
281.5000,3.2500E+001
282.5000,3.2500E+001
283.5000,3.2500E+001
284.5000,3.2500E+001
285.5000,3.2500E+001
286.5000,3.2500E+001
287.5000,3.2500E+001
288.5000,3.2500E+001
289.5000,3.2500E+001
290.5000,3.2500E+001
291.5000,3.2500E+001
292.5000,3.2500E+001
293.5000,3.2500E+001
294.5000,3.2500E+001
295.5000,3.2500E+001
296.5000,3.2500E+001
297.5000,3.2500E+001
298.5000,3.2500E+001
299.5000,3.2500E+001
300.5000,3.2500E+001
301.5000,3.2500E+001
302.5000,3.2500E+001
303.5000,3.2500E+001
304.5000,3.2500E+001
305.5000,3.2500E+001
306.5000,3.2500E+001
307.5000,3.2500E+001
308.5000,3.2500E+001
309.5000,3.2500E+001
310.5000,3.2500E+001
311.5000,3.2500E+001
312.5000,3.2500E+001
313.5000,3.2500E+001
314.5000,3.2500E+001
315.5000,3.2500E+001
316.5000,3.2500E+001
317.5000,3.2500E+001
318.5000,3.2500E+001
319.5000,3.2500E+001
320.5000,3.2500E+001
321.5000,3.2500E+001
322.5000,3.2500E+001
323.5000,3.2500E+001
324.5000,3.2500E+001
325.5000,3.2500E+001
326.5000,3.2500E+001
327.5000,3.2500E+001
328.5000,3.2500E+001
329.5000,3.2500E+001
330.5000,3.2500E+001
331.5000,3.2500E+001
332.5000,3.2500E+001
333.5000,3.2500E+001
334.5000,3.2500E+001
335.5000,3.2500E+001
336.5000,3.2500E+001
337.5000,3.2500E+001
338.5000,3.2500E+001
339.5000,3.2500E+001
340.5000,3.2500E+001
341.5000,3.2500E+001
342.5000,3.2500E+001
343.5000,3.2500E+001
344.5000,3.2500E+001
345.5000,3.2500E+001
346.5000,3.2500E+001
347.5000,3.2500E+001
348.5000,3.2500E+001
349.5000,3.2500E+001
350.5000,3.2500E+001
351.5000,3.2500E+001
352.5000,3.2500E+001
353.5000,3.2500E+001
354.5000,3.2500E+001
355.5000,3.2500E+001
356.5000,3.2500E+001
357.5000,3.2500E+001
358.5000,3.2500E+001
359.5000,3.2500E+001
360.5000,3.2500E+001
361.5000,3.2500E+001
362.5000,3.2500E+001
363.5000,3.2500E+001
364.5000,3.2500E+001
365.5000,3.2500E+001
366.5000,3.2500E+001
367.5000,3.2500E+001
368.5000,3.2500E+001
369.5000,3.2500E+001
370.5000,3.2500E+001
371.5000,3.2500E+001
372.5000,3.2500E+001
373.5000,3.2500E+001
374.5000,3.2500E+001
375.5000,3.2500E+001
376.5000,3.2500E+001
377.5000,3.2500E+001
378.5000,3.2500E+001
379.5000,3.2500E+001
380.5000,3.2500E+001
381.5000,3.2500E+001
382.5000,3.2500E+001
383.5000,3.2500E+001
384.5000,3.2500E+001
385.5000,3.2500E+001
386.5000,3.2500E+001
387.5000,3.2500E+001
388.5000,3.2500E+001
389.5000,3.2500E+001
390.5000,3.2500E+001
391.5000,3.2500E+001
392.5000,3.2500E+001
393.5000,3.2500E+001
394.5000,3.2500E+001
395.5000,3.2500E+001
396.5000,3.2500E+001
397.5000,3.2500E+001
398.5000,3.2500E+001
399.5000,3.2500E+001
400.5000,3.2500E+001
401.5000,3.2500E+001
402.5000,3.2500E+001
403.5000,3.2500E+001
404.5000,3.2500E+001
405.5000,3.2500E+001
406.5000,3.2500E+001
407.5000,3.2500E+001
408.5000,3.2500E+001
409.5000,3.2500E+001
410.5000,3.2500E+001
411.5000,3.2500E+001
412.5000,3.2500E+001
413.5000,3.2500E+001
414.5000,3.2500E+001
415.5000,3.2500E+001
416.5000,3.2500E+001
417.5000,3.2500E+001
418.5000,3.2500E+001
419.5000,3.2500E+001
420.5000,3.2500E+001
421.5000,3.2500E+001
422.5000,3.2500E+001
423.5000,3.2500E+001
424.5000,3.2500E+001
425.5000,3.2500E+001
426.5000,3.2500E+001
427.5000,3.2500E+001
428.5000,3.2500E+001
429.5000,3.2500E+001
430.5000,3.2500E+001
431.5000,3.2500E+001
432.5000,3.2500E+001
433.5000,3.2500E+001
434.5000,3.2500E+001
435.5000,3.2500E+001
436.5000,3.2500E+001
437.5000,3.2500E+001
438.5000,3.2500E+001
439.5000,3.2500E+001
440.5000,3.2500E+001
441.5000,3.2500E+001
442.5000,3.2500E+001
443.5000,3.2500E+001
444.5000,3.2500E+001
445.5000,3.2500E+001
446.5000,3.2500E+001
447.5000,3.2500E+001
448.5000,3.2500E+001
449.5000,3.2500E+001
450.5000,3.2500E+001
451.5000,3.2500E+001
452.5000,3.2500E+001
453.5000,3.2500E+001
454.5000,3.2500E+001
455.5000,3.2500E+001
456.5000,3.2500E+001
457.5000,3.2500E+001
458.5000,3.2500E+001
459.5000,3.2500E+001
460.5000,3.2500E+001
461.5000,3.2500E+001
462.5000,3.2500E+001
463.5000,3.2500E+001
464.5000,3.2500E+001
465.5000,3.2500E+001
466.5000,3.2500E+001
467.5000,3.2500E+001
468.5000,3.2500E+001
469.5000,3.2500E+001
470.5000,3.2500E+001
471.5000,3.2500E+001
472.5000,3.2500E+001
473.5000,3.2500E+001
474.5000,3.2500E+001
475.5000,3.2500E+001
476.5000,3.2500E+001
477.5000,3.2500E+001
478.5000,3.2500E+001
479.5000,3.2500E+001
480.5000,3.2500E+001
481.5000,3.2500E+001
482.5000,3.2500E+001
483.5000,3.2500E+001
484.5000,3.2500E+001
485.5000,3.2500E+001
486.5000,3.2500E+001
487.5000,3.2500E+001
488.5000,3.2500E+001
489.5000,3.2500E+001
490.5000,3.2500E+001
491.5000,3.2500E+001
492.5000,3.2500E+001
493.5000,3.2500E+001
494.5000,3.2500E+001
495.5000,3.2500E+001
496.5000,3.2500E+001
497.5000,3.2500E+001
498.5000,3.2500E+001
499.5000,3.2500E+001
500.5000,3.2500E+001
501.5000,3.2500E+001
502.5000,3.2500E+001
503.5000,3.2500E+001
504.5000,3.2500E+001
505.5000,3.2500E+001
506.5000,3.2500E+001
507.5000,3.2500E+001
508.5000,3.2500E+001
509.5000,3.2500E+001
510.5000,3.2500E+001
511.5000,3.2500E+001
512.5000,3.2500E+001
513.5000,3.2500E+001
514.5000,3.2500E+001
515.5000,3.2500E+001
516.5000,3.2500E+001
517.5000,3.2500E+001
518.5000,3.2500E+001
519.5000,3.2500E+001
520.5000,3.2500E+001
521.5000,3.2500E+001
522.5000,3.2500E+001
523.5000,3.2500E+001
524.5000,3.2500E+001
525.5000,3.2500E+001
526.5000,3.2500E+001
527.5000,3.2500E+001
528.5000,3.2500E+001
529.5000,3.2500E+001
530.5000,3.2500E+001
531.5000,3.2500E+001
532.5000,3.2500E+001
533.5000,3.2500E+001
534.5000,3.2500E+001
535.5000,3.2500E+001
536.5000,3.2500E+001
537.5000,3.2500E+001
538.5000,3.2500E+001
539.5000,3.2500E+001
540.5000,3.2500E+001
541.5000,3.2500E+001
542.5000,3.2500E+001
543.5000,3.2500E+001
544.5000,3.2500E+001
545.5000,3.2500E+001
546.5000,3.2500E+001
547.5000,3.2500E+001
548.5000,3.2500E+001
549.5000,3.2500E+001
550.5000,3.2500E+001
551.5000,3.2500E+001
552.5000,3.2500E+001
553.5000,3.2500E+001
554.5000,3.2500E+001
555.5000,3.2500E+001
556.5000,3.2500E+001
557.5000,3.2500E+001
558.5000,3.2500E+001
559.5000,3.2500E+001
560.5000,3.2500E+001
561.5000,3.2500E+001
562.5000,3.2500E+001
563.5000,3.2500E+001
564.5000,3.2500E+001
565.5000,3.2500E+001
566.5000,3.2500E+001
567.5000,3.2500E+001
568.5000,3.2500E+001
569.5000,3.2500E+001
570.5000,3.2500E+001
571.5000,3.2500E+001
572.5000,3.2500E+001
573.5000,3.2500E+001
574.5000,3.2500E+001
575.5000,3.2500E+001
576.5000,3.2500E+001
577.5000,3.2500E+001
578.5000,3.2500E+001
579.5000,3.2500E+001
580.5000,3.2500E+001
581.5000,3.2500E+001
582.5000,3.2500E+001
583.5000,3.2500E+001
584.5000,3.2500E+001
585.5000,3.2500E+001
586.5000,3.2500E+001
587.5000,3.2500E+001
588.5000,3.2500E+001
589.5000,3.2500E+001
590.5000,3.2500E+001
591.5000,3.2500E+001
592.5000,3.2500E+001
593.5000,3.2500E+001
594.5000,3.2500E+001
595.5000,3.2500E+001
596.5000,3.2500E+001
597.5000,3.2500E+001
598.5000,3.2500E+001
599.5000,3.2500E+001
600.5000,3.2500E+001
601.5000,3.2500E+001
602.5000,3.2500E+001
603.5000,3.2500E+001
604.5000,3.2500E+001
605.5000,3.2500E+001
606.5000,3.2500E+001
607.5000,3.2500E+001
608.5000,3.2500E+001
609.5000,3.2500E+001
610.5000,3.2500E+001
611.5000,3.2500E+001
612.5000,3.2500E+001
613.5000,3.2500E+001
614.5000,3.2500E+001
615.5000,3.2500E+001
616.5000,3.2500E+001
617.5000,3.2500E+001
618.5000,3.2500E+001
619.5000,3.2500E+001
620.5000,3.2500E+001
621.5000,3.2500E+001
622.5000,3.2500E+001
623.5000,3.2500E+001
624.5000,3.2500E+001
625.5000,3.2500E+001
626.5000,3.2500E+001
627.5000,3.2500E+001
628.5000,3.2500E+001
629.5000,3.2500E+001
630.5000,3.2500E+001
631.5000,3.2500E+001
632.5000,3.2500E+001
633.5000,3.2500E+001
634.5000,3.2500E+001
635.5000,3.2500E+001
636.5000,3.2500E+001
637.5000,3.2500E+001
638.5000,3.2500E+001
639.5000,3.2500E+001
640.5000,3.2500E+001
641.5000,3.2500E+001
642.5000,3.2500E+001
643.5000,3.2500E+001
644.5000,3.2500E+001
645.5000,3.2500E+001
646.5000,3.2500E+001
647.5000,3.2500E+001
648.5000,3.2500E+001
649.5000,3.2500E+001
650.5000,3.2500E+001
651.5000,3.2500E+001
652.5000,3.2500E+001
653.5000,3.2500E+001
654.5000,3.2500E+001
655.5000,3.2500E+001
656.5000,3.2500E+001
657.5000,3.2500E+001
658.5000,3.2500E+001
659.5000,3.2500E+001
660.5000,3.2500E+001
661.5000,3.2500E+001
662.5000,3.2500E+001
663.5000,3.2500E+001
664.5000,3.2500E+001
665.5000,3.2500E+001
666.5000,3.2500E+001
667.5000,3.2500E+001
668.5000,3.2500E+001
669.5000,3.2500E+001
670.5000,3.2500E+001
671.5000,3.2500E+001
672.5000,3.2500E+001
673.5000,3.2500E+001
674.5000,3.2500E+001
675.5000,3.2500E+001
676.5000,3.2500E+001
677.5000,3.2500E+001
678.5000,3.2500E+001
679.5000,3.2500E+001
680.5000,3.2500E+001
681.5000,3.2500E+001
682.5000,3.2500E+001
683.5000,3.2500E+001
684.5000,3.2500E+001
685.5000,3.2500E+001
686.5000,3.2500E+001
687.5000,3.2500E+001
688.5000,3.2500E+001
689.5000,3.2500E+001
690.5000,3.2500E+001
691.5000,3.2500E+001
692.5000,3.2500E+001
693.5000,3.2500E+001
694.5000,3.2500E+001
695.5000,3.2500E+001
696.5000,3.2500E+001
697.5000,3.2500E+001
698.5000,3.2500E+001
699.5000,3.2500E+001
700.5000,3.2500E+001
701.5000,3.2500E+001
702.5000,3.2500E+001
703.5000,3.2500E+001
704.5000,3.2500E+001
705.5000,3.2500E+001
706.5000,3.2500E+001
707.5000,3.2500E+001
708.5000,3.2500E+001
709.5000,3.2500E+001
710.5000,3.2500E+001
711.5000,3.2500E+001
712.5000,3.2500E+001
713.5000,3.2500E+001
714.5000,3.2500E+001
715.5000,3.2500E+001
716.5000,3.2500E+001
717.5000,3.2500E+001
718.5000,3.2500E+001
719.5000,3.2500E+001
720.5000,3.2500E+001
721.5000,3.2500E+001
722.5000,3.2500E+001
723.5000,3.2500E+001
724.5000,3.2500E+001
725.5000,3.2500E+001
726.5000,3.2500E+001
727.5000,3.2500E+001
728.5000,3.2500E+001
729.5000,3.2500E+001
730.5000,3.2500E+001
731.5000,3.2500E+001
732.5000,3.2500E+001
733.5000,3.2500E+001
734.5000,3.2500E+001
735.5000,3.2500E+001
736.5000,3.2500E+001
737.5000,3.2500E+001
738.5000,3.2500E+001
739.5000,3.2500E+001
740.5000,3.2500E+001
741.5000,3.2500E+001
742.5000,3.2500E+001
743.5000,3.2500E+001
744.5000,3.2500E+001
745.5000,3.2500E+001
746.5000,3.2500E+001
747.5000,3.2500E+001
748.5000,3.2500E+001
749.5000,3.2500E+001
750.5000,3.2500E+001
751.5000,3.2500E+001
752.5000,3.2500E+001
753.5000,3.2500E+001
754.5000,3.2500E+001
755.5000,3.2500E+001
756.5000,3.2500E+001
757.5000,3.2500E+001
758.5000,3.2500E+001
759.5000,3.2500E+001
760.5000,3.2500E+001
761.5000,3.2500E+001
762.5000,3.2500E+001
763.5000,3.2500E+001
764.5000,3.2500E+001
765.5000,3.2500E+001
766.5000,3.2500E+001
767.5000,3.2500E+001
768.5000,3.2500E+001
769.5000,3.2500E+001
770.5000,3.2500E+001
771.5000,3.2500E+001
772.5000,3.2500E+001
773.5000,3.2500E+001
774.5000,3.2500E+001
775.5000,3.2500E+001
776.5000,3.2500E+001
777.5000,3.2500E+001
778.5000,3.2500E+001
779.5000,3.2500E+001
780.5000,3.2500E+001
781.5000,3.2500E+001
782.5000,3.2500E+001
783.5000,3.2500E+001
784.5000,3.2500E+001
785.5000,3.2500E+001
786.5000,3.2500E+001
787.5000,3.2500E+001
788.5000,3.2500E+001
789.5000,3.2500E+001
790.5000,3.2500E+001
791.5000,3.2500E+001
792.5000,3.2500E+001
793.5000,3.2500E+001
794.5000,3.2500E+001
795.5000,3.2500E+001
796.5000,3.2500E+001
797.5000,3.2500E+001
798.5000,3.2500E+001
799.5000,3.2500E+001
800.5000,3.2500E+001
801.5000,3.2500E+001
802.5000,3.2500E+001
803.5000,3.2500E+001
804.5000,3.2500E+001
805.5000,3.2500E+001
806.5000,3.2500E+001
807.5000,3.2500E+001
808.5000,3.2500E+001
809.5000,3.2500E+001
810.5000,3.2500E+001
811.5000,3.2500E+001
812.5000,3.2500E+001
813.5000,3.2500E+001
814.5000,3.2500E+001
815.5000,3.2500E+001
816.5000,3.2500E+001
817.5000,3.2500E+001
818.5000,3.2500E+001
819.5000,3.2500E+001
820.5000,3.2500E+001
821.5000,3.2500E+001
822.5000,3.2500E+001
823.5000,3.2500E+001
824.5000,3.2500E+001
825.5000,3.2500E+001
826.5000,3.2500E+001
827.5000,3.2500E+001
828.5000,3.2500E+001
829.5000,3.2500E+001
830.5000,3.2500E+001
831.5000,3.2500E+001
832.5000,3.2500E+001
833.5000,3.2500E+001
834.5000,3.2500E+001
835.5000,3.2500E+001
836.5000,3.2500E+001
837.5000,3.2500E+001
838.5000,3.2500E+001
839.5000,3.2500E+001
840.5000,3.2500E+001
841.5000,3.2500E+001
842.5000,3.2500E+001
843.5000,3.2500E+001
844.5000,3.2500E+001
845.5000,3.2500E+001
846.5000,3.2500E+001
847.5000,3.2500E+001
848.5000,3.2500E+001
849.5000,3.2500E+001
850.5000,3.2500E+001
851.5000,3.2500E+001
852.5000,3.2500E+001
853.5000,3.2500E+001
854.5000,3.2500E+001
855.5000,3.2500E+001
856.5000,3.2500E+001
857.5000,3.2500E+001
858.5000,3.2500E+001
859.5000,3.2500E+001
860.5000,3.2500E+001
861.5000,3.2500E+001
862.5000,3.2500E+001
863.5000,3.2500E+001
864.5000,3.2500E+001
865.5000,3.2500E+001
866.5000,3.2500E+001
867.5000,3.2500E+001
868.5000,3.2500E+001
869.5000,3.2500E+001
870.5000,3.2500E+001
871.5000,3.2500E+001
872.5000,3.2500E+001
873.5000,3.2500E+001
874.5000,3.2500E+001
875.5000,3.2500E+001
876.5000,3.2500E+001
877.5000,3.2500E+001
878.5000,3.2500E+001
879.5000,3.2500E+001
880.5000,3.2500E+001
881.5000,3.2500E+001
882.5000,3.2500E+001
883.5000,3.2500E+001
884.5000,3.2500E+001
885.5000,3.2500E+001
886.5000,3.2500E+001
887.5000,3.2500E+001
888.5000,3.2500E+001
889.5000,3.2500E+001
890.5000,3.2500E+001
891.5000,3.2500E+001
892.5000,3.2500E+001
893.5000,3.2500E+001
894.5000,3.2500E+001
895.5000,3.2500E+001
896.5000,3.2500E+001
897.5000,3.2500E+001
898.5000,3.2500E+001
899.5000,3.2500E+001
900.5000,3.2500E+001
901.5000,3.2500E+001
902.5000,3.2500E+001
903.5000,3.2500E+001
904.5000,3.2500E+001
905.5000,3.2500E+001
906.5000,3.2500E+001
907.5000,3.2500E+001
908.5000,3.2500E+001
909.5000,3.2500E+001
910.5000,3.2500E+001
911.5000,3.2500E+001
912.5000,3.2500E+001
913.5000,3.2500E+001
914.5000,3.2500E+001
915.5000,3.2500E+001
916.5000,3.2500E+001
917.5000,3.2500E+001
918.5000,3.2500E+001
919.5000,3.2500E+001
920.5000,3.2500E+001
921.5000,3.2500E+001
922.5000,3.2500E+001
923.5000,3.2500E+001
924.5000,3.2500E+001
925.5000,3.2500E+001
926.5000,3.2500E+001
927.5000,3.2500E+001
928.5000,3.2500E+001
929.5000,3.2500E+001
930.5000,3.2500E+001
931.5000,3.2500E+001
932.5000,3.2500E+001
933.5000,3.2500E+001
934.5000,3.2500E+001
935.5000,3.2500E+001
936.5000,3.2500E+001
937.5000,3.2500E+001
938.5000,3.2500E+001
939.5000,3.2500E+001
940.5000,3.2500E+001
941.5000,3.2500E+001
942.5000,3.2500E+001
943.5000,3.2500E+001
944.5000,3.2500E+001
945.5000,3.2500E+001
946.5000,3.2500E+001
947.5000,3.2500E+001
948.5000,3.2500E+001
949.5000,3.2500E+001
950.5000,3.2500E+001
951.5000,3.2500E+001
952.5000,3.2500E+001
953.5000,3.2500E+001
954.5000,3.2500E+001
955.5000,3.2500E+001
956.5000,3.2500E+001
957.5000,3.2500E+001
958.5000,3.2500E+001
959.5000,3.2500E+001
960.5000,3.2500E+001
961.5000,3.2500E+001
962.5000,3.2500E+001
963.5000,3.2500E+001
964.5000,3.2500E+001
965.5000,3.2500E+001
966.5000,3.2500E+001
967.5000,3.2500E+001
968.5000,3.2500E+001
969.5000,3.2500E+001
970.5000,3.2500E+001
971.5000,3.2500E+001
972.5000,3.2500E+001
973.5000,3.2500E+001
974.5000,3.2500E+001
975.5000,3.2500E+001
976.5000,3.2500E+001
977.5000,3.2500E+001
978.5000,3.2500E+001
979.5000,3.2500E+001
980.5000,3.2500E+001
981.5000,3.2500E+001
982.5000,3.2500E+001
983.5000,3.2500E+001
984.5000,3.2500E+001
985.5000,3.2500E+001
986.5000,3.2500E+001
987.5000,3.2500E+001
988.5000,3.2500E+001
989.5000,3.2500E+001
990.5000,3.2500E+001
991.5000,3.2500E+001
992.5000,3.2500E+001
993.5000,3.2500E+001
994.5000,3.2500E+001
995.5000,3.2500E+001
996.5000,3.2500E+001
997.5000,3.2500E+001
998.5000,3.2500E+001
999.5000,3.2500E+001
1000.5000,3.2500E+001
1001.5000,3.2500E+001
1002.5000,3.2500E+001
1003.5000,3.2500E+001
1004.5000,3.2500E+001
1005.5000,3.2500E+001
1006.5000,3.2500E+001
1007.5000,3.2500E+001
1008.5000,3.2500E+001
1009.5000,3.2500E+001
1010.5000,3.2500E+001
1011.5000,3.2500E+001
1012.5000,3.2500E+001
1013.5000,3.2500E+001
1014.5000,3.2500E+001
1015.5000,3.2500E+001
1016.5000,3.2500E+001
1017.5000,3.2500E+001
1018.5000,3.2500E+001
1019.5000,3.2500E+001
1020.5000,3.2500E+001
1021.5000,3.2500E+001
1022.5000,3.2500E+001
1023.5000,3.2500E+001
1024.5000,3.2500E+001
1025.5000,3.2500E+001
1026.5000,3.2500E+001
1027.5000,3.2500E+001
1028.5000,3.2500E+001
1029.5000,3.2500E+001
1030.5000,3.2500E+001
1031.5000,3.2500E+001
1032.5000,3.2500E+001
1033.5000,3.2500E+001
1034.5000,3.2500E+001
1035.5000,3.2500E+001
1036.5000,3.2500E+001
1037.5000,3.2500E+001
1038.5000,3.2500E+001
1039.5000,3.2500E+001
1040.5000,3.2500E+001
1041.5000,3.2500E+001
1042.5000,3.2500E+001
1043.5000,3.2500E+001
1044.5000,3.2500E+001
1045.5000,3.2500E+001
1046.5000,3.2500E+001
1047.5000,3.2500E+001
1048.5000,3.2500E+001
1049.5000,3.2500E+001
1050.5000,3.2500E+001
1051.5000,3.2500E+001
1052.5000,3.2500E+001
1053.5000,3.2500E+001
1054.5000,3.2500E+001
1055.5000,3.2500E+001
1056.5000,3.2500E+001
1057.5000,3.2500E+001
1058.5000,3.2500E+001
1059.5000,3.2500E+001
1060.5000,3.2500E+001
1061.5000,3.2500E+001
1062.5000,3.2500E+001
1063.5000,3.2500E+001
1064.5000,3.2500E+001
1065.5000,3.2500E+001
1066.5000,3.2500E+001
1067.5000,3.2500E+001
1068.5000,3.2500E+001
1069.5000,3.2500E+001
1070.5000,3.2500E+001
1071.5000,3.2500E+001
1072.5000,3.2500E+001
1073.5000,3.2500E+001
1074.5000,3.2500E+001
1075.5000,3.2500E+001
1076.5000,3.2500E+001
1077.5000,3.2500E+001
1078.5000,3.2500E+001
1079.5000,3.2500E+001
1080.5000,3.2500E+001
1081.5000,3.2500E+001
1082.5000,3.2500E+001
1083.5000,3.2500E+001
1084.5000,3.2500E+001
1085.5000,3.2500E+001
1086.5000,3.2500E+001
1087.5000,3.2500E+001
1088.5000,3.2500E+001
1089.5000,3.2500E+001
1090.5000,3.2500E+001
1091.5000,3.2500E+001
1092.5000,3.2500E+001
1093.5000,3.2500E+001
1094.5000,3.2500E+001
1095.5000,3.2500E+001
1096.5000,3.2500E+001
1097.5000,3.2500E+001
1098.5000,3.2500E+001
1099.5000,3.2500E+001
1100.5000,3.2500E+001
1101.5000,3.2500E+001
1102.5000,3.2500E+001
1103.5000,3.2500E+001
1104.5000,3.2500E+001
1105.5000,3.2500E+001
1106.5000,3.2500E+001
1107.5000,3.2500E+001
1108.5000,3.2500E+001
1109.5000,3.2500E+001
1110.5000,3.2500E+001
1111.5000,3.2500E+001
1112.5000,3.2500E+001
1113.5000,3.2500E+001
1114.5000,3.2500E+001
1115.5000,3.2500E+001
1116.5000,3.2500E+001
1117.5000,3.2500E+001
1118.5000,3.2500E+001
1119.5000,3.2500E+001
1120.5000,3.2500E+001
1121.5000,3.2500E+001
1122.5000,3.2500E+001
1123.5000,3.2500E+001
1124.5000,3.2500E+001
1125.5000,3.2500E+001
1126.5000,3.2500E+001
1127.5000,3.2500E+001
1128.5000,3.2500E+001
1129.5000,3.2500E+001
1130.5000,3.2500E+001
1131.5000,3.2500E+001
1132.5000,3.2500E+001
1133.5000,3.2500E+001
1134.5000,3.2500E+001
1135.5000,3.2500E+001
1136.5000,3.2500E+001
1137.5000,3.2500E+001
1138.5000,3.2500E+001
1139.5000,3.2500E+001
1140.5000,3.2500E+001
1141.5000,3.2500E+001
1142.5000,3.2500E+001
1143.5000,3.2500E+001
1144.5000,3.2500E+001
1145.5000,3.2500E+001
1146.5000,3.2500E+001
1147.5000,3.2500E+001
1148.5000,3.2500E+001
1149.5000,3.2500E+001
1150.5000,3.2500E+001
1151.5000,3.2500E+001
1152.5000,3.2500E+001
1153.5000,3.2500E+001
1154.5000,3.2500E+001
1155.5000,3.2500E+001
1156.5000,3.2500E+001
1157.5000,3.2500E+001
1158.5000,3.2500E+001
1159.5000,3.2500E+001
1160.5000,3.2500E+001
1161.5000,3.2500E+001
1162.5000,3.2500E+001
1163.5000,3.2500E+001
1164.5000,3.2500E+001
1165.5000,3.2500E+001
1166.5000,3.2500E+001
1167.5000,3.2500E+001
1168.5000,3.2500E+001
1169.5000,3.2500E+001
1170.5000,3.2500E+001
1171.5000,3.2500E+001
1172.5000,3.2500E+001
1173.5000,3.2500E+001
1174.5000,3.2500E+001
1175.5000,3.2500E+001
1176.5000,3.2500E+001
1177.5000,3.2500E+001
1178.5000,3.2500E+001
1179.5000,3.2500E+001
1180.5000,3.2500E+001
1181.5000,3.2500E+001
1182.5000,3.2500E+001
1183.5000,3.2500E+001
1184.5000,3.2500E+001
1185.5000,3.2500E+001
1186.5000,3.2500E+001
1187.5000,3.2500E+001
1188.5000,3.2500E+001
1189.5000,3.2500E+001
1190.5000,3.2500E+001
1191.5000,3.2500E+001
1192.5000,3.2500E+001
1193.5000,3.2500E+001
1194.5000,3.2500E+001
1195.5000,3.2500E+001
1196.5000,3.2500E+001
1197.5000,3.2500E+001
1198.5000,3.2500E+001
1199.5000,3.2500E+001
1200.5000,3.2500E+001
1201.5000,3.2500E+001
1202.5000,3.2500E+001
1203.5000,3.2500E+001
1204.5000,3.2500E+001
1205.5000,3.2500E+001
1206.5000,3.2500E+001
1207.5000,3.2500E+001
1208.5000,3.2500E+001
1209.5000,3.2500E+001
1210.5000,3.2500E+001
1211.5000,3.2500E+001
1212.5000,3.2500E+001
1213.5000,3.2500E+001
1214.5000,3.2500E+001
1215.5000,3.2500E+001
1216.5000,3.2500E+001
1217.5000,3.2500E+001
1218.5000,3.2500E+001
1219.5000,3.2500E+001
1220.5000,3.2500E+001
1221.5000,3.2500E+001
1222.5000,3.2500E+001
1223.5000,3.2500E+001
1224.5000,3.2500E+001
1225.5000,3.2500E+001
1226.5000,3.2500E+001
1227.5000,3.2500E+001
1228.5000,3.2500E+001
1229.5000,3.2500E+001
1230.5000,3.2500E+001
1231.5000,3.2500E+001
1232.5000,3.2500E+001
1233.5000,3.2500E+001
1234.5000,3.2500E+001
1235.5000,3.2500E+001
1236.5000,3.2500E+001
1237.5000,3.2500E+001
1238.5000,3.2500E+001
1239.5000,3.2500E+001
1240.5000,3.2500E+001
1241.5000,3.2500E+001
1242.5000,3.2500E+001
1243.5000,3.2500E+001
1244.5000,3.2500E+001
1245.5000,3.2500E+001
1246.5000,3.2500E+001
1247.5000,3.2500E+001
1248.5000,3.2500E+001
1249.5000,3.2500E+001
1250.5000,3.2500E+001
1251.5000,3.2500E+001
1252.5000,3.2500E+001
1253.5000,3.2500E+001
1254.5000,3.2500E+001
1255.5000,3.2500E+001
1256.5000,3.2500E+001
1257.5000,3.2500E+001
1258.5000,3.2500E+001
1259.5000,3.2500E+001
1260.5000,3.2500E+001
1261.5000,3.2500E+001
1262.5000,3.2500E+001
1263.5000,3.2500E+001
1264.5000,3.2500E+001
1265.5000,3.2500E+001
1266.5000,3.2500E+001
1267.5000,3.2500E+001
1268.5000,3.2500E+001
1269.5000,3.2500E+001
1270.5000,3.2500E+001
1271.5000,3.2500E+001
1272.5000,3.2500E+001
1273.5000,3.2500E+001
1274.5000,3.2500E+001
1275.5000,3.2500E+001
1276.5000,3.2500E+001
1277.5000,3.2500E+001
1278.5000,3.2500E+001
1279.5000,3.2500E+001
1280.5000,3.2500E+001
1281.5000,3.2500E+001
1282.5000,3.2500E+001
1283.5000,3.2500E+001
1284.5000,3.2500E+001
1285.5000,3.2500E+001
1286.5000,3.2500E+001
1287.5000,3.2500E+001
1288.5000,3.2500E+001
1289.5000,3.2500E+001
1290.5000,3.2500E+001
1291.5000,3.2500E+001
1292.5000,3.2500E+001
1293.5000,3.2500E+001
1294.5000,3.2500E+001
1295.5000,3.2500E+001
1296.5000,3.2500E+001
1297.5000,3.2500E+001
1298.5000,3.2500E+001
1299.5000,3.2500E+001
1300.5000,3.2500E+001
1301.5000,3.2500E+001
1302.5000,3.2500E+001
1303.5000,3.2500E+001
1304.5000,3.2500E+001
1305.5000,3.2500E+001
1306.5000,3.2500E+001
1307.5000,3.2500E+001
1308.5000,3.2500E+001
1309.5000,3.2500E+001
1310.5000,3.2500E+001
1311.5000,3.2500E+001
1312.5000,3.2500E+001
1313.5000,3.2500E+001
1314.5000,3.2500E+001
1315.5000,3.2500E+001
1316.5000,3.2500E+001
1317.5000,3.2500E+001
1318.5000,3.2500E+001
1319.5000,3.2500E+001
1320.5000,3.2500E+001
1321.5000,3.2500E+001
1322.5000,3.2500E+001
1323.5000,3.2500E+001
1324.5000,3.2500E+001
1325.5000,3.2500E+001
1326.5000,3.2500E+001
1327.5000,3.2500E+001
1328.5000,3.2500E+001
1329.5000,3.2500E+001
1330.5000,3.2500E+001
1331.5000,3.2500E+001
1332.5000,3.2500E+001
1333.5000,3.2500E+001
1334.5000,3.2500E+001
1335.5000,3.2500E+001
1336.5000,3.2500E+001
1337.5000,3.2500E+001
1338.5000,3.2500E+001
1339.5000,3.2500E+001
1340.5000,3.2500E+001
1341.5000,3.2500E+001
1342.5000,3.2500E+001
1343.5000,3.2500E+001
1344.5000,3.2500E+001
1345.5000,3.2500E+001
1346.5000,3.2500E+001
1347.5000,3.2500E+001
1348.5000,3.2500E+001
1349.5000,3.2500E+001
1350.5000,3.2500E+001
1351.5000,3.2500E+001
1352.5000,3.2500E+001
1353.5000,3.2500E+001
1354.5000,3.2500E+001
1355.5000,3.2500E+001
1356.5000,3.2500E+001
1357.5000,3.2500E+001
1358.5000,3.2500E+001
1359.5000,3.2500E+001
1360.5000,3.2500E+001
1361.5000,3.2500E+001
1362.5000,3.2500E+001
1363.5000,3.2500E+001
1364.5000,3.2500E+001
1365.5000,3.2500E+001
1366.5000,3.2500E+001
1367.5000,3.2500E+001
1368.5000,3.2500E+001
1369.5000,3.2500E+001
1370.5000,3.2500E+001
1371.5000,3.2500E+001
1372.5000,3.2500E+001
1373.5000,3.2500E+001
1374.5000,3.2500E+001
1375.5000,3.2500E+001
1376.5000,3.2500E+001
1377.5000,3.2500E+001
1378.5000,3.2500E+001
1379.5000,3.2500E+001
1380.5000,3.2500E+001
1381.5000,3.2500E+001
1382.5000,3.2500E+001
1383.5000,3.2500E+001
1384.5000,3.2500E+001
1385.5000,3.2500E+001
1386.5000,3.2500E+001
1387.5000,3.2500E+001
1388.5000,3.2500E+001
1389.5000,3.2500E+001
1390.5000,3.2500E+001
1391.5000,3.2500E+001
1392.5000,3.2500E+001
1393.5000,3.2500E+001
1394.5000,3.2500E+001
1395.5000,3.2500E+001
1396.5000,3.2500E+001
1397.5000,3.2500E+001
1398.5000,3.2500E+001
1399.5000,3.2500E+001
1400.5000,3.2500E+001
1401.5000,3.2500E+001
1402.5000,3.2500E+001
1403.5000,3.2500E+001
1404.5000,3.2500E+001
1405.5000,3.2500E+001
1406.5000,3.2500E+001
1407.5000,3.2500E+001
1408.5000,3.2500E+001
1409.5000,3.2500E+001
1410.5000,3.2500E+001
1411.5000,3.2500E+001
1412.5000,3.2500E+001
1413.5000,3.2500E+001
1414.5000,3.2500E+001
1415.5000,3.2500E+001
1416.5000,3.2500E+001
1417.5000,3.2500E+001
1418.5000,3.2500E+001
1419.5000,3.2500E+001
1420.5000,3.2500E+001
1421.5000,3.2500E+001
1422.5000,3.2500E+001
1423.5000,3.2500E+001
1424.5000,3.2500E+001
1425.5000,3.2500E+001
1426.5000,3.2500E+001
1427.5000,3.2500E+001
1428.5000,3.2500E+001
1429.5000,3.2500E+001
1430.5000,3.2500E+001
1431.5000,3.2500E+001
1432.5000,3.2500E+001
1433.5000,3.2500E+001
1434.5000,3.2500E+001
1435.5000,3.2500E+001
1436.5000,3.2500E+001
1437.5000,3.2500E+001
1438.5000,3.2500E+001
1439.5000,3.2500E+001
1440.5000,3.2500E+001
1441.5000,3.2500E+001
1442.5000,3.2500E+001
1443.5000,3.2500E+001
1444.5000,3.2500E+001
1445.5000,3.2500E+001
1446.5000,3.2500E+001
1447.5000,3.2500E+001
1448.5000,3.2500E+001
1449.5000,3.2500E+001
1450.5000,3.2500E+001
1451.5000,3.2500E+001
1452.5000,3.2500E+001
1453.5000,3.2500E+001
1454.5000,3.2500E+001
1455.5000,3.2500E+001
1456.5000,3.2500E+001
1457.5000,3.2500E+001
1458.5000,3.2500E+001
1459.5000,3.2500E+001
1460.5000,3.2500E+001
1461.5000,3.2500E+001
1462.5000,3.2500E+001
1463.5000,3.2500E+001
1464.5000,3.2500E+001
1465.5000,3.2500E+001
1466.5000,3.2500E+001
1467.5000,3.2500E+001
1468.5000,3.2500E+001
1469.5000,3.2500E+001
1470.5000,3.2500E+001
1471.5000,3.2500E+001
1472.5000,3.2500E+001
1473.5000,3.2500E+001
1474.5000,3.2500E+001
1475.5000,3.2500E+001
1476.5000,3.2500E+001
1477.5000,3.2500E+001
1478.5000,3.2500E+001
1479.5000,3.2500E+001
1480.5000,3.2500E+001
1481.5000,3.2500E+001
1482.5000,3.2500E+001
1483.5000,3.2500E+001
1484.5000,3.2500E+001
1485.5000,3.2500E+001
1486.5000,3.2500E+001
1487.5000,3.2500E+001
1488.5000,3.2500E+001
1489.5000,3.2500E+001
1490.5000,3.2500E+001
1491.5000,3.2500E+001
1492.5000,3.2500E+001
1493.5000,3.2500E+001
1494.5000,3.2500E+001
1495.5000,3.2500E+001
1496.5000,3.2500E+001
1497.5000,3.2500E+001
1498.5000,3.2500E+001
1499.5000,3.2500E+001
1500.5000,3.2500E+001
1501.5000,3.2500E+001
1502.5000,3.2500E+001
1503.5000,3.2500E+001
1504.5000,3.2500E+001
1505.5000,3.2500E+001
1506.5000,3.2500E+001
1507.5000,3.2500E+001
1508.5000,3.2500E+001
1509.5000,3.2500E+001
1510.5000,3.2500E+001
1511.5000,3.2500E+001
1512.5000,3.2500E+001
1513.5000,3.2500E+001
1514.5000,3.2500E+001
1515.5000,3.2500E+001
1516.5000,3.2500E+001
1517.5000,3.2500E+001
1518.5000,3.2500E+001
1519.5000,3.2500E+001
1520.5000,3.2500E+001
1521.5000,3.2500E+001
1522.5000,3.2500E+001
1523.5000,3.2500E+001
1524.5000,3.2500E+001
1525.5000,3.2500E+001
1526.5000,3.2500E+001
1527.5000,3.2500E+001
1528.5000,3.2500E+001
1529.5000,3.2500E+001
1530.5000,3.2500E+001
1531.5000,3.2500E+001
1532.5000,3.2500E+001
1533.5000,3.2500E+001
1534.5000,3.2500E+001
1535.5000,3.2500E+001
1536.5000,3.2500E+001
1537.5000,3.2500E+001
1538.5000,3.2500E+001
1539.5000,3.2500E+001
1540.5000,3.2500E+001
1541.5000,3.2500E+001
1542.5000,3.2500E+001
1543.5000,3.2500E+001
1544.5000,3.2500E+001
1545.5000,3.2500E+001
1546.5000,3.2500E+001
1547.5000,3.2500E+001
1548.5000,3.2500E+001
1549.5000,3.2500E+001
1550.5000,3.2500E+001
1551.5000,3.2500E+001
1552.5000,3.2500E+001
1553.5000,3.2500E+001
1554.5000,3.2500E+001
1555.5000,3.2500E+001
1556.5000,3.2500E+001
1557.5000,3.2500E+001
1558.5000,3.2500E+001
1559.5000,3.2500E+001
1560.5000,3.2500E+001
1561.5000,3.2500E+001
1562.5000,3.2500E+001
1563.5000,3.2500E+001
1564.5000,3.2500E+001
1565.5000,3.2500E+001
1566.5000,3.2500E+001
1567.5000,3.2500E+001
1568.5000,3.2500E+001
1569.5000,3.2500E+001
1570.5000,3.2500E+001
1571.5000,3.2500E+001
1572.5000,3.2500E+001
1573.5000,3.2500E+001
1574.5000,3.2500E+001
1575.5000,3.2500E+001
1576.5000,3.2500E+001
1577.5000,3.2500E+001
1578.5000,3.2500E+001
1579.5000,3.2500E+001
1580.5000,3.2500E+001
1581.5000,3.2500E+001
1582.5000,3.2500E+001
1583.5000,3.2500E+001
1584.5000,3.2500E+001
1585.5000,3.2500E+001
1586.5000,3.2500E+001
1587.5000,3.2500E+001
1588.5000,3.2500E+001
1589.5000,3.2500E+001
1590.5000,3.2500E+001
1591.5000,3.2500E+001
1592.5000,3.2500E+001
1593.5000,3.2500E+001
1594.5000,3.2500E+001
1595.5000,3.2500E+001
1596.5000,3.2500E+001
1597.5000,3.2500E+001
1598.5000,3.2500E+001
1599.5000,3.2500E+001
1600.5000,3.2500E+001
1601.5000,3.2500E+001
1602.5000,3.2500E+001
1603.5000,3.2500E+001
1604.5000,3.2500E+001
1605.5000,3.2500E+001
1606.5000,3.2500E+001
1607.5000,3.2500E+001
1608.5000,3.2500E+001
1609.5000,3.2500E+001
1610.5000,3.2500E+001
1611.5000,3.2500E+001
1612.5000,3.2500E+001
1613.5000,3.2500E+001
1614.5000,3.2500E+001
1615.5000,3.2500E+001
1616.5000,3.2500E+001
1617.5000,3.2500E+001
1618.5000,3.2500E+001
1619.5000,3.2500E+001
1620.5000,3.2500E+001
1621.5000,3.2500E+001
1622.5000,3.2500E+001
1623.5000,3.2500E+001
1624.5000,3.2500E+001
1625.5000,3.2500E+001
1626.5000,3.2500E+001
1627.5000,3.2500E+001
1628.5000,3.2500E+001
1629.5000,3.2500E+001
1630.5000,3.2500E+001
1631.5000,3.2500E+001
1632.5000,3.2500E+001
1633.5000,3.2500E+001
1634.5000,3.2500E+001
1635.5000,3.2500E+001
1636.5000,3.2500E+001
1637.5000,3.2500E+001
1638.5000,3.2500E+001
1639.5000,3.2500E+001
1640.5000,3.2500E+001
1641.5000,3.2500E+001
1642.5000,3.2500E+001
1643.5000,3.2500E+001
1644.5000,3.2500E+001
1645.5000,3.2500E+001
1646.5000,3.2500E+001
1647.5000,3.2500E+001
1648.5000,3.2500E+001
1649.5000,3.2500E+001
1650.5000,3.2500E+001
1651.5000,3.2500E+001
1652.5000,3.2500E+001
1653.5000,3.2500E+001
1654.5000,3.2500E+001
1655.5000,3.2500E+001
1656.5000,3.2500E+001
1657.5000,3.2500E+001
1658.5000,3.2500E+001
1659.5000,3.2500E+001
1660.5000,3.2500E+001
1661.5000,3.2500E+001
1662.5000,3.2500E+001
1663.5000,3.2500E+001
1664.5000,3.2500E+001
1665.5000,3.2500E+001
1666.5000,3.2500E+001
1667.5000,3.2500E+001
1668.5000,3.2500E+001
1669.5000,3.2500E+001
1670.5000,3.2500E+001
1671.5000,3.2500E+001
1672.5000,3.2500E+001
1673.5000,3.2500E+001
1674.5000,3.2500E+001
1675.5000,3.2500E+001
1676.5000,3.2500E+001
1677.5000,3.2500E+001
1678.5000,3.2500E+001
1679.5000,3.2500E+001
1680.5000,3.2500E+001
1681.5000,3.2500E+001
1682.5000,3.2500E+001
1683.5000,3.2500E+001
1684.5000,3.2500E+001
1685.5000,3.2500E+001
1686.5000,3.2500E+001
1687.5000,3.2500E+001
1688.5000,3.2500E+001
1689.5000,3.2500E+001
1690.5000,3.2500E+001
1691.5000,3.2500E+001
1692.5000,3.2500E+001
1693.5000,3.2500E+001
1694.5000,3.2500E+001
1695.5000,3.2500E+001
1696.5000,3.2500E+001
1697.5000,3.2500E+001
1698.5000,3.2500E+001
1699.5000,3.2500E+001
1700.5000,3.2500E+001
1701.5000,3.2500E+001
1702.5000,3.2500E+001
1703.5000,3.2500E+001
1704.5000,3.2500E+001
1705.5000,3.2500E+001
1706.5000,3.2500E+001
1707.5000,3.2500E+001
1708.5000,3.2500E+001
1709.5000,3.2500E+001
1710.5000,3.2500E+001
1711.5000,3.2500E+001
1712.5000,3.2500E+001
1713.5000,3.2500E+001
1714.5000,3.2500E+001
1715.5000,3.2500E+001
1716.5000,3.2500E+001
1717.5000,3.2500E+001
1718.5000,3.2500E+001
1719.5000,3.2500E+001
1720.5000,3.2500E+001
1721.5000,3.2500E+001
1722.5000,3.2500E+001
1723.5000,3.2500E+001
1724.5000,3.2500E+001
1725.5000,3.2500E+001
1726.5000,3.2500E+001
1727.5000,3.2500E+001
1728.5000,3.2500E+001
1729.5000,3.2500E+001
1730.5000,3.2500E+001
1731.5000,3.2500E+001
1732.5000,3.2500E+001
1733.5000,3.2500E+001
1734.5000,3.2500E+001
1735.5000,3.2500E+001
1736.5000,3.2500E+001
1737.5000,3.2500E+001
1738.5000,3.2500E+001
1739.5000,3.2500E+001
1740.5000,3.2500E+001
1741.5000,3.2500E+001
1742.5000,3.2500E+001
1743.5000,3.2500E+001
1744.5000,3.2500E+001
1745.5000,3.2500E+001
1746.5000,3.2500E+001
1747.5000,3.2500E+001
1748.5000,3.2500E+001
1749.5000,3.2500E+001
1750.5000,3.2500E+001
1751.5000,3.2500E+001
1752.5000,3.2500E+001
1753.5000,3.2500E+001
1754.5000,3.2500E+001
1755.5000,3.2500E+001
1756.5000,3.2500E+001
1757.5000,3.2500E+001
1758.5000,3.2500E+001
1759.5000,3.2500E+001
1760.5000,3.2500E+001
1761.5000,3.2500E+001
1762.5000,3.2500E+001
1763.5000,3.2500E+001
1764.5000,3.2500E+001
1765.5000,3.2500E+001
1766.5000,3.2500E+001
1767.5000,3.2500E+001
1768.5000,3.2500E+001
1769.5000,3.2500E+001
1770.5000,3.2500E+001
1771.5000,3.2500E+001
1772.5000,3.2500E+001
1773.5000,3.2500E+001
1774.5000,3.2500E+001
1775.5000,3.2500E+001
1776.5000,3.2500E+001
1777.5000,3.2500E+001
1778.5000,3.2500E+001
1779.5000,3.2500E+001
1780.5000,3.2500E+001
1781.5000,3.2500E+001
1782.5000,3.2500E+001
1783.5000,3.2500E+001
1784.5000,3.2500E+001
1785.5000,3.2500E+001
1786.5000,3.2500E+001
1787.5000,3.2500E+001
1788.5000,3.2500E+001
1789.5000,3.2500E+001
1790.5000,3.2500E+001
1791.5000,3.2500E+001
1792.5000,3.2500E+001
1793.5000,3.2500E+001
1794.5000,3.2500E+001
1795.5000,3.2500E+001
1796.5000,3.2500E+001
1797.5000,3.2500E+001
1798.5000,3.2500E+001
1799.5000,3.2500E+001
1800.5000,3.2500E+001
1801.5000,3.2500E+001
1802.5000,3.2500E+001
1803.5000,3.2500E+001
1804.5000,3.2500E+001
1805.5000,3.2500E+001
1806.5000,3.2500E+001
1807.5000,3.2500E+001
1808.5000,3.2500E+001
1809.5000,3.2500E+001
1810.5000,3.2500E+001
1811.5000,3.2500E+001
1812.5000,3.2500E+001
1813.5000,3.2500E+001
1814.5000,3.2500E+001
1815.5000,3.2500E+001
1816.5000,3.2500E+001
1817.5000,3.2500E+001
1818.5000,3.2500E+001
1819.5000,3.2500E+001
1820.5000,3.2500E+001
1821.5000,3.2500E+001
1822.5000,3.2500E+001
1823.5000,3.2500E+001
1824.5000,3.2500E+001
1825.5000,3.2500E+001
