56.228625	6.72146	9.0781431	3.4828088	1	2006-05-30 00:00:00
315.5627	11.996423	9.8390229	5.1888649	0.60375695	2006-05-31 00:00:00
207.04294	11.309534	8.0212868	3.9221806	0.88150253	2006-06-01 00:00:00
364.88744	13.24502	9.430808	2.289342	0.43458003	2006-06-02 00:00:00
207.18262	15.261896	11.264687	5.0155992	0.87521624	2006-06-03 00:00:00
232.39991	15.755701	11.484551	5.8032696	0.81995998	2006-06-04 00:00:00
40.442616	13.871332	13.881327	4.5527454	1	2006-06-05 00:00:00
29.352704	13.769708	15.555446	4.0749982	1	2006-06-06 00:00:00
233.371	14.792413	13.602725	3.259385	0.81400151	2006-06-07 00:00:00
253.14948	14.880334	12.718573	2.8585878	0.77060994	2006-06-08 00:00:00
264.95894	17.195886	13.777239	3.983659	0.73848159	2006-06-09 00:00:00
394.04086	14.130914	7.2896011	4.6270534	0.33547736	2006-06-10 00:00:00
360.84038	13.837122	7.1850104	2.4069411	0.48429978	2006-06-11 00:00:00
311.41054	17.138147	9.9188075	5.3106093	0.63053462	2006-06-12 00:00:00
236.70659	20.545679	19.085452	4.8122148	0.79338953	2006-06-13 00:00:00
153.36527	19.805383	18.823112	5.1876922	0.97501255	2006-06-14 00:00:00
276.44167	17.273523	13.227643	4.9421046	0.71396216	2006-06-15 00:00:00
352.40569	14.424554	9.1939638	2.6951103	0.5049981	2006-06-16 00:00:00
246.48752	12.48913	9.638196	2.9865276	0.7993205	2006-06-17 00:00:00
85.524916	12.580133	14.070436	3.0354516	1	2006-06-18 00:00:00
141.11527	14.180811	15.400819	2.2370367	1	2006-06-19 00:00:00
164.16458	15.428644	16.501085	1.6072954	0.95795234	2006-06-20 00:00:00
229.6346	16.571497	16.735837	1.8315987	0.81790298	2006-06-21 00:00:00
205.94108	17.002344	17.31204	2.4335523	0.86960052	2006-06-22 00:00:00
333.16012	17.839685	15.294932	3.0908958	0.53459205	2006-06-23 00:00:00
349.39099	17.535455	11.949783	2.6461808	0.49697745	2006-06-24 00:00:00
77.686543	14.976129	14.054221	5.506598	1	2006-06-25 00:00:00
155.2182	15.583002	15.646963	6.379755	0.97619238	2006-06-26 00:00:00
336.60144	16.708276	9.8801438	6.2315906	0.55284145	2006-06-27 00:00:00
349.90601	16.433862	10.576602	3.4253758	0.50122392	2006-06-28 00:00:00
88.752121	14.369348	14.049759	3.5884465	1	2006-06-29 00:00:00
281.45127	17.885034	16.721051	3.5978314	0.68368368	2006-06-30 00:00:00
348.0407	17.358392	12.238674	5.1144111	0.4931696	2006-07-01 00:00:00
303.25152	16.905481	10.702063	2.701235	0.64628613	2006-07-02 00:00:00
332.33048	17.82406	13.415565	3.4579854	0.53954121	2006-07-03 00:00:00
142.73526	17.306177	17.100308	3.1062573	0.99581006	2006-07-04 00:00:00
167.84629	18.811304	19.128996	5.4125883	0.94219087	2006-07-05 00:00:00
366.04145	17.549829	13.290386	3.87541	0.39947393	2006-07-06 00:00:00
354.59541	17.267847	12.278511	1.7296095	0.45561272	2006-07-07 00:00:00
350.66458	18.247125	14.066559	2.3670954	0.45574199	2006-07-08 00:00:00
261.71264	19.212793	15.359693	2.0694091	0.73262436	2006-07-09 00:00:00
322.73113	21.351404	14.66807	3.3553713	0.55249489	2006-07-10 00:00:00
279.66401	21.150751	16.733945	2.9692394	0.67534506	2006-07-11 00:00:00
252.19982	20.806635	18.826359	3.0095408	0.74137784	2006-07-12 00:00:00
199.37305	20.939478	20.121809	3.5450388	0.86588064	2006-07-13 00:00:00
211.89849	21.123346	19.149678	3.682526	0.83812174	2006-07-14 00:00:00
329.25234	19.984338	13.637692	3.47321	0.52253983	2006-07-15 00:00:00
365.43378	19.306146	12.919561	3.0448944	0.36836998	2006-07-16 00:00:00
356.63566	19.707239	12.63097	1.639156	0.40977357	2006-07-17 00:00:00
240.41895	18.773859	12.513866	1.6418246	0.78265894	2006-07-18 00:00:00
355.56607	20.88595	14.605895	1.9221436	0.3873736	2006-07-19 00:00:00
356.3521	21.302545	13.989213	2.1516915	0.38383694	2006-07-20 00:00:00
188.00461	20.752252	16.383983	3.3979658	0.89050477	2006-07-21 00:00:00
191.00977	17.935968	16.604987	5.8164171	0.88191587	2006-07-22 00:00:00
321.98438	18.257471	12.579519	3.3319274	0.52794008	2006-07-23 00:00:00
329.78747	18.523401	13.599967	1.7877226	0.48662972	2006-07-24 00:00:00
214.737	17.931818	15.695969	3.5121188	0.82371639	2006-07-25 00:00:00
137.8737	17.539667	18.439065	4.76919	0.98815101	2006-07-26 00:00:00
262.06004	17.788995	16.80364	2.664411	0.68956448	2006-07-27 00:00:00
328.75716	19.977258	15.128524	3.5627314	0.46013012	2006-07-28 00:00:00
172.44353	19.287561	17.17076	4.8010314	0.91235995	2006-07-29 00:00:00
152.95735	17.413629	17.578226	4.0732814	0.95309614	2006-07-30 00:00:00
221.34531	19.40423	18.372903	4.401896	0.78689541	2006-07-31 00:00:00
200.95343	20.16958	19.836632	3.7878216	0.82916544	2006-08-01 00:00:00
70.566579	19.148187	20.507012	3.9538748	1	2006-08-02 00:00:00
306.42479	21.360345	20.256115	2.744336	0.47706558	2006-08-03 00:00:00
285.33996	20.716547	18.367024	2.1284377	0.56980746	2006-08-04 00:00:00
236.73633	19.715814	17.793102	4.2367956	0.72809529	2006-08-05 00:00:00
350.13371	18.111536	13.43921	2.9522907	0.27264271	2006-08-06 00:00:00
320.07056	17.841455	13.066661	2.2857298	0.44341944	2006-08-07 00:00:00
96.114665	15.978265	14.108066	4.626258	1	2006-08-08 00:00:00
175.23647	16.457391	16.915669	2.5518514	0.88414152	2006-08-09 00:00:00
210.51512	20.314111	19.596469	2.9732322	0.78228998	2006-08-10 00:00:00
348.86953	18.956628	10.996468	5.4964575	0.25228724	2006-08-11 00:00:00
345.44847	15.917352	8.9735032	3.889118	0.29388753	2006-08-12 00:00:00
304.96667	17.736475	12.643013	4.378874	0.47363195	2006-08-13 00:00:00
267.03114	23.549677	19.98674	4.0349547	0.5796001	2006-08-14 00:00:00
176.99773	19.313043	16.988743	3.214914	0.86571992	2006-08-15 00:00:00
189.19836	17.595697	16.851175	2.631211	0.83120131	2006-08-16 00:00:00
73.331929	17.516168	18.818677	2.6752269	1	2006-08-17 00:00:00
280.70803	19.512781	19.125639	1.3096848	0.50075506	2006-08-18 00:00:00
293.54232	20.842889	18.677754	1.6487593	0.4320409	2006-08-19 00:00:00
294.76583	21.652612	18.63835	2.8621773	0.41573183	2006-08-20 00:00:00
202.50722	20.208917	18.512072	3.1424628	0.77130138	2006-08-21 00:00:00
179.98727	20.712366	20.404434	2.1866048	0.82819878	2006-08-22 00:00:00
254.13731	21.015558	18.839771	2.57822	0.58018539	2006-08-23 00:00:00
256.57787	19.987146	18.124804	2.2398033	0.56695055	2006-08-24 00:00:00
236.86018	20.586633	18.737286	4.4476926	0.63521709	2006-08-25 00:00:00
211.31014	20.831995	19.21653	4.2565352	0.71845449	2006-08-26 00:00:00
203.05559	19.605737	19.696531	1.2210153	0.73926074	2006-08-27 00:00:00
233.90324	19.614099	18.476662	1.0336327	0.6283322	2006-08-28 00:00:00
281.96	19.970331	17.254265	2.3641833	0.39807542	2006-08-29 00:00:00
193.75539	20.253656	17.797237	3.5882538	0.76167912	2006-08-30 00:00:00
45.69993	15.26864	14.986702	4.6001151	1	2006-08-31 00:00:00
45.276789	9.9693542	10.687685	6.5880633	1	2006-09-01 00:00:00
253.34231	10.030237	8.9696063	4.4418826	0.56111627	2006-09-02 00:00:00
302.15014	12.688135	9.486814	3.0629074	0.25104834	2006-09-03 00:00:00
230.20228	15.593347	11.331224	4.380023	0.62734252	2006-09-04 00:00:00
107.84323	16.064539	16.29065	2.9918409	0.99140418	2006-09-05 00:00:00
121.52473	12.401117	12.47784	6.1093197	0.95905747	2006-09-06 00:00:00
302.19173	12.025049	8.6582731	5.1469191	0.1360487	2006-09-07 00:00:00
298.40028	12.33996	8.3413209	3.7575781	0.16363524	2006-09-08 00:00:00
291.4621	12.78631	9.0582612	2.9507502	0.20793532	2006-09-09 00:00:00
279.90987	12.82879	9.9631226	1.73271	0.28737593	2006-09-10 00:00:00
223.52966	13.781091	11.756641	4.48767	0.59479652	2006-09-11 00:00:00
105.72719	14.196588	13.877712	8.3130576	0.9830601	2006-09-12 00:00:00
70.856988	14.912531	15.708893	6.8020134	1	2006-09-13 00:00:00
91.647157	15.692621	16.308278	2.757421	1	2006-09-14 00:00:00
144.98479	16.535242	17.275014	2.2117036	0.84137243	2006-09-15 00:00:00
213.16082	16.687097	15.289119	2.9168487	0.56514022	2006-09-16 00:00:00
101.41264	13.476801	13.723289	3.0811866	0.97880493	2006-09-17 00:00:00
159.66812	14.880975	14.660141	3.7759892	0.7818618	2006-09-18 00:00:00
233.36577	15.389703	13.052814	3.6406532	0.42704424	2006-09-19 00:00:00
257.7124	13.547388	9.2439658	3.9072873	0.24053492	2006-09-20 00:00:00
221.87016	11.505334	8.3563214	3.0021214	0.50755541	2006-09-21 00:00:00
132.28305	11.571375	11.055643	5.4967282	0.86916565	2006-09-22 00:00:00
109.18988	9.7866455	10.131097	2.1355828	0.94282906	2006-09-23 00:00:00
184.12704	9.3068176	8.7846742	4.141319	0.66347792	2006-09-24 00:00:00
231.09638	6.8090759	5.8075402	4.5868606	0.41128044	2006-09-25 00:00:00
244.95301	6.0272766	6.0266172	1.6033578	0.26431952	2006-09-26 00:00:00
237.60154	8.078363	7.1903712	2.554231	0.29835861	2006-09-27 00:00:00
73.329176	10.762384	10.745558	3.2642652	1	2006-09-28 00:00:00
95.910505	14.8565	15.542732	3.9213016	0.95482643	2006-09-29 00:00:00
165.62216	19.386346	18.320499	4.786427	0.65353123	2006-09-30 00:00:00
215.22762	12.516382	9.7687672	4.9914894	0.38191702	2006-10-01 00:00:00
144.31152	7.4794861	5.6438528	2.8740864	0.78500226	2006-10-02 00:00:00
40.317645	6.8596436	8.5027121	3.0395157	1	2006-10-03 00:00:00
45.881276	4.7748657	7.0066897	5.7447892	1	2006-10-04 00:00:00
205.14016	4.592981	5.0303148	3.1520812	0.43141726	2006-10-05 00:00:00
215.63087	4.0619141	5.1905097	2.1169953	0.31415844	2006-10-06 00:00:00
209.62884	3.7155396	4.7667507	3.9855226	0.3543771	2006-10-07 00:00:00
183.70655	6.7891174	5.6732608	4.042958	0.52773479	2006-10-08 00:00:00
203.07207	7.5339294	6.2143619	3.3830548	0.35232824	2006-10-09 00:00:00
208.30802	4.7483154	5.3320225	2.6045342	0.27830956	2006-10-10 00:00:00
204.42828	3.9963928	5.4932431	2.0044266	0.29229666	2006-10-11 00:00:00
146.1869	4.4592224	5.9230507	1.9854342	0.69546814	2006-10-12 00:00:00
124.94633	6.3183228	7.0921627	3.5654648	0.78689236	2006-10-13 00:00:00
29.82363	6.1802612	8.7156143	6.1030398	1	2006-10-14 00:00:00
47.655105	6.823114	9.2972187	2.7858268	1	2006-10-15 00:00:00
181.30412	8.6086365	8.5963029	4.5807474	0.37439713	2006-10-16 00:00:00
161.09745	8.1420837	8.0188477	3.333728	0.53295852	2006-10-17 00:00:00
94.536168	10.237482	9.0181335	4.4490616	0.88783884	2006-10-18 00:00:00
141.69823	12.08999	10.142582	4.6928683	0.62650686	2006-10-19 00:00:00
55.42623	11.052362	12.233464	5.1827796	1	2006-10-20 00:00:00
72.127151	10.731287	11.932761	5.6443762	0.96641752	2006-10-21 00:00:00
36.506292	9.7368408	11.372025	6.2375085	1	2006-10-22 00:00:00
86.679886	9.0730835	9.7892866	7.6315892	0.88830252	2006-10-23 00:00:00
118.85924	8.3498169	7.8476671	5.5057551	0.71439219	2006-10-24 00:00:00
160.52016	8.1899658	8.1292936	4.0425507	0.36183334	2006-10-25 00:00:00
150.10988	7.807428	8.3680727	3.1804058	0.45210518	2006-10-26 00:00:00
160.85956	7.5871826	6.3230072	5.5412072	0.33043228	2006-10-27 00:00:00
121.57954	2.4475342	3.9258471	4.9082988	0.67912724	2006-10-28 00:00:00
138.95282	0.74547729	3.7172437	5.1642291	0.54222492	2006-10-29 00:00:00
162.4015	0.3706604	3.9212492	3.730432	0.25380633	2006-10-30 00:00:00
112.97853	0.95214233	4.4926799	2.9204181	0.70481675	2006-10-31 00:00:00
70.321616	3.4568115	6.6693863	3.0244346	0.93448624	2006-11-01 00:00:00
72.945798	11.040155	11.896128	4.769671	0.90435667	2006-11-02 00:00:00
125.19842	7.3145996	6.5655173	4.1801678	0.5709288	2006-11-03 00:00:00
117.5932	1.4347473	4.7860175	2.647057	0.63124537	2006-11-04 00:00:00
27.168983	3.8831726	7.6419493	4.2360792	1	2006-11-05 00:00:00
36.919493	4.0654541	7.7925453	2.856568	1	2006-11-06 00:00:00
26.670294	4.8161865	8.1374558	7.1693136	1	2006-11-07 00:00:00
108.7186	-0.23609009	4.8038521	5.1839154	0.65786024	2006-11-08 00:00:00
53.039417	-0.10681763	4.2334464	4.5705951	0.99731945	2006-11-09 00:00:00
83.599312	-0.16593018	4.2258606	3.3602535	0.81930389	2006-11-10 00:00:00
115.75776	2.174707	5.284239	3.4203258	0.56122055	2006-11-11 00:00:00
65.72265	5.6957947	6.7957385	3.8274393	0.91052219	2006-11-12 00:00:00
91.014082	4.3113953	7.471377	3.0981074	0.73522831	2006-11-13 00:00:00
58.29721	3.7934509	7.0246189	2.7146681	0.94540248	2006-11-14 00:00:00
66.344782	2.6804749	5.7292263	3.6448106	0.89585309	2006-11-15 00:00:00
75.458513	1.7552124	4.5134702	4.4887641	0.83592012	2006-11-16 00:00:00
66.889386	-1.9350647	3.2780754	4.8159094	0.89000921	2006-11-17 00:00:00
119.62257	-4.5548767	2.5462875	2.2494267	0.44289464	2006-11-18 00:00:00
49.121321	-5.1974548	3.3574736	2.9133566	0.98909431	2006-11-19 00:00:00
83.825578	-1.4216675	4.888395	2.3492982	0.75020649	2006-11-20 00:00:00
92.263532	2.6353699	6.6327093	3.9860763	0.66446446	2006-11-21 00:00:00
14.592094	6.4920898	9.3924561	3.6133394	1	2006-11-22 00:00:00
13.520142	4.0408264	7.6340089	7.8603524	1	2006-11-23 00:00:00
54.867947	2.8590027	6.6156658	5.0116629	0.93107188	2006-11-24 00:00:00
95.915607	2.8246094	6.844055	2.4257122	0.59318251	2006-11-25 00:00:00
27.414652	4.8342529	8.3774194	4.3516077	1	2006-11-26 00:00:00
11.888333	8.1213623	10.501789	6.0013076	1	2006-11-27 00:00:00
53.53923	7.2293335	9.125724	3.8227455	0.92130601	2006-11-28 00:00:00
76.411118	4.9301697	7.5674544	2.3029234	0.74543871	2006-11-29 00:00:00
32.944793	2.384668	5.4433013	4.815818	1	2006-11-30 00:00:00
56.049747	0.27089844	4.0954716	4.191158	0.90695803	2006-12-01 00:00:00
71.910956	-1.3194031	3.3352439	2.4087418	0.78617832	2006-12-02 00:00:00
76.21389	-1.8258423	4.1314386	2.5820004	0.74223907	2006-12-03 00:00:00
90.33578	-1.3523621	4.5352552	3.0679203	0.59752909	2006-12-04 00:00:00
76.140784	2.1945129	5.4239552	5.1181054	0.72843234	2006-12-05 00:00:00
61.865152	0.49910889	3.750088	6.0424526	0.85079592	2006-12-06 00:00:00
94.886338	-1.841864	3.2125725	4.0697404	0.53549809	2006-12-07 00:00:00
82.957206	3.849115	5.1504704	4.6813516	0.65120758	2006-12-08 00:00:00
43.871031	-5.392218	2.8373027	4.2099735	0.97749429	2006-12-09 00:00:00
47.609199	-8.5394653	2.9624869	8.4128823	0.94998219	2006-12-10 00:00:00
90.568843	-7.978186	2.4440403	5.5719681	0.57292697	2006-12-11 00:00:00
94.428545	-3.3292297	3.9637684	3.7862842	0.50856496	2006-12-12 00:00:00
46.837448	-1.0507263	5.5982752	2.7414882	0.94586976	2006-12-13 00:00:00
73.893326	-0.1388916	4.9236008	5.1222964	0.72419506	2006-12-14 00:00:00
56.953454	0.24984131	5.5863953	3.0550086	0.866963	2006-12-15 00:00:00
75.18718	-1.8017029	4.4567776	4.0051288	0.71092143	2006-12-16 00:00:00
73.656519	-8.0932373	2.2953033	2.3414058	0.73483641	2006-12-17 00:00:00
51.753123	-6.9075684	3.0834112	1.6483599	0.91221365	2006-12-18 00:00:00
32.907733	-4.2279724	4.1980157	3.1636894	1	2006-12-19 00:00:00
23.060355	-2.4000305	5.1067592	3.5401461	1	2006-12-20 00:00:00
92.714687	7.21203	8.71857	3.8838312	0.47379284	2006-12-21 00:00:00
22.539656	1.2083374	6.1562586	3.4171608	1	2006-12-22 00:00:00
53.092087	0.044519043	4.9806302	4.9005514	0.89722059	2006-12-23 00:00:00
105.22149	-5.7189697	2.4429025	2.8272822	0.33465736	2006-12-24 00:00:00
41.200871	-4.0747437	3.6020193	4.6013199	0.98810806	2006-12-25 00:00:00
99.266129	-3.9606079	3.3485716	3.4001451	0.43541109	2006-12-26 00:00:00
84.762296	-0.86432495	4.8216176	4.240226	0.61500266	2006-12-27 00:00:00
43.708765	-0.1600708	5.3513164	6.730633	0.96949673	2006-12-28 00:00:00
82.049189	-7.4510559	2.1051799	7.0554735	0.66597002	2006-12-29 00:00:00
55.620387	-9.564093	1.6554476	4.4904112	0.89531081	2006-12-30 00:00:00
105.96305	-11.00257	1.6473726	2.5099197	0.37506302	2006-12-31 00:00:00
