Results from FLAKE simulations.
 No     time         Ts            Tm            Tb            ufr_a         ufr_w         Wconv         Qw            Q_se          Q_la          I_w           Q_lwa         Q_lww         h_ML          C_T           H_B1          T_B1          Qbot          H_ice         H_snow        T_ice         T_snow   
        0   0.00000       17.2000       17.2000       8.00000      0.784992E-01  0.270900E-02   0.00000      -150.864      -17.4919      -51.1775       221.709       0.00000      -398.938       11.5500      0.500000       5.00000       4.00000      0.873600       0.00000       0.00000       0.00000       0.00000    
        1   1.00000       17.6325       17.3245       8.00000      0.152820      0.526933E-02  0.969880E-02  -192.536      -41.2563      -88.8074       42.9630       0.00000      -401.321       10.8114      0.500000       5.00000       4.00000      0.873600       0.00000       0.00000       0.00000       0.00000    
        2   2.00000       17.2642       17.0566       7.80302      0.526112E-01  0.181538E-02   0.00000      -78.5990      -4.96519      -14.8589       163.199       0.00000      -399.291       11.1405      0.619016       5.00000       4.00000      0.830580       0.00000       0.00000       0.00000       0.00000    
        3   3.00000       18.4211       17.2057       7.80302      0.102593      0.353199E-02   0.00000      -105.533       3.08242      -31.0486       259.435       0.00000      -405.692       9.37790      0.608657       5.00000       4.00000      0.830580       0.00000       0.00000       0.00000       0.00000    
        4   4.00000       20.9905       17.4783       7.80302      0.167143      0.572511E-02  0.339792E-02  -130.549     -0.233386      -58.4632       204.162       0.00000      -420.182       6.47156      0.605725       5.00000       4.00000      0.830580       0.00000       0.00000       0.00000       0.00000    
        5   5.00000       21.1763       17.6078       7.81752      0.968559E-01  0.331635E-02  0.389769E-02  -194.932      -17.0882      -67.7485       304.852       0.00000      -421.245       6.47157      0.607535       5.00000       4.00000      0.833747       0.00000       0.00000       0.00000       0.00000    
        6   6.00000       21.4445       17.8020       7.82733      0.124237      0.425162E-02  0.792409E-02  -289.410      -40.4879      -131.168       294.938       0.00000      -422.782       6.47158      0.608365       5.00000       4.00000      0.835889       0.00000       0.00000       0.00000       0.00000    
        7   7.00000       21.3924       17.8103       7.84512      0.720995E-01  0.246763E-02  0.669764E-02  -245.620      -30.3888      -92.7972       296.193       0.00000      -422.484       6.55761      0.611740       5.00000       4.00000      0.839775       0.00000       0.00000       0.00000       0.00000    
        8   8.00000       21.5074       17.8987       7.86161      0.948057E-01  0.324401E-02  0.761163E-02  -198.119      -27.2361      -89.4500       164.873       0.00000      -423.143       6.57719      0.614222       5.00000       4.00000      0.843375       0.00000       0.00000       0.00000       0.00000    
        9   9.00000       21.3472       17.8380       7.87852      0.761713E-01  0.260722E-02  0.867314E-02  -191.460      -31.3776      -79.2742       75.2321       0.00000      -422.224       6.67605      0.617425       5.00000       4.00000      0.847069       0.00000       0.00000       0.00000       0.00000    
       10   10.0000       20.9147       17.6294       7.89966      0.545488E-01  0.186873E-02   0.00000      -146.238      -9.23780      -41.5665       258.140       0.00000      -419.749       6.86085      0.621754       5.00000       4.00000      0.851686       0.00000       0.00000       0.00000       0.00000    
       11   11.0000       21.3685       17.8271       7.89966      0.136265      0.466392E-02   0.00000      -137.167       10.7213      -63.7057       281.066       0.00000      -422.346       6.66394      0.621535       5.00000       4.00000      0.851686       0.00000       0.00000       0.00000       0.00000    
       12   12.0000       22.7844       18.0818       7.89966      0.601805E-01  0.205396E-02  0.457309E-02  -105.711      -2.54780      -38.0130       151.156       0.00000      -430.526       5.66722      0.620290       5.00000       4.00000      0.851686       0.00000       0.00000       0.00000       0.00000    
       13   13.0000       22.9072       18.1612       7.90511      0.135002      0.460649E-02  0.972785E-02  -234.565      -44.6345      -109.970       22.0062       0.00000      -431.242       5.66723      0.621125       5.00000       4.00000      0.852876       0.00000       0.00000       0.00000       0.00000    
       14   14.0000       22.0162       17.7811       7.92161      0.171436      0.586014E-02  0.966471E-02  -401.918      -72.8818      -193.512       327.390       0.00000      -426.073       5.99610      0.624878       5.00000       4.00000      0.856479       0.00000       0.00000       0.00000       0.00000    
       15   15.0000       21.6252       17.6467       7.94508      0.129640      0.443490E-02  0.787398E-02  -269.766      -36.0845      -126.663       266.248       0.00000      -423.821       6.21079      0.629127       5.00000       4.00000      0.861606       0.00000       0.00000       0.00000       0.00000    
       16   16.0000       21.5397       17.6388       7.96425      0.208742      0.714217E-02  0.944277E-02  -382.422      -61.2249      -198.343       316.588       0.00000      -423.329       6.30013      0.632190       5.00000       4.00000      0.865793       0.00000       0.00000       0.00000       0.00000    
       17   17.0000       21.2084       17.5199       7.99340      0.141125      0.483182E-02  0.855741E-02  -340.136      -51.0802      -161.844       327.257       0.00000      -421.428       6.48702      0.636732       5.00000       4.00000      0.872159       0.00000       0.00000       0.00000       0.00000    
       18   18.0000       21.0809       17.4953       8.02022      0.125189      0.428729E-02  0.766125E-02  -257.339      -28.6879      -129.746       256.200       0.00000      -420.699       6.60130      0.640752       5.00000       4.00000      0.878016       0.00000       0.00000       0.00000       0.00000    
       19   19.0000       21.0166       17.4916       8.04321      0.228450      0.782464E-02  0.106599E-01  -293.878      -55.0001      -167.683       29.3327       0.00000      -420.331       6.67783      0.644115       5.00000       4.00000      0.883038       0.00000       0.00000       0.00000       0.00000    
       20   20.0000       20.0757       17.0188       8.09451      0.643066E-01  0.220668E-02  0.637351E-02  -113.619      -14.4168      -33.5674       87.0513       0.00000      -414.979       7.02199      0.650807       5.00000       4.00000      0.894242       0.00000       0.00000       0.00000       0.00000    
       21   21.0000       19.9671       16.9699       8.11417      0.124414      0.427020E-02  0.779847E-02  -197.032      -37.9395      -86.8282       141.281       0.00000      -414.365       7.08187      0.653646       5.00000       4.00000      0.898535       0.00000       0.00000       0.00000       0.00000    
       22   22.0000       19.7502       16.8690       8.14512      0.390834E-01  0.134201E-02  0.488212E-02  -186.662      -23.5014      -60.4096       253.681       0.00000      -413.140       7.19208      0.658016       5.00000       4.00000      0.905295       0.00000       0.00000       0.00000       0.00000    
       23   23.0000       19.9140       16.9866       8.15539      0.652531E-01  0.223988E-02  0.264332E-02  -178.423      -16.7949      -58.2798       276.170       0.00000      -414.065       7.19209      0.659821       5.00000       4.00000      0.907538       0.00000       0.00000       0.00000       0.00000    
       24   24.0000       20.1463       17.1590       8.15648      0.151559      0.520003E-02  0.899118E-02  -260.581      -52.7054      -128.360       156.052       0.00000      -415.379       7.19209      0.660344       5.00000       4.00000      0.907776       0.00000       0.00000       0.00000       0.00000    
       25   25.0000       19.7691       16.9712       8.20186      0.137547      0.472281E-02  0.601991E-02  -227.696      -29.6551      -95.7492       280.312       0.00000      -413.247       7.35704      0.666306       5.00000       4.00000      0.917686       0.00000       0.00000       0.00000       0.00000    
       26   26.0000       19.8897       17.0631       8.22006      0.127174      0.436559E-02  0.570875E-02  -245.061      -26.7201      -106.885       319.051       0.00000      -413.927       7.36958      0.669214       5.00000       4.00000      0.921661       0.00000       0.00000       0.00000       0.00000    
       27   27.0000       20.0711       17.1932       8.23564      0.504029E-01  0.172959E-02   0.00000      -155.168      -6.82547      -46.5639       305.880       0.00000      -414.953       7.36959      0.671819       5.00000       4.00000      0.925063       0.00000       0.00000       0.00000       0.00000    
       28   28.0000       20.9723       17.4598       8.23564      0.636240E-01  0.217937E-02   0.00000      -136.693      -2.80391      -48.0848       255.298       0.00000      -420.078       6.80716      0.671583       5.00000       4.00000      0.925063       0.00000       0.00000       0.00000       0.00000    
       29   29.0000       21.6537       17.6694       8.23564      0.159237      0.544710E-02  0.798882E-02  -171.007      -20.1472      -87.5931       92.5854       0.00000      -423.984       6.44100      0.671290       5.00000       4.00000      0.925063       0.00000       0.00000       0.00000       0.00000    
       30   30.0000       21.3397       17.5280       8.26698      0.164502      0.563072E-02  0.791516E-02  -180.408      -28.4522      -86.3056       112.627       0.00000      -422.181       6.55837      0.674666       5.00000       4.00000      0.931908       0.00000       0.00000       0.00000       0.00000    
       31   31.0000       21.0656       17.4056       8.29846      0.165402      0.566463E-02  0.655046E-02  -233.937      -26.7259      -104.589       281.022       0.00000      -420.611       6.66755      0.678166       5.00000       4.00000      0.938783       0.00000       0.00000       0.00000       0.00000    
       32   32.0000       21.1710       17.4877       8.31593      0.133840      0.458273E-02  0.672035E-02  -263.225      -25.7621      -123.461       321.476       0.00000      -421.214       6.68816      0.680687       5.00000       4.00000      0.942599       0.00000       0.00000       0.00000       0.00000    
       33   33.0000       21.3073       17.5896       8.33417      0.940184E-01  0.321836E-02  0.403157E-02  -197.107      -8.94327      -86.7338       300.727       0.00000      -421.995       6.70638      0.683341       5.00000       4.00000      0.946582       0.00000       0.00000       0.00000       0.00000    
       34   34.0000       21.5697       17.7724       8.33719      0.135313      0.462950E-02   0.00000      -159.121       7.20462      -81.9380       272.418       0.00000      -423.501       6.70638      0.684293       5.00000       4.00000      0.947242       0.00000       0.00000       0.00000       0.00000    
       35   35.0000       22.0430       17.9724       8.33719      0.164482      0.562213E-02   0.00000      -143.597       23.4116      -87.3506       280.073       0.00000      -426.229       6.52796      0.683057       5.00000       4.00000      0.947242       0.00000       0.00000       0.00000       0.00000    
       36   36.0000       23.3757       18.2137       8.33719      0.154401      0.526344E-02  0.521815E-02  -185.498       12.0547      -110.352       277.194       0.00000      -433.978       5.73152      0.681378       5.00000       4.00000      0.947242       0.00000       0.00000       0.00000       0.00000    
       37   37.0000       23.6323       18.3752       8.34139      0.133420      0.454586E-02  0.731479E-02  -242.462      -8.18128      -135.588       277.191       0.00000      -435.482       5.73153      0.682473       5.00000       4.00000      0.948159       0.00000       0.00000       0.00000       0.00000    
       38   38.0000       23.6875       18.4353       8.35848      0.147096      0.501127E-02  0.836515E-02  -298.367      -28.8086      -154.186       298.599       0.00000      -435.806       5.76907      0.684557       5.00000       4.00000      0.951893       0.00000       0.00000       0.00000       0.00000    
       39   39.0000       23.5927       18.4339       8.38467      0.103454      0.352516E-02  0.760102E-02  -271.836      -25.8996      -124.493       309.679       0.00000      -435.250       5.84957      0.687303       5.00000       4.00000      0.957611       0.00000       0.00000       0.00000       0.00000    
       40   40.0000       23.6518       18.4995       8.40427      0.580849E-01  0.197898E-02  0.552495E-02  -211.018      -13.4127      -79.5375       309.506       0.00000      -435.597       5.89062      0.689631       5.00000       4.00000      0.961893       0.00000       0.00000       0.00000       0.00000    
       41   41.0000       23.9253       18.6731       8.41000      0.840859E-01  0.286326E-02  0.588973E-02  -220.788      -7.20962      -103.736       313.822       0.00000      -437.204       5.89063      0.690870       5.00000       4.00000      0.963143       0.00000       0.00000       0.00000       0.00000    
       42   42.0000       24.1854       18.8370       8.41760      0.114193      0.388639E-02  0.729389E-02  -257.259      -8.94019      -139.533       308.497       0.00000      -438.737       5.89064      0.692258       5.00000       4.00000      0.964805       0.00000       0.00000       0.00000       0.00000    
       43   43.0000       24.3002       18.9264       8.43514      0.152067      0.517419E-02  0.787714E-02  -238.847      -9.37352      -137.482       237.612       0.00000      -439.415       5.91576      0.694359       5.00000       4.00000      0.968635       0.00000       0.00000       0.00000       0.00000    
       44   44.0000       24.2233       18.9224       8.46022      0.911966E-01  0.310351E-02  0.516668E-02  -190.741      -7.49807      -77.5690       285.176       0.00000      -438.961       5.97592      0.696811       5.00000       4.00000      0.974112       0.00000       0.00000       0.00000       0.00000    
       45   45.0000       24.4838       19.0888       8.46537      0.767017E-01  0.260886E-02  0.545328E-02  -203.789      -7.22494      -86.7379       299.847       0.00000      -440.502       5.97593      0.697888       5.00000       4.00000      0.975236       0.00000       0.00000       0.00000       0.00000    
       46   46.0000       24.7498       19.2580       8.47166      0.182616      0.620798E-02  0.911884E-02  -318.683      -13.6223      -199.862       283.546       0.00000      -442.078       5.97594      0.699072       5.00000       4.00000      0.976610       0.00000       0.00000       0.00000       0.00000    
       47   47.0000       24.5256       19.1936       8.50889      0.103938      0.353496E-02  0.851397E-02  -303.523      -29.8051      -147.161       306.868       0.00000      -440.749       6.07538      0.702337       5.00000       4.00000      0.984741       0.00000       0.00000       0.00000       0.00000    
       48   48.0000       24.4516       19.1977       8.53991      0.819926E-01  0.278900E-02  0.686354E-02  -235.589      -13.1080      -109.114       293.602       0.00000      -440.311       6.14276      0.705296       5.00000       4.00000      0.991517       0.00000       0.00000       0.00000       0.00000    
       49   49.0000       24.5974       19.2991       8.55676      0.685151E-01  0.232987E-02  0.544791E-02  -192.621      -7.81586      -77.8367       277.011       0.00000      -441.174       6.15597      0.707263       5.00000       4.00000      0.995196       0.00000       0.00000       0.00000       0.00000    
       50   50.0000       24.8291       19.4476       8.56482      0.359813E-01  0.122297E-02  0.382705E-02  -180.181      -4.99015      -65.8217       293.108       0.00000      -442.549       6.15597      0.708498       5.00000       4.00000      0.996957       0.00000       0.00000       0.00000       0.00000    
       51   51.0000       25.1336       19.6468       8.56526      0.110315      0.374719E-02  0.732041E-02  -245.586      -5.07720      -134.724       290.689       0.00000      -444.361       6.15598      0.709100       5.00000       4.00000      0.997053       0.00000       0.00000       0.00000       0.00000    
       52   52.0000       25.2296       19.7253       8.58623      0.147421      0.500662E-02  0.846872E-02  -277.723      -14.4177      -156.094       273.206       0.00000      -444.933       6.17958      0.711271       5.00000       4.00000       1.00163       0.00000       0.00000       0.00000       0.00000    
       53   53.0000       25.1374       19.7154       8.61893      0.128795      0.437487E-02  0.930368E-02  -263.782      -20.2530      -155.255       181.774       0.00000      -444.383       6.24159      0.714182       5.00000       4.00000       1.00877       0.00000       0.00000       0.00000       0.00000    
       54   54.0000       24.7749       19.5674       8.66394      0.952358E-01  0.323735E-02  0.719475E-02  -204.557      -13.7733      -92.7621       223.739       0.00000      -442.227       6.34889      0.717775       5.00000       4.00000       1.01860       0.00000       0.00000       0.00000       0.00000    
       55   55.0000       24.7901       19.5997       8.66951      0.811911E-01  0.275984E-02  0.684875E-02  -238.067      -13.6052      -106.790       297.714       0.00000      -442.317       6.37268      0.718282       5.00000       4.00000       1.01982       0.00000       0.00000       0.00000       0.00000    
       56   56.0000       24.9395       19.7040       8.66753      0.130084      0.442044E-02  0.105222E-01  -295.024      -33.0716      -181.386       117.110       0.00000      -443.205       6.37628      0.718282       5.00000       4.00000       1.01939       0.00000       0.00000       0.00000       0.00000    
       57   57.0000       24.2480       19.3853       8.68202      0.125810      0.428122E-02  0.744379E-02  -209.364      -22.8457      -87.5650       215.178       0.00000      -439.107       6.52670      0.718282       5.00000       4.00000       1.02255       0.00000       0.00000       0.00000       0.00000    
       58   58.0000       24.2177       19.3938       8.68344      0.216264      0.735976E-02  0.105444E-01  -327.630      -45.3526      -193.983       164.484       0.00000      -438.928       6.55658      0.718282       5.00000       4.00000       1.02286       0.00000       0.00000       0.00000       0.00000    
       59   59.0000       23.5883       19.1013       8.69688      0.140717      0.479491E-02  0.893292E-02  -313.928      -36.6538      -156.327       285.663       0.00000      -435.224       6.70487      0.718282       5.00000       4.00000       1.02580       0.00000       0.00000       0.00000       0.00000    
       60   60.0000       23.4231       19.0490       8.70137      0.959015E-01  0.326891E-02  0.614403E-02  -219.118      -12.4691      -96.4088       284.215       0.00000      -434.256       6.77233      0.718282       5.00000       4.00000       1.02678       0.00000       0.00000       0.00000       0.00000    
       61   61.0000       23.5862       19.1631       8.69926      0.694720E-01  0.236726E-02  0.721157E-02  -150.317      -9.48136      -70.9332       126.287       0.00000      -435.212       6.77234      0.718282       5.00000       4.00000       1.02632       0.00000       0.00000       0.00000       0.00000    
       62   62.0000       23.4732       19.1184       8.70206      0.106099      0.361613E-02  0.936272E-02  -219.458      -32.5448      -107.106       96.5518       0.00000      -434.549       6.80925      0.718282       5.00000       4.00000       1.02693       0.00000       0.00000       0.00000       0.00000    
       63   63.0000       23.0221       18.8976       8.71162      0.951086E-01  0.324451E-02  0.840745E-02  -217.468      -30.3322      -95.9173       162.641       0.00000      -431.911       6.91552      0.718282       5.00000       4.00000       1.02902       0.00000       0.00000       0.00000       0.00000    
       64   64.0000       22.7983       18.7981       8.71684      0.163913      0.559422E-02  0.734605E-02  -243.926      -24.0002      -111.002       266.875       0.00000      -430.607       6.98205      0.718282       5.00000       4.00000       1.03016       0.00000       0.00000       0.00000       0.00000    
       65   65.0000       22.8222       18.8370       8.71752      0.185668      0.633637E-02  0.874666E-02  -303.833      -27.9091      -164.338       277.139       0.00000      -430.746       7.00673      0.718282       5.00000       4.00000       1.03031       0.00000       0.00000       0.00000       0.00000    
       66   66.0000       22.6745       18.7875       8.72172      0.148069      0.505473E-02  0.926288E-02  -322.219      -39.6421      -166.349       266.002       0.00000      -429.887       7.07044      0.718282       5.00000       4.00000       1.03122       0.00000       0.00000       0.00000       0.00000    
       67   67.0000       22.4315       18.6855       8.72781      0.120157      0.410386E-02  0.896587E-02  -284.333      -37.0355      -139.979       226.882       0.00000      -428.477       7.15438      0.718282       5.00000       4.00000       1.03255       0.00000       0.00000       0.00000       0.00000    
       68   68.0000       22.1955       18.5812       8.73361      0.563106E-01  0.192416E-02  0.706020E-02  -155.888      -14.7772      -65.0988       136.868       0.00000      -427.110       7.23282      0.718282       5.00000       4.00000       1.03382       0.00000       0.00000       0.00000       0.00000    
       69   69.0000       22.1064       18.5455       8.73603      0.962505E-01  0.328951E-02  0.538537E-02  -199.418      -11.9255      -82.0311       265.856       0.00000      -426.595       7.26746      0.718282       5.00000       4.00000       1.03435       0.00000       0.00000       0.00000       0.00000    
       70   70.0000       22.2657       18.6619       8.73403      0.149227      0.509843E-02  0.807814E-02  -277.562      -18.1302      -151.549       275.344       0.00000      -427.516       7.26747      0.718282       5.00000       4.00000       1.03391       0.00000       0.00000       0.00000       0.00000    
       71   71.0000       22.2066       18.6560       8.73648      0.111050      0.379455E-02  0.741951E-02  -173.390      -3.85164      -103.317       147.543       0.00000      -427.174       7.31145      0.718282       5.00000       4.00000       1.03445       0.00000       0.00000       0.00000       0.00000    
       72   72.0000       22.0944       18.6081       8.73942      0.104316      0.356525E-02  0.240470E-02  -168.947       4.56081      -82.3150       260.429       0.00000      -426.525       7.35228      0.718282       5.00000       4.00000       1.03509       0.00000       0.00000       0.00000       0.00000    
       73   73.0000       22.3134       18.7691       8.73621      0.725958E-01  0.248004E-02  0.446062E-02  -142.042      -1.76924      -60.5531       195.770       0.00000      -427.792       7.35229      0.718282       5.00000       4.00000       1.03439       0.00000       0.00000       0.00000       0.00000    
       74   74.0000       22.4409       18.8629       8.73455      0.143441      0.489904E-02  0.617059E-02  -173.325      -8.23114      -79.4552       201.202       0.00000      -428.531       7.35230      0.718282       5.00000       4.00000       1.03403       0.00000       0.00000       0.00000       0.00000    
       75   75.0000       22.4951       18.9106       8.73439      0.133283      0.455159E-02  0.817316E-02  -282.126      -24.3626      -141.559       279.052       0.00000      -428.845       7.36136      0.718282       5.00000       4.00000       1.03399       0.00000       0.00000       0.00000       0.00000    
       76   76.0000       22.4340       18.9032       8.73690      0.723278E-01  0.247029E-02  0.584956E-02  -217.228      -15.5120      -82.7098       279.759       0.00000      -428.491       7.40489      0.718282       5.00000       4.00000       1.03454       0.00000       0.00000       0.00000       0.00000    
       77   77.0000       22.5820       19.0126       8.73522      0.598519E-01  0.204358E-02  0.434384E-02  -183.434      -9.37979      -63.8337       262.215       0.00000      -429.350       7.40490      0.718282       5.00000       4.00000       1.03417       0.00000       0.00000       0.00000       0.00000    
       78   78.0000       22.7693       19.1510       8.73266      0.161592      0.551533E-02  0.973020E-02  -220.684      -29.6388      -120.899       76.4379       0.00000      -430.439       7.40491      0.718282       5.00000       4.00000       1.03361       0.00000       0.00000       0.00000       0.00000    
       79   79.0000       22.2912       18.8922       8.74272      0.119645      0.408754E-02  0.695858E-02  -232.843      -22.2021      -96.5578       262.304       0.00000      -427.664       7.51587      0.718282       5.00000       4.00000       1.03581       0.00000       0.00000       0.00000       0.00000    
       80   80.0000       22.3395       18.9428       8.74296      0.147941      0.505376E-02  0.936769E-02  -327.439      -38.4829      -168.176       268.100       0.00000      -427.944       7.53279      0.718282       5.00000       4.00000       1.03586       0.00000       0.00000       0.00000       0.00000    
       81   81.0000       22.1048       18.8351       8.74896      0.103396      0.353372E-02  0.869488E-02  -289.863      -37.1470      -129.027       255.944       0.00000      -426.585       7.61343      0.718282       5.00000       4.00000       1.03717       0.00000       0.00000       0.00000       0.00000    
       82   82.0000       21.9547       18.7728       8.75319      0.111032      0.379583E-02  0.901389E-02  -318.346      -42.1321      -144.704       276.894       0.00000      -425.719       7.67426      0.718282       5.00000       4.00000       1.03810       0.00000       0.00000       0.00000       0.00000    
       83   83.0000       21.7794       18.6970       8.75803      0.122730      0.419723E-02  0.978152E-02  -244.640      -32.2253      -140.117       104.602       0.00000      -424.708       7.74359      0.718282       5.00000       4.00000       1.03915       0.00000       0.00000       0.00000       0.00000    
       84   84.0000       21.3312       18.4457       8.76761      0.127230      0.435500E-02  0.732154E-02  -245.175      -33.2159      -92.7381       258.348       0.00000      -422.132       7.85686      0.718282       5.00000       4.00000       1.04125       0.00000       0.00000       0.00000       0.00000    
       85   85.0000       21.3305       18.4672       8.76884      0.512364E-01  0.175380E-02  0.551974E-02  -208.020      -19.2454      -66.2989       266.413       0.00000      -422.128       7.88478      0.718282       5.00000       4.00000       1.04151       0.00000       0.00000       0.00000       0.00000    
       86   86.0000       21.4631       18.5693       8.76742      0.127106      0.434961E-02  0.100955E-01  -220.323      -38.6595      -107.462       40.4637       0.00000      -422.889       7.88479      0.718282       5.00000       4.00000       1.04120       0.00000       0.00000       0.00000       0.00000    
       87   87.0000       20.9137       18.2471       8.77877      0.129449      0.443465E-02  0.874550E-02  -168.994      -29.9266      -71.0529       61.8382       0.00000      -419.743       8.01646      0.718282       5.00000       4.00000       1.04368       0.00000       0.00000       0.00000       0.00000    
       88   88.0000       20.5848       18.0543       8.78572      0.196482      0.673548E-02  0.110737E-01  -322.863      -74.6879      -169.385       91.2010       0.00000      -417.869       8.10139      0.718282       5.00000       4.00000       1.04520       0.00000       0.00000       0.00000       0.00000    
       89   89.0000       19.8933       17.6398       8.80024      0.798555E-01  0.274123E-02  0.525509E-02  -213.185      -21.6813      -68.1338       272.880       0.00000      -413.948       8.28345      0.718282       5.00000       4.00000       1.04837       0.00000       0.00000       0.00000       0.00000    
       90   90.0000       20.0246       17.7442       8.79887      0.553519E-01  0.189960E-02  0.407727E-02  -158.270      -11.3277      -48.4484       214.369       0.00000      -414.690       8.28346      0.718282       5.00000       4.00000       1.04807       0.00000       0.00000       0.00000       0.00000    
       91   91.0000       20.1479       17.8422       8.79738      0.106731      0.366195E-02  0.583770E-02  -188.300      -14.5429      -75.4311       221.364       0.00000      -415.388       8.28347      0.718282       5.00000       4.00000       1.04775       0.00000       0.00000       0.00000       0.00000    
       92   92.0000       20.2126       17.8991       8.79710      0.590569E-01  0.202599E-02  0.678460E-02  -146.103      -15.3778      -56.6285       126.942       0.00000      -415.754       8.29124      0.718282       5.00000       4.00000       1.04769       0.00000       0.00000       0.00000       0.00000    
       93   93.0000       20.1391       17.8631       8.79917      0.527961E-01  0.181147E-02   0.00000      -173.202      -10.9547      -46.6692       260.204       0.00000      -415.338       8.32255      0.718282       5.00000       4.00000       1.04814       0.00000       0.00000       0.00000       0.00000    
       94   94.0000       20.3672       18.0161       8.79917      0.949312E-01  0.325568E-02  0.844648E-02  -131.684      -17.5380      -50.5783       24.4082       0.00000      -416.632       8.28004      0.717897       5.00000       4.00000       1.04814       0.00000       0.00000       0.00000       0.00000    
       95   95.0000       20.0539       17.8231       8.80842      0.117157      0.402043E-02  0.466921E-02  -156.642      -11.2791      -53.5141       201.632       0.00000      -414.856       8.36018      0.718282       5.00000       4.00000       1.05016       0.00000       0.00000       0.00000       0.00000    
       96   96.0000       20.1517       17.9013       8.80738      0.148229      0.508573E-02  0.893614E-02  -316.979      -46.1866      -141.899       265.071       0.00000      -415.410       8.36019      0.718282       5.00000       4.00000       1.04993       0.00000       0.00000       0.00000       0.00000    
       97   97.0000       19.9665       17.8069       8.81234      0.118582      0.407004E-02  0.647163E-02  -228.035      -16.9894      -97.1854       257.864       0.00000      -414.362       8.43665      0.718282       5.00000       4.00000       1.05102       0.00000       0.00000       0.00000       0.00000    
       98   98.0000       20.0164       17.8581       8.81252      0.122357      0.419919E-02  0.816335E-02  -150.983      -15.7836      -76.2299       68.6888       0.00000      -414.644       8.45234      0.718282       5.00000       4.00000       1.05105       0.00000       0.00000       0.00000       0.00000    
       99   99.0000       19.7740       17.7096       8.81773      0.767003E-01  0.263355E-02  0.672822E-02  -108.204      -12.3742      -35.1280       72.2513       0.00000      -413.274       8.52014      0.718282       5.00000       4.00000       1.05219       0.00000       0.00000       0.00000       0.00000    
      100   100.000       19.6631       17.6437       8.82029      0.185891      0.638406E-02  0.553621E-02  -120.359      -6.63631      -49.7785       127.561       0.00000      -412.649       8.55513      0.718282       5.00000       4.00000       1.05275       0.00000       0.00000       0.00000       0.00000    
      101   101.000       19.6665       17.6546       8.82080      0.118516      0.407017E-02   0.00000      -94.2652       1.73899      -19.6502       170.897       0.00000      -412.668       8.56710      0.718282       5.00000       4.00000       1.05286       0.00000       0.00000       0.00000       0.00000    
      102   102.000       20.9987       17.7891       8.82080      0.108805      0.372682E-02  0.607552E-02  -125.100      -12.1558      -41.2970       123.103       0.00000      -420.229       7.29862      0.716023       5.00000       4.00000       1.05286       0.00000       0.00000       0.00000       0.00000    
      103   103.000       20.9691       17.7837       8.83918      0.154956      0.530789E-02  0.102724E-01  -278.753      -54.0501      -148.455       83.0669       0.00000      -420.060       7.32726      0.718282       5.00000       4.00000       1.05688       0.00000       0.00000       0.00000       0.00000    
      104   104.000       20.3207       17.4332       8.85279      0.152465      0.522931E-02  0.112724E-01  -319.753      -79.6555      -154.860       25.9066       0.00000      -416.368       7.50125      0.718282       5.00000       4.00000       1.05985       0.00000       0.00000       0.00000       0.00000    
      105   105.000       19.3932       16.9080       8.87194      0.126290      0.433950E-02  0.884447E-02  -175.985      -35.0325      -73.9054       39.3705       0.00000      -411.129       7.75170      0.718282       5.00000       4.00000       1.06403       0.00000       0.00000       0.00000       0.00000    
      106   106.000       18.9671       16.6627       8.88078      0.105801      0.363852E-02  0.849189E-02  -157.907      -30.6866      -60.4910       35.3696       0.00000      -408.739       7.87633      0.718282       5.00000       4.00000       1.06596       0.00000       0.00000       0.00000       0.00000    
      107   107.000       18.5906       16.4426       8.88858      0.120098      0.413328E-02  0.801316E-02  -251.959      -43.2552      -91.7647       206.889       0.00000      -406.636       7.98990      0.718282       5.00000       4.00000       1.06767       0.00000       0.00000       0.00000       0.00000    
      108   108.000       18.4242       16.3603       8.89292      0.633075E-01  0.217950E-02  0.474119E-02  -174.999      -14.7578      -44.4597       226.326       0.00000      -405.709       8.06812      0.718282       5.00000       4.00000       1.06861       0.00000       0.00000       0.00000       0.00000    
      109   109.000       18.5387       16.4498       8.89167      0.859953E-01  0.295990E-02  0.466998E-02  -172.451      -11.8336      -51.0999       224.357       0.00000      -406.346       8.06813      0.718282       5.00000       4.00000       1.06834       0.00000       0.00000       0.00000       0.00000    
      110   110.000       18.6545       16.5402       8.89039      0.112927      0.388599E-02  0.677740E-02  -142.422      -15.7853      -60.8150       111.057       0.00000      -406.992       8.06814      0.718282       5.00000       4.00000       1.06806       0.00000       0.00000       0.00000       0.00000    
      111   111.000       18.5447       16.4824       8.89313      0.151896      0.522810E-02  0.778085E-02  -121.694      -15.1781      -53.0124       27.3410       0.00000      -406.380       8.11420      0.718282       5.00000       4.00000       1.06866       0.00000       0.00000       0.00000       0.00000    
      112   112.000       18.2627       16.3125       8.89896      0.169097      0.582338E-02  0.849312E-02  -275.068      -45.7745      -114.735       207.014       0.00000      -404.811       8.20088      0.718282       5.00000       4.00000       1.06993       0.00000       0.00000       0.00000       0.00000    
      113   113.000       18.0348       16.1893       8.90454      0.849794E-01  0.292784E-02  0.738502E-02  -239.044      -34.7943      -75.1511       220.761       0.00000      -403.546       8.29965      0.718282       5.00000       4.00000       1.07115       0.00000       0.00000       0.00000       0.00000    
      114   114.000       17.9510       16.1547       8.90725      0.673112E-01  0.231949E-02  0.780475E-02  -135.824      -22.0339      -47.9041       44.4800       0.00000      -403.082       8.35616      0.718282       5.00000       4.00000       1.07174       0.00000       0.00000       0.00000       0.00000    
      115   115.000       17.6836       15.9901       8.91286      0.831741E-01  0.286761E-02  0.554312E-02  -170.149      -17.4249      -47.3241       193.376       0.00000      -401.603       8.44516      0.718282       5.00000       4.00000       1.07297       0.00000       0.00000       0.00000       0.00000    
      116   116.000       17.7235       16.0295       8.91295      0.564025E-01  0.194445E-02  0.561833E-02  -120.055      -11.2650      -36.8646       117.851       0.00000      -401.823       8.45837      0.718282       5.00000       4.00000       1.07299       0.00000       0.00000       0.00000       0.00000    
      117   117.000       17.7012       16.0236       8.91393      0.107438      0.370404E-02  0.586874E-02  -110.740      -10.1065      -43.2421       96.0689       0.00000      -401.700       8.48012      0.718282       5.00000       4.00000       1.07320       0.00000       0.00000       0.00000       0.00000    
      118   118.000       17.6468       15.9956       8.91547      0.964142E-01  0.332434E-02  0.404367E-02  -83.4871      -3.59447      -23.7049       100.383       0.00000      -401.399       8.50904      0.718282       5.00000       4.00000       1.07354       0.00000       0.00000       0.00000       0.00000    
      119   119.000       17.6811       16.0237       8.91524      0.114984      0.396434E-02   0.00000      -112.091       1.87167      -27.7189       177.699       0.00000      -401.589       8.50968      0.718282       5.00000       4.00000       1.07349       0.00000       0.00000       0.00000       0.00000    
      120   120.000       18.1513       16.1386       8.91524      0.187455      0.645702E-02  0.436833E-02  -139.446       5.36571      -57.0084       180.573       0.00000      -404.192       8.03393      0.715851       5.00000       4.00000       1.07349       0.00000       0.00000       0.00000       0.00000    
      121   121.000       18.2472       16.2099       8.92818      0.189979      0.654271E-02  0.892356E-02  -174.643      -31.2633      -85.7824       20.8131       0.00000      -404.725       8.03452      0.718282       5.00000       4.00000       1.07632       0.00000       0.00000       0.00000       0.00000    
      122   122.000       17.7887       15.9339       8.93760      0.250789      0.864474E-02  0.108257E-01  -430.118      -99.7091      -195.033       206.386       0.00000      -402.184       8.18035      0.718282       5.00000       4.00000       1.07837       0.00000       0.00000       0.00000       0.00000    
      123   123.000       17.1144       15.5335       8.95239      0.841164E-01  0.290334E-02  0.792758E-02  -219.393      -39.9390      -72.0106       150.659       0.00000      -398.468       8.43539      0.718282       5.00000       4.00000       1.08160       0.00000       0.00000       0.00000       0.00000    
      124   124.000       16.8994       15.4091       8.95744      0.568645E-01  0.196355E-02  0.787871E-02  -156.357      -29.3673      -59.6936       60.2386       0.00000      -397.289       8.53253      0.718282       5.00000       4.00000       1.08270       0.00000       0.00000       0.00000       0.00000    
      125   125.000       16.6226       15.2359       8.96332      0.124761      0.431036E-02  0.848621E-02  -281.370      -51.4704      -102.666       197.661       0.00000      -395.774       8.63880      0.718282       5.00000       4.00000       1.08399       0.00000       0.00000       0.00000       0.00000    
      126   126.000       16.3663       15.0848       8.96941      0.784905E-01  0.271312E-02  0.692202E-02  -211.650      -26.8119      -65.3252       190.909       0.00000      -394.376       8.76426      0.718282       5.00000       4.00000       1.08532       0.00000       0.00000       0.00000       0.00000    
      127   127.000       16.2857       15.0459       8.97189      0.124648      0.430931E-02  0.796183E-02  -161.814      -31.0789      -73.1780       59.3398       0.00000      -393.937       8.82419      0.718282       5.00000       4.00000       1.08586       0.00000       0.00000       0.00000       0.00000    
      128   128.000       16.0014       14.8614       8.97792      0.116353      0.402475E-02  0.726086E-02  -103.136      -17.6986      -34.7689       15.3933       0.00000      -392.391       8.94007      0.718282       5.00000       4.00000       1.08718       0.00000       0.00000       0.00000       0.00000    
      129   129.000       15.7650       14.7032       8.98277      0.249787      0.864435E-02  0.105743E-01  -425.401      -107.270      -182.835       195.532       0.00000      -391.110       9.03258      0.718282       5.00000       4.00000       1.08824       0.00000       0.00000       0.00000       0.00000    
      130   130.000       15.1432       14.2918       8.99638      0.134355      0.465524E-02  0.931441E-02  -337.108      -78.6680      -121.491       190.804       0.00000      -387.754       9.32270      0.718282       5.00000       4.00000       1.09121       0.00000       0.00000       0.00000       0.00000    
      131   131.000       14.7506       14.0292       9.00519      0.858277E-01  0.297609E-02  0.765592E-02  -246.910      -44.6724      -71.8027       186.117       0.00000      -385.645       9.53107      0.718282       5.00000       4.00000       1.09313       0.00000       0.00000       0.00000       0.00000    
      132   132.000       14.5789       13.9189       9.00943      0.225007      0.780478E-02  0.935430E-02  -270.127      -67.2076      -137.036       86.6664       0.00000      -384.726       9.64458      0.718282       5.00000       4.00000       1.09406       0.00000       0.00000       0.00000       0.00000    
      133   133.000       14.1200       13.5902       9.01916      0.134228      0.466008E-02  0.577786E-02  -172.286      -16.6800      -58.9101       168.233       0.00000      -382.278       9.87973      0.718282       5.00000       4.00000       1.09618       0.00000       0.00000       0.00000       0.00000    
      134   134.000       14.0938       13.5809       9.02034      0.955528E-01  0.331754E-02  0.332764E-02  -97.4671      -3.65854      -26.6893       120.723       0.00000      -382.138       9.92465      0.718282       5.00000       4.00000       1.09644       0.00000       0.00000       0.00000       0.00000    
      135   135.000       14.1377       13.6204       9.01992      0.200783      0.697046E-02  0.773618E-02  -165.727      -28.8139      -90.2523       63.9976       0.00000      -382.372       9.92466      0.718282       5.00000       4.00000       1.09635       0.00000       0.00000       0.00000       0.00000    
      136   136.000       13.8872       13.4372       9.02525      0.164941      0.572896E-02  0.938921E-02  -346.766      -82.4661      -132.313       179.511       0.00000      -381.040       10.0617      0.718282       5.00000       4.00000       1.09752       0.00000       0.00000       0.00000       0.00000    
      137   137.000       13.4777       13.1373       9.03431      0.733094E-01  0.254830E-02  0.673086E-02  -187.208      -29.8662      -54.6631       144.194       0.00000      -378.871       10.3181      0.718282       5.00000       4.00000       1.09949       0.00000       0.00000       0.00000       0.00000    
      138   138.000       13.3652       13.0587       9.03711      0.394133E-01  0.137034E-02  0.600541E-02  -165.567      -22.2948      -43.1495       145.867       0.00000      -378.276       10.4112      0.718282       5.00000       4.00000       1.10011       0.00000       0.00000       0.00000       0.00000    
      139   139.000       13.3071       13.0216       9.03881      0.639959E-01  0.222529E-02  0.602467E-02  -118.804      -19.9384      -37.3205       81.8253       0.00000      -377.969       10.4744      0.718282       5.00000       4.00000       1.10048       0.00000       0.00000       0.00000       0.00000    
      140   140.000       13.2155       12.9537       9.04095      0.192750      0.670355E-02  0.893705E-02  -304.615      -66.0830      -129.249       153.839       0.00000      -377.486       10.5418      0.718282       5.00000       4.00000       1.10094       0.00000       0.00000       0.00000       0.00000    
      141   141.000       12.8640       12.6832       9.04867      0.148827      0.517951E-02  0.941123E-02  -355.484      -83.7405      -129.927       173.261       0.00000      -375.636       10.7878      0.718282       5.00000       4.00000       1.10263       0.00000       0.00000       0.00000       0.00000    
      142   142.000       12.4520       12.3566       9.05771      0.106847      0.372148E-02  0.849435E-02  -297.552      -62.0867      -94.1600       169.793       0.00000      -373.476       11.0981      0.718282       5.00000       4.00000       1.10460       0.00000       0.00000       0.00000       0.00000    
      143   143.000       12.1665       12.1270       9.06409      0.591867E-01  0.206260E-02  0.721695E-02  -231.048      -37.9263      -62.4853       165.463       0.00000      -371.986       11.3452      0.718282       5.00000       4.00000       1.10600       0.00000       0.00000       0.00000       0.00000    
      144   144.000       12.0168       12.0082       9.06765      0.492169E-01  0.171566E-02  0.645592E-02  -200.099      -25.9799      -53.7147       162.837       0.00000      -371.205       11.5031      0.718282       5.00000       4.00000       1.10677       0.00000       0.00000       0.00000       0.00000    
      145   145.000       11.9398       11.9398       11.9398      0.400085E-01  0.139487E-02  0.584653E-02  -162.243      -16.9334      -47.0630       138.169       0.00000      -370.804       11.5500      0.500000       5.00000       4.00000       1.73405       0.00000       0.00000       0.00000       0.00000    
      146   146.000       11.8938       11.8938       11.8938      0.638461E-01  0.222615E-02  0.513417E-02  -137.007      -11.8993      -37.3364       128.693       0.00000      -370.565       11.5500      0.500000       5.00000       4.00000       1.72400       0.00000       0.00000       0.00000       0.00000    
      147   147.000       11.8759       11.8759       11.8759      0.232310      0.810033E-02  0.673488E-02  -97.2366      -16.3987      -43.8255       13.5296       0.00000      -370.472       11.5500      0.500000       5.00000       4.00000       1.72009       0.00000       0.00000       0.00000       0.00000    
      148   148.000       11.7237       11.7237       11.7237      0.772991E-01  0.269611E-02  0.295384E-02  -31.7272      0.811935      -1.71797       31.6536       0.00000      -369.681       11.5500      0.500000       5.00000       4.00000       1.68686       0.00000       0.00000       0.00000       0.00000    
      149   149.000       11.7205       11.7205       11.7205      0.161357      0.562797E-02  0.674603E-02  -177.438      -32.9399      -60.7857       115.348       0.00000      -369.665       11.5500      0.500000       5.00000       4.00000       1.68617       0.00000       0.00000       0.00000       0.00000    
      150   150.000       11.6069       11.6069       11.6069      0.768428E-01  0.268079E-02  0.583995E-02  -169.902      -22.5685      -36.6694       145.212       0.00000      -369.076       11.5500      0.500000       5.00000       4.00000       1.66135       0.00000       0.00000       0.00000       0.00000    
      151   151.000       11.5599       11.5599       11.5599      0.830141E-01  0.289635E-02  0.545667E-02  -153.328      -17.0644      -35.9349       137.294       0.00000      -368.832       11.5500      0.500000       5.00000       4.00000       1.65109       0.00000       0.00000       0.00000       0.00000    
      152   152.000       11.5284       11.5284       11.5284      0.529835E-01  0.184870E-02  0.518114E-02  -93.8368      -12.9506      -28.5782       68.4712       0.00000      -368.669       11.5500      0.500000       5.00000       4.00000       1.64420       0.00000       0.00000       0.00000       0.00000    
      153   153.000       11.4803       11.4803       11.4803      0.106828      0.372778E-02  0.654084E-02  -191.269      -28.8739      -53.9658       140.291       0.00000      -368.419       11.5500      0.500000       5.00000       4.00000       1.63369       0.00000       0.00000       0.00000       0.00000    
      154   154.000       11.3865       11.3865       11.3865      0.351860E-01  0.122805E-02  0.561899E-02  -161.248      -18.3125      -32.9641       140.251       0.00000      -367.934       11.5500      0.500000       5.00000       4.00000       1.61321       0.00000       0.00000       0.00000       0.00000    
      155   155.000       11.3462       11.3462       11.3462      0.464797E-01  0.162234E-02  0.549383E-02  -135.443      -16.1655      -31.9896       110.801       0.00000      -367.726       11.5500      0.500000       5.00000       4.00000       1.60441       0.00000       0.00000       0.00000       0.00000    
      156   156.000       11.2994       11.2994       11.2994      0.671020E-01  0.234236E-02  0.564103E-02  -88.8325      -15.7613      -29.8866       44.0689       0.00000      -367.484       11.5500      0.500000       5.00000       4.00000       1.59419       0.00000       0.00000       0.00000       0.00000    
      157   157.000       11.2168       11.2168       11.2168      0.537730E-01  0.187737E-02  0.498443E-02  -76.7181      -11.0276      -25.3886       49.9796       0.00000      -367.057       11.5500      0.500000       5.00000       4.00000       1.57615       0.00000       0.00000       0.00000       0.00000    
      158   158.000       11.1664       11.1664       11.1664      0.667841E-01  0.233186E-02  0.550462E-02  -103.840      -15.0275      -33.7355       67.5071       0.00000      -366.797       11.5500      0.500000       5.00000       4.00000       1.56514       0.00000       0.00000       0.00000       0.00000    
      159   159.000       11.0988       11.0988       11.0988      0.125157      0.437060E-02  0.632734E-02  -146.467      -23.8641      -53.8383       86.8779       0.00000      -366.449       11.5500      0.500000       5.00000       4.00000       1.55039       0.00000       0.00000       0.00000       0.00000    
      160   160.000       10.9899       10.9899       10.9899      0.618884E-01  0.216165E-02  0.549156E-02  -74.9758      -10.8412      -24.7609       28.6203       0.00000      -365.887       11.5500      0.500000       5.00000       4.00000       1.52660       0.00000       0.00000       0.00000       0.00000    
      161   161.000       10.9046       10.9046       10.9046      0.118463      0.413839E-02  0.670441E-02  -193.443      -31.6780      -56.6833       124.931       0.00000      -365.448       11.5500      0.500000       5.00000       4.00000       1.50797       0.00000       0.00000       0.00000       0.00000    
      162   162.000       10.7799       10.7799       10.7799      0.106783      0.373123E-02  0.740933E-02  -228.017      -45.8234      -66.5332       122.293       0.00000      -364.807       11.5500      0.500000       5.00000       4.00000       1.48073       0.00000       0.00000       0.00000       0.00000    
      163   163.000       10.5889       10.5889       10.5889      0.401657E-01  0.140400E-02  0.663500E-02  -125.208      -32.8062      -41.9307       33.8946       0.00000      -363.826       11.5500      0.500000       5.00000       4.00000       1.43902       0.00000       0.00000       0.00000       0.00000    
      164   164.000       10.4237       10.4237       10.4237      0.243625      0.851868E-02  0.865287E-02  -262.267      -98.0374      -111.820       47.6602       0.00000      -362.979       11.5500      0.500000       5.00000       4.00000       1.40293       0.00000       0.00000       0.00000       0.00000    
      165   165.000       10.0389       10.0389       10.0389      0.250305      0.875873E-02  0.924158E-02  -386.046      -116.061      -140.096       122.089       0.00000      -361.013       11.5500      0.500000       5.00000       4.00000       1.31890       0.00000       0.00000       0.00000       0.00000    
      166   166.000       9.56642       9.56642       9.56642      0.140341      0.491530E-02  0.729222E-02  -195.975      -63.7290      -75.4396       52.3574       0.00000      -358.610       11.5500      0.500000       5.00000       4.00000       1.21571       0.00000       0.00000       0.00000       0.00000    
      167   167.000       9.30845       9.30845       9.30845      0.758523E-01  0.265797E-02  0.558076E-02  -101.626      -23.4612      -36.0874       37.0435       0.00000      -357.303       11.5500      0.500000       5.00000       4.00000       1.15936       0.00000       0.00000       0.00000       0.00000    
      168   168.000       9.19134       9.19134       9.19134      0.839192E-01  0.294130E-02  0.506028E-02  -79.9567      -18.0022      -25.8088       31.4896       0.00000      -356.711       11.5500      0.500000       5.00000       4.00000       1.13379       0.00000       0.00000       0.00000       0.00000    
      169   169.000       9.10299       9.10299       9.10299      0.107154      0.375631E-02  0.539926E-02  -140.927      -24.6932      -34.7848       93.8886       0.00000      -356.264       11.5500      0.500000       5.00000       4.00000       1.11449       0.00000       0.00000       0.00000       0.00000    
      170   170.000       9.01719       9.01719       9.01719      0.102000      0.357623E-02  0.633679E-02  -148.127      -39.2654      -58.1354       45.2917       0.00000      -355.831       11.5500      0.500000       5.00000       4.00000       1.09575       0.00000       0.00000       0.00000       0.00000    
      171   171.000       8.83207       8.83207       8.83207      0.638823E-01  0.224057E-02  0.595094E-02  -152.446      -30.9439      -43.3661       71.6783       0.00000      -354.899       11.5500      0.500000       5.00000       4.00000       1.05532       0.00000       0.00000       0.00000       0.00000    
      172   172.000       8.68631       8.68631       8.68631      0.128429      0.450568E-02  0.606268E-02  -184.300      -36.7032      -54.0318       101.777       0.00000      -354.165       11.5500      0.500000       5.00000       4.00000       1.02349       0.00000       0.00000       0.00000       0.00000    
      173   173.000       8.53747       8.53747       8.53747      0.790278E-01  0.277334E-02  0.516522E-02  -143.053      -22.3832      -29.6007       98.0910       0.00000      -353.418       11.5500      0.500000       5.00000       4.00000      0.990984       0.00000       0.00000       0.00000       0.00000    
      174   174.000       8.45559       8.45559       8.45559      0.110317      0.387199E-02  0.470244E-02  -61.9403      -12.4339      -20.3099       12.7547       0.00000      -353.007       11.5500      0.500000       5.00000       4.00000      0.973101       0.00000       0.00000       0.00000       0.00000    
      175   175.000       8.36625       8.36625       8.36625      0.197388      0.692925E-02  0.685108E-02  -238.713      -61.8666      -81.2058       96.7070       0.00000      -352.559       11.5500      0.500000       5.00000       4.00000      0.953589       0.00000       0.00000       0.00000       0.00000    
      176   176.000       8.11160       8.11160       8.11160      0.156066      0.548133E-02  0.618356E-02  -158.327      -51.9648      -65.3467       38.9374       0.00000      -351.285       11.5500      0.500000       5.00000       4.00000      0.897973       0.00000       0.00000       0.00000       0.00000    
      177   177.000       7.89734       7.89734       7.89734      0.113752      0.399682E-02  0.617250E-02  -206.585      -44.9843      -60.3488       93.6921       0.00000      -350.216       11.5500      0.500000       5.00000       4.00000      0.851179       0.00000       0.00000       0.00000       0.00000    
      178   178.000       7.69472       7.69472       7.69472      0.957478E-01  0.336553E-02  0.610009E-02  -214.455      -47.1056      -52.1545       100.821       0.00000      -349.207       11.5500      0.500000       5.00000       4.00000      0.806927       0.00000       0.00000       0.00000       0.00000    
      179   179.000       7.49086       7.49086       7.49086      0.126477      0.444740E-02  0.654783E-02  -260.495      -68.3665      -68.2711       105.653       0.00000      -348.194       11.5500      0.500000       5.00000       4.00000      0.762404       0.00000       0.00000       0.00000       0.00000    
      180   180.000       7.21368       7.21368       7.21368      0.106405      0.374356E-02  0.650319E-02  -272.081      -68.9676      -68.1213       105.859       0.00000      -346.821       11.5500      0.500000       5.00000       4.00000      0.701868       0.00000       0.00000       0.00000       0.00000    
      181   181.000       6.91634       6.91634       6.91634      0.186574      0.656783E-02  0.676805E-02  -268.948      -105.995      -102.734       41.6115       0.00000      -345.352       11.5500      0.500000       5.00000       4.00000      0.636928       0.00000       0.00000       0.00000       0.00000    
      182   182.000       6.51029       6.51029       6.51029      0.180684      0.636547E-02  0.598063E-02  -210.797      -84.2320      -78.8276       27.3718       0.00000      -343.353       11.5500      0.500000      0.367129       6.59514     -0.252380       0.00000       0.00000       0.00000       0.00000    
      183   183.000       6.18403       6.18403       6.18403      0.116413      0.410378E-02  0.451890E-02  -151.447      -38.1220      -38.8665       74.9638       0.00000      -341.754       11.5500      0.500000      0.218184       6.72029      -2.68393       0.00000       0.00000       0.00000       0.00000    
      184   184.000       6.05256       6.05256       6.05256      0.165938      0.585110E-02  0.534465E-02  -206.062      -70.0732      -74.5360       53.0689       0.00000      -341.111       11.5500      0.500000      0.427069       6.54204      -1.25157       0.00000       0.00000       0.00000       0.00000    
      185   185.000       5.78228       5.78228       5.78228      0.582500E-01  0.205499E-02  0.411885E-02  -122.514      -31.4811      -36.1448       46.2786       0.00000      -339.792       11.5500      0.500000      0.394761       6.56898      -2.17618       0.00000       0.00000       0.00000       0.00000    
      186   186.000       5.65036       5.65036       5.65036      0.686356E-01  0.242200E-02  0.414224E-02  -159.239      -30.8568      -33.6409       83.1342       0.00000      -339.150       11.5500      0.500000      0.451189       6.52176      -2.10903       0.00000       0.00000       0.00000       0.00000    
      187   187.000       5.51854       5.51854       5.51854      0.121434      0.428624E-02  0.437074E-02  -188.894      -46.4449      -46.7845       87.4928       0.00000      -338.509       11.5500      0.500000      0.494157       6.48603      -2.13798       0.00000       0.00000       0.00000       0.00000    
      188   188.000       5.34172       5.34172       5.34172      0.140959      0.497705E-02  0.498268E-02  -278.868      -80.9956      -73.3275       97.7364       0.00000      -337.650       11.5500      0.500000      0.518530       6.46586      -2.36739       0.00000       0.00000       0.00000       0.00000    
      189   189.000       5.02329       5.02329       5.02329      0.191156      0.675356E-02  0.467152E-02  -288.011      -91.8152      -85.8394       89.5325       0.00000      -336.109       11.5500      0.500000      0.508337       6.47427      -3.11697       0.00000       0.00000       0.00000       0.00000    
      190   190.000       4.67531       4.67531       4.67531      0.102956      0.363988E-02  0.319645E-02  -120.534      -42.1507      -38.8432       19.6644       0.00000      -334.430       11.5500      0.500000      0.514621       6.46908      -3.80630       0.00000       0.00000       0.00000       0.00000    
      191   191.000       4.50242       4.50242       4.50242      0.227593      0.804891E-02  0.314819E-02  -185.203      -55.4542      -63.6115       66.6859       0.00000      -333.599       11.5500      0.500000      0.569734       6.42357      -3.68224       0.00000       0.00000       0.00000       0.00000    
      192   192.000       4.29787       4.29787       4.29787      0.900597E-01  0.318624E-02  0.261904E-02  -195.470      -44.3036      -41.3983       89.4859       0.00000      -332.617       11.5500      0.500000      0.608215       6.39200      -3.75983       0.00000       0.00000       0.00000       0.00000    
      193   193.000       4.11577       4.11577       4.11577      0.186573      0.660312E-02  0.182885E-02  -108.971      -42.1232      -40.5517       10.1859       0.00000      -331.744       11.5500      0.500000      0.647143       6.36019      -3.78728       0.00000       0.00000       0.00000       0.00000    
      194   194.000       3.94657       3.94657       3.94657      0.106154      0.375818E-02   0.00000      -170.645      -38.9668      -36.0235       86.7863       0.00000      -330.935       11.5500      0.500000      0.684785       6.32958      -3.80009       0.00000       0.00000       0.00000       0.00000    
      195   195.000       3.80395       3.80395       3.80395      0.229535      0.812845E-02   0.00000      -13.1842       6.18215      -8.67263       8.15820       0.00000      -330.254       11.5500      0.500000      0.723678       6.29808      -3.76355       0.00000       0.00000       0.00000       0.00000    
      196   196.000       3.80170       3.80170       3.80170      0.259486      0.918914E-02   0.00000      -189.646      -57.4425      -68.5173       63.5128       0.00000      -330.244       11.5500      0.500000      0.786652       6.24732      -3.39492       0.00000       0.00000       0.00000       0.00000    
      197   197.000       3.58307       3.58307       3.58307      0.181641      0.643510E-02   0.00000      -258.377      -76.2816      -72.1862       91.3328       0.00000      -329.202       11.5500      0.500000      0.796578       6.23938      -3.64144       0.00000       0.00000       0.00000       0.00000    
      198   198.000       3.29201       3.29201       3.29201      0.904748E-01  0.320709E-02   0.00000      -184.454      -38.9967      -33.0184       95.6229       0.00000      -327.819       11.5500      0.500000      0.794486       6.24105      -4.05338       0.00000       0.00000       0.00000       0.00000    
      199   199.000       3.14098       3.14098       3.14098      0.745064E-01  0.264182E-02   0.00000      -149.282      -27.8347      -26.0728       84.1507       0.00000      -327.103       11.5500      0.500000      0.825065       6.21661      -4.07070       0.00000       0.00000       0.00000       0.00000    
      200   200.000       3.03173       3.03220       3.14098      0.121388      0.430501E-02   0.00000      -70.6174      -22.2503      -25.6616       13.3761       0.00000      -326.586       11.4520      0.500000      0.882063       6.17122      -3.75145       0.00000       0.00000       0.00000       0.00000    
      201   201.000       2.90163       2.93692       3.14098      0.202082      0.716861E-02   0.00000      -159.569      -55.4301      -54.8088       51.6901       0.00000      -325.971       8.14401      0.500000      0.934342       6.12987      -3.49323       0.00000       0.00000       0.00000       0.00000    
      202   202.000       2.74414       2.75099       3.08228      0.244117      0.866239E-02   0.00000      -360.188      -131.860      -98.9963       95.3271       0.00000      -325.228       11.1766      0.626461      0.970265       6.10164      -3.39818       0.00000       0.00000       0.00000       0.00000    
      203   203.000       2.25496       2.28527       3.08228      0.107086      0.380344E-02   0.00000      -228.563      -67.8703      -48.9214       83.5737       0.00000      -322.928       10.7038      0.500000       1.01623       6.06568      -3.20583       0.00000       0.00000       0.00000       0.00000    
      204   204.000       1.75562       2.03271       3.08228      0.163321      0.580633E-02   0.00000      -117.108      -45.9276      -41.2720       38.4552       0.00000      -320.592       6.72526      0.500000       1.05936       6.03214      -3.04074       0.00000       0.00000       0.00000       0.00000    
      205   205.000       1.65999       1.89803       3.04915      0.167902      0.597029E-02   0.00000      -200.977      -54.3030      -46.0477       92.5330       0.00000      -320.146       7.71728      0.516380       1.09251       6.00650      -2.95598       0.00000       0.00000       0.00000       0.00000    
      206   206.000       1.45165       1.71012       2.99370      0.947375E-01  0.337003E-02   0.00000      -74.5899      -27.8479      -21.4936       16.2237       0.00000      -319.176       7.96364      0.539805       1.11853       5.98645      -2.92178       0.00000       0.00000       0.00000       0.00000    
      207   207.000       1.14283       1.61136       2.99370      0.108308      0.385504E-02   0.00000      -44.7432      -12.8661      -11.4331       42.1316       0.00000      -317.743       6.05709      0.532278       1.15677       5.95710      -2.79747       0.00000       0.00000       0.00000       0.00000    
      208   208.000       1.10846       1.61168       2.99370      0.109327      0.389156E-02   0.00000      -83.8089      -33.5462      -24.9439       21.6311       0.00000      -317.584       5.70807      0.527730       1.19316       5.92930      -2.68672       0.00000       0.00000       0.00000       0.00000    
      209   209.000      0.936108       1.50571       2.99370      0.279387      0.994827E-02   0.00000      -114.469      -57.2038      -36.8091       8.85028       0.00000      -316.786       5.44304      0.523563       1.22801       5.90281      -2.58690       0.00000       0.00000       0.00000       0.00000    
      210   210.000       1.11172       1.32220       3.02925      0.243882      0.868109E-02   0.00000      -122.371      -60.7583      -38.8725       15.7285       0.00000      -317.599       9.23409      0.547426       1.27063       5.87056      -2.44186       0.00000       0.00000       0.00000       0.00000    
      211   211.000      0.883741       1.13661       3.02925      0.149705      0.533113E-02   0.00000      -215.103      -87.4338      -49.3068       66.0028       0.00000      -316.544       8.82750      0.500000       1.30230       5.84673      -2.36251       0.00000       0.00000       0.00000       0.00000    
      212   212.000      0.270715      0.875232       3.02925      0.139678      0.497991E-02   0.00000      -226.992      -75.6633      -44.4092       89.7566       0.00000      -313.721       6.48777      0.500000       1.33271       5.82395      -2.28994       0.00000       0.00000       0.00000       0.00000    
      213   213.000       0.00000      0.634853       3.02925      0.218076      0.777907E-02   0.00000       0.00000      -136.595      -70.4396       80.4216       0.00000      -312.481       5.55618      0.500000       1.36203       5.80208      -2.22311       0.00000       0.00000       0.00000       0.00000    
      214   214.000       0.00000      0.782021       3.01389      0.175525      0.640699E-02   0.00000       0.00000      -38.2315      -12.1741       0.00000       0.00000      -261.474       5.55618      0.500000       1.38606       5.78422      -2.18258      0.885550E-01   0.00000      -11.9023      -11.9023    
      215   215.000       0.00000      0.785909       3.02887      0.960726E-01  0.344964E-02   0.00000       0.00000      -59.5823      -29.0099       0.00000       0.00000      -297.154       5.55618      0.500000       1.41830       5.76035      -2.10307      0.108641       0.00000      -3.41281      -3.41281    
