341.62046	8.3731934	5.976951	5.2066376	0.53954749	2006-05-30 00:00:00
188.80437	10.819299	7.4631718	3.9915976	0.91918411	2006-05-31 00:00:00
328.74773	11.785028	8.121381	3.4572708	0.57343279	2006-06-01 00:00:00
303.86704	11.514307	8.2277153	2.2597758	0.64938822	2006-06-02 00:00:00
278.16136	12.583246	9.4420213	1.741512	0.7150333	2006-06-03 00:00:00
227.2774	13.078882	10.159384	1.392742	0.8350459	2006-06-04 00:00:00
281.39004	12.302179	10.546974	3.1728465	0.70456771	2006-06-05 00:00:00
353.48346	12.246149	9.4059787	3.7977795	0.48893814	2006-06-06 00:00:00
248.27538	11.924677	9.2544083	4.2224322	0.79226257	2006-06-07 00:00:00
116.61061	12.866968	11.563243	2.9351026	1	2006-06-08 00:00:00
293.54122	15.506616	13.127597	0.87904161	0.66478733	2006-06-09 00:00:00
296.531	19.384424	12.917013	0.70637758	0.65807456	2006-06-10 00:00:00
138.78804	20.491174	13.338888	0.70193512	1	2006-06-11 00:00:00
324.26703	18.852991	12.418651	1.9713724	0.5786026	2006-06-12 00:00:00
300.35895	19.398248	13.274275	3.4830194	0.64752381	2006-06-13 00:00:00
320.91768	21.978204	18.444518	4.5084819	0.55754917	2006-06-14 00:00:00
278.01245	23.399438	16.219422	4.9415303	0.69833209	2006-06-15 00:00:00
342.4941	17.107538	13.866267	3.8816674	0.51008125	2006-06-16 00:00:00
246.6561	19.843469	12.736554	3.2839844	0.78965229	2006-06-17 00:00:00
254.88566	17.158044	14.723927	3.5726326	0.7637848	2006-06-18 00:00:00
325.71534	15.424341	10.365672	2.6631546	0.58784892	2006-06-19 00:00:00
354.10436	16.133722	9.1670386	1.8066699	0.49978072	2006-06-20 00:00:00
350.21435	18.26864	10.258788	1.7706108	0.50641737	2006-06-21 00:00:00
276.36966	17.380304	10.454828	4.5366693	0.72494402	2006-06-22 00:00:00
18.57542	14.284906	15.214446	4.393266	1	2006-06-23 00:00:00
337.87453	15.40484	14.026754	3.6065901	0.52529502	2006-06-24 00:00:00
347.02063	15.512964	11.655441	3.684499	0.50706918	2006-06-25 00:00:00
339.15872	18.718317	11.160653	3.5557974	0.53730407	2006-06-26 00:00:00
283.31761	20.828943	14.478352	2.593425	0.68957571	2006-06-27 00:00:00
276.98479	21.859979	20.457328	4.3663408	0.68249212	2006-06-28 00:00:00
238.81521	21.501154	18.431783	3.7009348	0.78895756	2006-06-29 00:00:00
261.40355	19.478998	15.399542	2.5013814	0.74196437	2006-06-30 00:00:00
113.83316	20.726892	20.651819	2.0215424	1	2006-07-01 00:00:00
339.59717	18.733514	15.888005	3.0700214	0.49891936	2006-07-02 00:00:00
339.81906	19.239191	14.118132	2.1290414	0.50825103	2006-07-03 00:00:00
335.21614	20.924341	14.173248	2.6533959	0.5230809	2006-07-04 00:00:00
290.32521	22.744806	16.75498	2.7566338	0.65315575	2006-07-05 00:00:00
204.59173	23.97912	19.881387	1.4467008	0.86078282	2006-07-06 00:00:00
116.95649	22.400171	22.942926	1.4858581	1	2006-07-07 00:00:00
184.85467	22.058008	24.011514	1.8339008	0.89438789	2006-07-08 00:00:00
225.69722	22.647119	23.649265	1.85811	0.79798498	2006-07-09 00:00:00
258.26446	23.847955	22.842728	2.7296732	0.7134056	2006-07-10 00:00:00
332.9071	22.680444	16.159277	4.2162227	0.50384554	2006-07-11 00:00:00
324.83036	21.82168	14.242657	3.9090071	0.54297747	2006-07-12 00:00:00
229.40428	22.100854	16.344676	1.9420106	0.80531233	2006-07-13 00:00:00
269.35124	23.594568	18.248209	2.212416	0.69333806	2006-07-14 00:00:00
303.51547	23.367426	20.107659	2.356074	0.57626874	2006-07-15 00:00:00
313.03587	24.794	19.548489	1.1809233	0.54282667	2006-07-16 00:00:00
285.19749	26.327509	19.182964	2.206496	0.63592002	2006-07-17 00:00:00
296.94283	25.555383	20.170974	3.9208098	0.59021352	2006-07-18 00:00:00
272.60565	20.941919	16.734701	3.7084876	0.67979891	2006-07-19 00:00:00
273.1407	18.900842	13.665109	2.6630682	0.6884621	2006-07-20 00:00:00
27.598534	17.642908	16.808176	4.1676654	1	2006-07-21 00:00:00
268.06155	20.826746	21.307709	3.6339201	0.6667346	2006-07-22 00:00:00
222.06534	20.405298	19.780107	3.2263313	0.79773747	2006-07-23 00:00:00
316.08074	17.213403	15.390655	3.6057266	0.52835342	2006-07-24 00:00:00
313.28177	18.674585	14.534186	3.1085586	0.53988059	2006-07-25 00:00:00
304.3254	21.606622	15.912597	4.4729107	0.56050549	2006-07-26 00:00:00
257.36913	22.571863	20.256792	3.6625232	0.68962604	2006-07-27 00:00:00
303.81518	22.302789	20.432394	2.4599932	0.52724888	2006-07-28 00:00:00
304.79326	24.406549	20.309958	2.247011	0.51953309	2006-07-29 00:00:00
221.64669	25.129419	21.121386	3.1865104	0.78002228	2006-07-30 00:00:00
295.46877	21.779047	16.940178	3.3042028	0.56613116	2006-07-31 00:00:00
305.27226	19.215143	14.053383	3.0220886	0.53309425	2006-08-01 00:00:00
125.90515	17.479028	16.044923	3.6429956	1	2006-08-02 00:00:00
134.28882	19.332574	21.08712	2.3571291	0.98055857	2006-08-03 00:00:00
298.61781	19.418604	18.923844	3.6184548	0.51430279	2006-08-04 00:00:00
298.12622	19.313776	17.248849	2.4894513	0.52177425	2006-08-05 00:00:00
278.5941	22.047021	18.117796	2.9083	0.58699248	2006-08-06 00:00:00
199.80682	22.804376	17.567631	1.9237142	0.82509152	2006-08-07 00:00:00
182.76842	21.816187	20.086878	4.30377	0.86012252	2006-08-08 00:00:00
269.41859	17.819635	14.3185	4.4464731	0.62510073	2006-08-09 00:00:00
273.45662	15.593317	12.118351	4.0471576	0.6175377	2006-08-10 00:00:00
300.38574	17.224847	12.726773	2.5701716	0.50685513	2006-08-11 00:00:00
284.39022	20.565729	13.860045	2.9774156	0.55817869	2006-08-12 00:00:00
276.50891	22.302515	17.318107	3.5865783	0.56321132	2006-08-13 00:00:00
237.84198	23.488947	18.864451	4.7509288	0.68823425	2006-08-14 00:00:00
242.16043	22.161646	21.04574	3.3844875	0.6601277	2006-08-15 00:00:00
254.63674	21.467279	21.486943	3.3296002	0.60798419	2006-08-16 00:00:00
216.15804	20.748956	21.496428	2.1807567	0.73513372	2006-08-17 00:00:00
308.9243	15.057275	13.150929	4.2796316	0.40660871	2006-08-18 00:00:00
308.31642	14.63009	11.19837	2.5374476	0.41688074	2006-08-19 00:00:00
306.39012	15.822382	11.574266	1.8554474	0.4136985	2006-08-20 00:00:00
309.37453	15.984583	11.699502	2.3031308	0.38487134	2006-08-21 00:00:00
298.04824	18.285516	12.727577	1.7002964	0.42768079	2006-08-22 00:00:00
275.03565	21.762262	14.715766	2.2902362	0.51562526	2006-08-23 00:00:00
122.39289	20.763422	15.117303	2.855057	0.9834078	2006-08-24 00:00:00
278.44027	18.131342	15.055098	3.1961793	0.47962919	2006-08-25 00:00:00
193.72525	19.997003	17.748214	3.6788091	0.78006436	2006-08-26 00:00:00
220.00673	20.284326	19.725113	2.088673	0.68083401	2006-08-27 00:00:00
196.07633	18.019586	17.957196	4.0146582	0.76314408	2006-08-28 00:00:00
296.69432	13.396173	10.282044	2.8401739	0.37352609	2006-08-29 00:00:00
279.81129	16.791589	13.408432	3.2853735	0.43189895	2006-08-30 00:00:00
285.23224	16.988245	13.009426	2.2640794	0.39065055	2006-08-31 00:00:00
86.560656	15.16662	13.848495	4.0460451	1	2006-09-01 00:00:00
295.94401	11.424066	9.9686312	4.780685	0.3182671	2006-09-02 00:00:00
195.9215	9.7674194	7.5126189	2.7034766	0.7694509	2006-09-03 00:00:00
30.620633	10.048578	10.910106	3.6319592	1	2006-09-04 00:00:00
214.53275	14.480981	15.107202	1.2290203	0.66350648	2006-09-05 00:00:00
228.44145	15.676691	14.059964	2.01637	0.60457617	2006-09-06 00:00:00
270.4416	14.466486	11.274562	2.9259447	0.39821175	2006-09-07 00:00:00
131.37415	15.139764	11.523765	2.7477064	0.92800665	2006-09-08 00:00:00
107.84137	16.587427	16.705354	2.9205742	0.98067011	2006-09-09 00:00:00
226.53848	17.445062	16.924298	2.437489	0.56099494	2006-09-10 00:00:00
236.09697	12.920648	9.9085327	7.2977486	0.54754742	2006-09-11 00:00:00
264.79635	8.7156311	7.5068315	3.8262578	0.39384724	2006-09-12 00:00:00
264.8368	8.4751526	6.5556178	2.4722352	0.36453201	2006-09-13 00:00:00
18.294155	10.527032	10.428509	4.7077446	1	2006-09-14 00:00:00
62.98727	16.04809	16.797665	3.4164795	1	2006-09-15 00:00:00
232.97366	9.4850708	9.7000415	5.2726965	0.49616959	2006-09-16 00:00:00
108.17415	7.0043884	8.4604594	2.603876	0.96800678	2006-09-17 00:00:00
142.41378	12.920038	12.781514	6.1831269	0.84849834	2006-09-18 00:00:00
232.557	9.6224915	9.564274	4.46657	0.46131871	2006-09-19 00:00:00
96.539577	13.105676	13.113503	3.6344469	0.98580789	2006-09-20 00:00:00
209.9574	15.29278	13.932215	3.4879658	0.53696154	2006-09-21 00:00:00
95.548241	13.737054	14.090349	2.6471494	0.98149538	2006-09-22 00:00:00
227.91063	12.280145	10.886292	3.7787404	0.42070589	2006-09-23 00:00:00
190.2153	12.336481	10.790311	1.6195494	0.62536345	2006-09-24 00:00:00
87.8044	12.996362	13.40006	2.8362621	0.99773143	2006-09-25 00:00:00
11.900976	12.812341	14.415446	5.1891388	1	2006-09-26 00:00:00
69.571333	17.510553	19.208416	6.7755546	1	2006-09-27 00:00:00
181.26183	13.377008	12.699719	4.1688498	0.6206626	2006-09-28 00:00:00
186.29169	10.110925	10.418558	2.7249168	0.59610571	2006-09-29 00:00:00
221.58333	5.5950867	7.3212203	3.7117232	0.37462669	2006-09-30 00:00:00
213.5571	2.6334167	5.4852881	1.987018	0.43622399	2006-10-01 00:00:00
147.11422	6.6228577	7.2546548	2.6686209	0.76774689	2006-10-02 00:00:00
170.52946	9.0905396	8.9513743	2.7701319	0.64405822	2006-10-03 00:00:00
79.074551	10.753046	10.945396	3.1591044	1	2006-10-04 00:00:00
73.283144	13.394739	13.859146	5.1198892	1	2006-10-05 00:00:00
54.382341	14.442712	14.804484	6.0739661	1	2006-10-06 00:00:00
16.761028	13.747461	14.883134	5.0184009	1	2006-10-07 00:00:00
15.646845	13.789789	15.484128	2.2474827	1	2006-10-08 00:00:00
37.852682	15.348688	16.78241	4.1483385	1	2006-10-09 00:00:00
111.15411	10.493219	10.800012	4.160889	0.85654022	2006-10-10 00:00:00
108.63374	9.7473694	10.332476	3.4242804	0.86268134	2006-10-11 00:00:00
164.75964	10.849878	11.134008	3.5375	0.55956197	2006-10-12 00:00:00
143.24917	8.8656555	9.6155248	3.4414437	0.68479016	2006-10-13 00:00:00
152.55314	6.6735474	8.2290597	3.1977804	0.62782757	2006-10-14 00:00:00
183.66294	6.798761	7.3046787	3.9557314	0.38815562	2006-10-15 00:00:00
33.641357	7.3491455	8.2575637	3.3625718	1	2006-10-16 00:00:00
53.619507	11.301843	11.933484	3.9331708	1	2006-10-17 00:00:00
89.542838	12.103662	12.789995	3.7042461	0.90119733	2006-10-18 00:00:00
115.20636	13.451501	14.601361	3.191543	0.76318935	2006-10-19 00:00:00
86.53271	9.2799622	9.7887519	6.7137165	0.91172478	2006-10-20 00:00:00
150.47663	6.3607117	7.5712641	3.8376138	0.55605041	2006-10-21 00:00:00
141.94414	5.4426514	7.4418399	2.5924852	0.60414149	2006-10-22 00:00:00
88.823758	1.769342	5.1256532	4.8280299	0.88969217	2006-10-23 00:00:00
92.645417	5.6489197	7.5821801	4.5054663	0.85927204	2006-10-24 00:00:00
151.92261	7.8205811	8.1303002	3.0986262	0.4542033	2006-10-25 00:00:00
76.683105	7.6934143	8.2016976	3.5476072	0.92608491	2006-10-26 00:00:00
81.992793	8.7261902	8.6586783	2.0341476	0.8942388	2006-10-27 00:00:00
142.71894	7.4887939	6.7034065	3.7821478	0.50201173	2006-10-28 00:00:00
133.75255	4.1512695	5.7580219	2.4183965	0.57024211	2006-10-29 00:00:00
105.04212	3.9585815	6.3632085	3.9555027	0.75526807	2006-10-30 00:00:00
18.612426	7.6121765	9.5633997	4.9839482	1	2006-10-31 00:00:00
33.124739	13.53042	13.988073	5.786259	1	2006-11-01 00:00:00
137.2743	0.83590088	4.0765444	3.0508396	0.49521207	2006-11-02 00:00:00
146.25952	0.67531738	4.386028	1.9663482	0.3756307	2006-11-03 00:00:00
138.15956	3.3707214	5.7548646	4.4666988	0.43695983	2006-11-04 00:00:00
124.49912	3.7542969	5.797813	2.7780546	0.5560127	2006-11-05 00:00:00
23.951818	9.6613403	10.53599	4.0581218	1	2006-11-06 00:00:00
66.204878	12.358331	13.242749	3.2165007	0.91551647	2006-11-07 00:00:00
130.12062	4.3374573	6.0869346	4.8279065	0.45210912	2006-11-08 00:00:00
64.654558	0.9911438	4.7940698	3.3465554	0.93443112	2006-11-09 00:00:00
95.694008	-0.25693359	4.6654734	5.3636334	0.73686488	2006-11-10 00:00:00
111.36281	-3.3809875	2.2487692	2.0696594	0.62037741	2006-11-11 00:00:00
60.861605	0.057336426	4.6202291	1.7460734	0.94365296	2006-11-12 00:00:00
45.038438	1.3846069	6.2999645	2.9776509	1	2006-11-13 00:00:00
28.631534	-2.215918	5.192102	8.8630407	1	2006-11-14 00:00:00
46.506673	-5.5810913	3.8988092	9.5102234	1	2006-11-15 00:00:00
127.19426	-7.3077759	2.5656622	5.1848567	0.37601116	2006-11-16 00:00:00
126.54615	-7.613623	2.6204362	1.7219156	0.36441339	2006-11-17 00:00:00
58.908562	-5.0291809	3.6604368	2.3363121	0.93400683	2006-11-18 00:00:00
14.794015	2.740564	6.7813743	7.130396	1	2006-11-19 00:00:00
19.688292	3.4832092	6.8869262	5.8410666	1	2006-11-20 00:00:00
56.496718	1.6366821	5.895518	2.9910255	0.93267592	2006-11-21 00:00:00
80.818806	2.557489	6.4262661	2.2446012	0.75448424	2006-11-22 00:00:00
34.651402	7.2650085	8.5056327	4.2654136	1	2006-11-23 00:00:00
45.411763	11.254816	11.464884	4.5756998	0.98273963	2006-11-24 00:00:00
23.244382	11.398615	11.852362	5.893109	1	2006-11-25 00:00:00
66.900116	12.005853	12.765611	4.9806998	0.82002608	2006-11-26 00:00:00
109.13895	0.42702637	5.0568322	4.3279499	0.42401213	2006-11-27 00:00:00
87.416414	-2.156073	4.0603305	1.7187504	0.66945041	2006-11-28 00:00:00
23.526748	1.0732056	5.4440234	3.0155439	1	2006-11-29 00:00:00
44.785522	3.0587097	5.9187323	5.3115234	0.98180112	2006-11-30 00:00:00
72.567681	1.0377441	5.1791285	3.1883666	0.77778034	2006-12-01 00:00:00
24.632308	5.4283691	7.9108832	4.228323	1	2006-12-02 00:00:00
47.82066	6.0667664	7.0928816	7.5396172	0.9522716	2006-12-03 00:00:00
61.117286	-3.6744141	3.7411622	7.8286786	0.86220693	2006-12-04 00:00:00
66.05622	-7.1052307	1.6222056	4.6770362	0.82873049	2006-12-05 00:00:00
101.4897	-8.8181824	1.2316136	3.6425374	0.47572699	2006-12-06 00:00:00
51.404195	-8.3236145	1.4589379	7.3792227	0.93219333	2006-12-07 00:00:00
104.65014	-8.3902344	1.549015	7.0671708	0.40931825	2006-12-08 00:00:00
89.193709	-9.7043518	1.3324834	3.4490637	0.6053573	2006-12-09 00:00:00
16.72123	-9.4363464	2.4738951	7.4296976	1	2006-12-10 00:00:00
35.357747	-11.054663	2.6276514	5.1468544	1	2006-12-11 00:00:00
88.388515	-10.649329	2.6221719	3.470291	0.59293843	2006-12-12 00:00:00
69.44773	-10.875494	2.2571264	4.1802218	0.77808118	2006-12-13 00:00:00
94.096829	-11.833136	2.1051754	2.5549903	0.52166172	2006-12-14 00:00:00
50.266006	-10.070258	2.7506836	4.0625463	0.92584889	2006-12-15 00:00:00
19.224831	-7.1602539	3.5701641	6.8032179	1	2006-12-16 00:00:00
54.4749	-7.633551	3.4415234	7.5444874	0.89104428	2006-12-17 00:00:00
72.712717	-8.4957642	2.8767087	3.025732	0.73994136	2006-12-18 00:00:00
85.817464	-10.58042	2.6096526	3.6191007	0.60852982	2006-12-19 00:00:00
63.542775	-13.500037	1.7888549	4.363991	0.82371319	2006-12-20 00:00:00
103.77249	-16.773657	1.4412602	5.0478384	0.37152669	2006-12-21 00:00:00
107.45153	-17.98606	1.2270735	3.5678368	0.30282776	2006-12-22 00:00:00
100.90127	-14.332861	1.8017884	3.2467776	0.41842602	2006-12-23 00:00:00
85.309418	-8.1810974	2.7495329	2.0357775	0.61592157	2006-12-24 00:00:00
28.018443	-3.4079041	4.514629	2.0457748	1	2006-12-25 00:00:00
55.028156	-5.6442627	3.7972224	7.3975954	0.88790988	2006-12-26 00:00:00
86.372978	-15.069067	1.6057949	8.8215866	0.61854185	2006-12-27 00:00:00
80.74288	-17.085425	1.375882	7.2064204	0.68058076	2006-12-28 00:00:00
92.409458	-15.02915	1.5654042	4.542199	0.55700812	2006-12-29 00:00:00
71.248222	-12.124121	1.9697512	1.7759962	0.76958301	2006-12-30 00:00:00
60.129076	-8.3118042	2.9343086	4.0879587	0.85892773	2006-12-31 00:00:00
