"",33.000
0.0000,0.0000E+000
1.0000,4.8543E+001
2.0000,5.0326E+001
3.0000,5.2620E+001
4.0000,5.4857E+001
5.0000,5.5079E+001
6.0000,2.7427E+001
7.0000,1.7922E+001
8.0000,4.8929E+001
9.0000,3.8464E+001
10.0000,5.8500E+001
11.0000,3.4336E+001
12.0000,3.8209E+001
13.0000,3.0842E+001
14.0000,6.1275E+001
15.0000,3.6110E+001
16.0000,1.6029E+001
17.0000,4.0610E+001
18.0000,3.7250E+001
19.0000,8.3663E+000
20.0000,2.3074E+001
21.0000,5.8906E+001
22.0000,4.8309E+001
23.0000,4.3802E+001
24.0000,4.3997E+001
25.0000,5.0643E+001
26.0000,7.0340E+001
27.0000,7.1390E+001
28.0000,7.0618E+001
29.0000,5.3827E+001
30.0000,7.5918E+001
31.0000,6.7495E+001
32.0000,8.1666E+001
33.0000,3.7171E+001
34.0000,3.2508E+001
35.0000,5.9414E+001
36.0000,8.7248E+001
37.0000,8.2205E+001
38.0000,6.9389E+001
39.0000,7.9947E+001
40.0000,8.9143E+001
41.0000,2.7812E+001
42.0000,1.4110E+001
43.0000,1.6191E+001
44.0000,1.8354E+001
45.0000,8.7668E+001
46.0000,1.5760E+001
47.0000,2.0346E+001
48.0000,3.2317E+001
49.0000,1.2547E+001
50.0000,3.7274E+001
51.0000,8.9518E+001
52.0000,9.3814E+001
53.0000,1.0967E+002
54.0000,1.4167E+001
55.0000,2.3123E+001
56.0000,1.0741E+002
57.0000,9.0751E+001
58.0000,8.0119E+001
59.0000,9.1209E+001
60.0000,7.3403E+001
61.0000,7.9510E+001
62.0000,8.1587E+001
63.0000,4.3303E+001
64.0000,7.5960E+001
65.0000,9.7230E+001
66.0000,8.7286E+001
67.0000,1.0929E+002
68.0000,1.3023E+002
69.0000,8.4479E+001
70.0000,3.7523E+001
71.0000,1.2577E+002
72.0000,7.5637E+001
73.0000,1.1984E+002
74.0000,7.4608E+001
75.0000,4.7482E+001
76.0000,1.2210E+002
77.0000,1.0409E+002
78.0000,1.7394E+001
79.0000,7.3558E+001
80.0000,9.0320E+001
81.0000,3.1624E+001
82.0000,1.3813E+002
83.0000,1.3905E+001
84.0000,9.3062E+001
85.0000,1.1157E+002
86.0000,4.5345E+001
87.0000,1.0137E+002
88.0000,1.3111E+002
89.0000,9.7762E+001
90.0000,5.5914E+001
91.0000,1.7088E+002
92.0000,7.3247E+001
93.0000,1.0500E+002
94.0000,1.3907E+002
95.0000,1.2529E+002
96.0000,3.1933E+001
97.0000,1.1773E+002
98.0000,9.0853E+001
99.0000,1.4484E+002
100.0000,1.4095E+002
101.0000,1.3642E+002
102.0000,1.3019E+002
103.0000,1.7609E+002
104.0000,1.8714E+002
105.0000,1.6655E+002
106.0000,2.8665E+001
107.0000,1.4186E+002
108.0000,8.3723E+001
109.0000,1.2160E+002
110.0000,8.3618E+001
111.0000,1.4092E+002
112.0000,1.7923E+002
113.0000,1.7133E+002
114.0000,1.8467E+002
115.0000,1.7288E+002
116.0000,1.8528E+002
117.0000,1.4551E+002
118.0000,1.0300E+002
119.0000,1.9260E+002
120.0000,1.4357E+002
121.0000,3.2797E+001
122.0000,1.4662E+002
123.0000,1.6422E+002
124.0000,3.4340E+001
125.0000,2.0468E+002
126.0000,2.0575E+002
127.0000,2.0846E+002
128.0000,2.0343E+002
129.0000,2.0005E+002
130.0000,2.0148E+002
131.0000,6.3223E+001
132.0000,1.8099E+002
133.0000,9.9269E+001
134.0000,9.3102E+001
135.0000,1.8674E+002
136.0000,1.6446E+002
137.0000,1.2161E+001
138.0000,1.3395E+002
139.0000,1.1710E+002
140.0000,2.5247E+001
141.0000,5.8396E+001
142.0000,1.8893E+002
143.0000,1.5284E+002
144.0000,3.1725E+001
145.0000,8.6229E+001
146.0000,8.8587E+000
147.0000,1.5519E+002
148.0000,1.5881E+002
149.0000,1.4101E+002
150.0000,2.7325E+001
151.0000,1.0380E+002
152.0000,1.6501E+002
153.0000,1.2986E+002
154.0000,1.9391E+002
155.0000,1.8761E+002
156.0000,1.8842E+002
157.0000,1.0489E+002
158.0000,4.7861E+001
159.0000,1.6423E+002
160.0000,1.7882E+002
161.0000,9.6173E+001
162.0000,1.4002E+001
163.0000,2.0832E+002
164.0000,1.6942E+002
165.0000,2.0146E+002
166.0000,2.0825E+002
167.0000,1.6304E+002
168.0000,1.8666E+001
169.0000,5.5396E+001
170.0000,8.9906E+001
171.0000,1.6143E+002
172.0000,1.7574E+002
173.0000,9.9306E+001
174.0000,1.7838E+002
175.0000,2.0303E+002
176.0000,1.9465E+002
177.0000,1.6246E+002
178.0000,5.8918E+001
179.0000,7.1671E+001
180.0000,1.7883E+002
181.0000,2.0458E+002
182.0000,1.9137E+002
183.0000,1.7336E+002
184.0000,1.7823E+002
185.0000,1.7640E+002
186.0000,1.7639E+002
187.0000,1.9002E+002
188.0000,1.9707E+002
189.0000,1.9696E+002
190.0000,1.9970E+002
191.0000,1.9632E+002
192.0000,1.5121E+002
193.0000,1.8148E+002
194.0000,1.9081E+002
195.0000,1.8044E+002
196.0000,1.9528E+002
197.0000,1.8680E+002
198.0000,1.7622E+002
199.0000,1.8642E+002
200.0000,1.8485E+002
201.0000,1.7370E+002
202.0000,1.1555E+002
203.0000,1.4220E+002
204.0000,1.8918E+002
205.0000,7.4404E+001
206.0000,1.3669E+002
207.0000,1.0447E+002
208.0000,1.8139E+002
209.0000,1.8044E+002
210.0000,8.0163E+001
211.0000,6.1277E+001
212.0000,1.0322E+002
213.0000,1.6934E+002
214.0000,1.7582E+002
215.0000,1.6873E+002
216.0000,1.4389E+002
217.0000,8.6786E+001
218.0000,1.6854E+002
219.0000,1.7453E+002
220.0000,9.3504E+001
221.0000,1.6501E+002
222.0000,1.2402E+002
223.0000,1.2744E+002
224.0000,1.7672E+002
225.0000,1.7713E+002
226.0000,1.6600E+002
227.0000,4.8381E+001
228.0000,1.6595E+002
229.0000,1.6953E+002
230.0000,1.6177E+002
231.0000,1.7493E+002
232.0000,6.6052E+001
233.0000,1.6306E+002
234.0000,1.6807E+002
235.0000,2.5515E+001
236.0000,3.8975E+001
237.0000,5.7455E+001
238.0000,1.7183E+002
239.0000,1.3492E+002
240.0000,1.3926E+002
241.0000,7.9820E+001
242.0000,1.6354E+002
243.0000,1.5340E+001
244.0000,1.2666E+002
245.0000,1.6644E+002
246.0000,1.6184E+002
247.0000,4.3089E+001
248.0000,4.5302E+001
249.0000,7.9945E+001
250.0000,1.0705E+002
251.0000,7.7077E+001
252.0000,5.1985E+001
253.0000,1.6205E+001
254.0000,2.4616E+001
255.0000,2.2104E+001
256.0000,1.2923E+002
257.0000,1.4131E+002
258.0000,1.4001E+002
259.0000,6.9224E+001
260.0000,1.7022E+001
261.0000,1.2873E+002
262.0000,1.3712E+002
263.0000,2.7595E+001
264.0000,1.1983E+002
265.0000,7.2942E+001
266.0000,5.9391E+001
267.0000,6.1984E+001
268.0000,1.0960E+002
269.0000,1.1124E+002
270.0000,1.2806E+001
271.0000,1.2684E+002
272.0000,9.2479E+001
273.0000,3.6932E+001
274.0000,1.2104E+002
275.0000,1.1677E+002
276.0000,3.6251E+001
277.0000,9.3927E+000
278.0000,1.1917E+002
279.0000,1.1615E+002
280.0000,1.1316E+002
281.0000,5.2629E+001
282.0000,1.0204E+002
283.0000,7.3134E+001
284.0000,3.8723E+001
285.0000,1.0849E+002
286.0000,8.7037E+001
287.0000,8.7940E+001
288.0000,4.9271E+001
289.0000,9.2462E+001
290.0000,1.0394E+002
291.0000,1.0167E+002
292.0000,9.8894E+001
293.0000,9.7143E+001
294.0000,8.2272E+001
295.0000,7.6486E+001
296.0000,8.0259E+000
297.0000,1.8742E+001
298.0000,6.8168E+001
299.0000,8.5654E+001
300.0000,8.0830E+001
301.0000,4.0235E+001
302.0000,8.2281E+001
303.0000,8.2101E+001
304.0000,6.4862E+001
305.0000,2.5748E+001
306.0000,2.9146E+001
307.0000,3.9291E+001
308.0000,5.0469E+001
309.0000,1.6594E+001
310.0000,7.2295E+001
311.0000,7.0632E+001
312.0000,1.9538E+001
313.0000,2.7420E+001
314.0000,7.0105E+001
315.0000,3.0006E+001
316.0000,2.1188E+001
317.0000,1.7976E+001
318.0000,5.3492E+001
319.0000,2.5754E+001
320.0000,4.0710E+001
321.0000,5.7738E+001
322.0000,5.5582E+001
323.0000,7.2189E+000
324.0000,5.4670E+001
325.0000,2.1986E+001
326.0000,5.2842E+001
327.0000,5.6795E+001
328.0000,5.9448E+001
329.0000,5.9493E+001
330.0000,2.3358E+001
331.0000,1.5347E+001
332.0000,4.1981E+001
333.0000,2.9685E+001
334.0000,2.5856E+001
335.0000,4.6392E+001
336.0000,4.8766E+001
337.0000,5.4411E+001
338.0000,4.9785E+001
339.0000,1.0921E+001
340.0000,3.6993E+001
341.0000,4.9581E+001
342.0000,5.6369E+000
343.0000,4.7971E+001
344.0000,4.5040E+000
345.0000,3.5022E+001
346.0000,5.0303E+001
347.0000,5.2602E+001
348.0000,4.6236E+001
349.0000,7.3405E+000
350.0000,2.8390E+001
351.0000,5.2400E+001
352.0000,4.5978E+001
353.0000,2.1174E+001
354.0000,5.0991E+001
355.0000,8.9476E+000
356.0000,2.3255E+001
357.0000,1.1950E+001
358.0000,4.8932E+000
359.0000,8.7032E+000
360.0000,3.6552E+001
361.0000,4.9748E+001
362.0000,4.4611E+001
363.0000,4.4886E+001
364.0000,4.4495E+001
365.0000,8.4429E+000
366.0000,1.8452E+001
367.0000,3.5576E+001
368.0000,5.1413E+001
369.0000,4.9506E+001
370.0000,2.9102E+001
371.0000,1.5197E+001
372.0000,6.4248E+000
373.0000,2.4040E+001
374.0000,4.8009E+001
375.0000,2.3796E+001
376.0000,3.0148E+001
377.0000,3.0334E+001
378.0000,5.3431E+001
379.0000,1.1113E+001
380.0000,3.2365E+001
381.0000,5.3205E+001
382.0000,1.3523E+001
383.0000,1.8861E+001
384.0000,6.8777E+001
385.0000,2.9829E+001
386.0000,3.2516E+001
387.0000,5.9403E+001
388.0000,5.1928E+001
389.0000,7.1948E+001
390.0000,6.6726E+001
391.0000,2.5043E+001
392.0000,2.7484E+001
393.0000,2.0655E+001
394.0000,3.8109E+001
395.0000,6.4919E+001
396.0000,6.4088E+001
397.0000,8.2311E+001
398.0000,8.3588E+001
399.0000,8.4105E+001
400.0000,7.1911E+001
401.0000,4.2665E+001
402.0000,4.8203E+001
403.0000,7.6299E+001
404.0000,3.5765E+001
405.0000,7.7721E+001
406.0000,9.6814E+001
407.0000,9.6043E+001
408.0000,9.8051E+001
409.0000,9.6467E+001
410.0000,8.0738E+001
411.0000,6.6829E+001
412.0000,3.1798E+001
413.0000,9.8448E+001
414.0000,9.1696E+001
415.0000,2.6685E+001
416.0000,1.5040E+001
417.0000,9.2195E+001
418.0000,7.0818E+001
419.0000,1.0317E+002
420.0000,1.1645E+002
421.0000,1.1758E+002
422.0000,1.1853E+002
423.0000,1.1906E+002
424.0000,1.1094E+002
425.0000,7.9268E+001
426.0000,1.0987E+002
427.0000,2.3689E+001
428.0000,4.2954E+001
429.0000,1.0472E+002
430.0000,4.5825E+001
431.0000,2.7447E+001
432.0000,2.9852E+001
433.0000,4.9451E+001
434.0000,7.3043E+001
435.0000,1.1987E+002
436.0000,8.4893E+001
437.0000,6.7626E+001
438.0000,3.3607E+001
439.0000,3.9516E+001
440.0000,2.0727E+001
441.0000,5.6952E+001
442.0000,8.3642E+001
443.0000,1.5096E+002
444.0000,1.5076E+002
445.0000,9.4503E+001
446.0000,7.9080E+001
447.0000,8.3059E+001
448.0000,8.0632E+001
449.0000,1.3818E+002
450.0000,1.5514E+002
451.0000,1.3052E+002
452.0000,5.8619E+001
453.0000,2.5397E+001
454.0000,6.0560E+001
455.0000,1.5243E+002
456.0000,8.8983E+001
457.0000,2.2115E+001
458.0000,2.0484E+001
459.0000,1.5846E+001
460.0000,1.6464E+001
461.0000,6.6608E+001
462.0000,4.6639E+001
463.0000,4.5943E+001
464.0000,6.5844E+001
465.0000,8.1994E+001
466.0000,9.7934E+001
467.0000,1.5206E+002
468.0000,1.2060E+002
469.0000,9.0825E+001
470.0000,1.9720E+001
471.0000,1.3550E+002
472.0000,1.7289E+002
473.0000,1.7605E+002
474.0000,1.8974E+002
475.0000,1.9718E+002
476.0000,1.9453E+002
477.0000,1.2939E+002
478.0000,1.8444E+002
479.0000,1.7813E+002
480.0000,9.2773E+001
481.0000,1.8990E+002
482.0000,2.0660E+002
483.0000,2.0446E+002
484.0000,5.2932E+001
485.0000,1.7061E+001
486.0000,6.6592E+001
487.0000,1.0288E+002
488.0000,8.0153E+001
489.0000,3.0502E+001
490.0000,9.2545E+001
491.0000,6.8605E+001
492.0000,6.9774E+001
493.0000,1.3243E+002
494.0000,1.6564E+002
495.0000,2.0251E+001
496.0000,9.9802E+001
497.0000,1.7535E+002
498.0000,6.9364E+001
499.0000,2.0114E+002
500.0000,2.1288E+002
501.0000,1.8733E+002
502.0000,1.2111E+002
503.0000,1.3877E+002
504.0000,1.7860E+002
505.0000,1.5477E+002
506.0000,1.3455E+002
507.0000,1.5069E+001
508.0000,2.0433E+002
509.0000,1.3434E+002
510.0000,8.6084E+001
511.0000,7.3168E+001
512.0000,1.3671E+002
513.0000,1.8007E+002
514.0000,1.9543E+002
515.0000,1.3721E+002
516.0000,6.6213E+001
517.0000,1.2789E+002
518.0000,3.5366E+001
519.0000,1.4147E+002
520.0000,1.9878E+002
521.0000,2.0279E+002
522.0000,1.9710E+002
523.0000,1.7490E+002
524.0000,4.7176E+001
525.0000,1.4951E+002
526.0000,1.9006E+002
527.0000,1.1368E+002
528.0000,1.6935E+002
529.0000,2.0162E+002
530.0000,1.9232E+002
531.0000,1.9195E+002
532.0000,1.8373E+002
533.0000,2.0680E+002
534.0000,1.5989E+002
535.0000,6.9448E+001
536.0000,9.6526E+001
537.0000,1.9459E+002
538.0000,2.0356E+002
539.0000,2.0276E+002
540.0000,1.2335E+002
541.0000,1.8662E+002
542.0000,1.8756E+002
543.0000,1.2734E+002
544.0000,5.8287E+001
545.0000,7.5400E+001
546.0000,5.0748E+001
547.0000,2.0266E+002
548.0000,1.9174E+002
549.0000,1.9145E+002
550.0000,1.6667E+002
551.0000,1.7931E+002
552.0000,1.7578E+002
553.0000,1.8125E+002
554.0000,1.3716E+002
555.0000,4.3310E+001
556.0000,1.7563E+002
557.0000,1.9188E+002
558.0000,1.5040E+002
559.0000,1.4553E+002
560.0000,1.5623E+002
561.0000,1.2044E+002
562.0000,1.9805E+002
563.0000,1.4373E+002
564.0000,4.1826E+001
565.0000,2.9344E+001
566.0000,8.7994E+001
567.0000,7.3205E+001
568.0000,4.4559E+001
569.0000,1.4327E+002
570.0000,7.3800E+001
571.0000,9.1213E+001
572.0000,1.0099E+002
573.0000,1.3843E+002
574.0000,1.5133E+002
575.0000,1.5839E+002
576.0000,1.5798E+002
577.0000,1.5085E+002
578.0000,1.7114E+002
579.0000,1.6833E+002
580.0000,1.5425E+002
581.0000,1.8020E+002
582.0000,1.8076E+002
583.0000,1.4351E+002
584.0000,1.7664E+002
585.0000,1.5688E+002
586.0000,4.0360E+001
587.0000,1.7389E+002
588.0000,1.7880E+002
589.0000,1.7252E+002
590.0000,1.6980E+002
591.0000,1.7116E+002
592.0000,1.7072E+002
593.0000,1.7016E+002
594.0000,1.4298E+002
595.0000,1.6098E+002
596.0000,1.6512E+002
597.0000,1.7007E+002
598.0000,9.2763E+001
599.0000,1.7229E+002
600.0000,1.6640E+002
601.0000,1.6687E+002
602.0000,5.4510E+001
603.0000,1.1499E+002
604.0000,1.6756E+002
605.0000,7.8648E+001
606.0000,1.0167E+002
607.0000,1.6401E+002
608.0000,1.6716E+002
609.0000,1.5993E+002
610.0000,7.1993E+001
611.0000,1.1446E+002
612.0000,1.2048E+002
613.0000,1.2440E+002
614.0000,1.6076E+002
615.0000,1.5440E+002
616.0000,1.5243E+002
617.0000,1.3042E+002
618.0000,5.1773E+001
619.0000,4.2059E+001
620.0000,1.4301E+002
621.0000,1.4376E+002
622.0000,9.7523E+001
623.0000,7.5905E+001
624.0000,1.4823E+002
625.0000,1.4330E+002
626.0000,4.2103E+001
627.0000,8.0867E+001
628.0000,1.2850E+002
629.0000,1.1401E+002
630.0000,1.3377E+002
631.0000,1.2576E+002
632.0000,1.2491E+002
633.0000,1.1758E+002
634.0000,1.3122E+002
635.0000,1.3068E+002
636.0000,1.1175E+002
637.0000,8.6414E+001
638.0000,1.5771E+001
639.0000,9.2643E+001
640.0000,1.1791E+002
641.0000,1.3169E+001
642.0000,8.0987E+001
643.0000,1.1776E+002
644.0000,1.0647E+002
645.0000,8.9650E+001
646.0000,9.6594E+001
647.0000,9.3682E+001
648.0000,5.2398E+001
649.0000,5.7665E+001
650.0000,4.5321E+001
651.0000,4.3567E+001
652.0000,6.8812E+001
653.0000,5.9750E+001
654.0000,9.4661E+001
655.0000,7.5254E+001
656.0000,3.6516E+001
657.0000,3.2774E+001
658.0000,6.6051E+001
659.0000,4.5940E+001
660.0000,8.2486E+001
661.0000,9.1396E+001
662.0000,8.5583E+001
663.0000,8.8441E+001
664.0000,6.0971E+001
665.0000,2.4192E+001
666.0000,7.8970E+001
667.0000,7.6391E+001
668.0000,1.4783E+001
669.0000,4.3521E+001
670.0000,5.0796E+001
671.0000,8.1301E+001
672.0000,5.1139E+001
673.0000,2.9511E+001
674.0000,2.9961E+001
675.0000,1.6819E+001
676.0000,1.0247E+001
677.0000,5.8136E+001
678.0000,3.3884E+001
679.0000,3.4206E+001
680.0000,6.3760E+001
681.0000,4.4012E+001
682.0000,4.6797E+001
683.0000,3.8776E+001
684.0000,6.3810E+001
685.0000,5.9225E+001
686.0000,4.9928E+001
687.0000,4.1714E+001
688.0000,4.3429E+001
689.0000,6.1556E+001
690.0000,4.8965E+000
691.0000,4.4928E+001
692.0000,1.8177E+001
693.0000,5.4512E+001
694.0000,5.7004E+001
695.0000,1.1050E+001
696.0000,5.3708E+001
697.0000,4.5982E+001
698.0000,4.8897E+001
699.0000,4.9409E+001
700.0000,4.8358E+001
701.0000,3.2594E+001
702.0000,3.3959E+001
703.0000,5.1042E+001
704.0000,4.8019E+001
705.0000,2.2108E+001
706.0000,2.1434E+001
707.0000,4.7843E+001
708.0000,4.3331E+001
709.0000,1.2197E+001
710.0000,4.4380E+000
711.0000,4.1838E+001
712.0000,5.3362E+001
713.0000,1.9954E+001
714.0000,2.9678E+001
715.0000,4.8096E+001
716.0000,2.7336E+001
717.0000,2.1608E+001
718.0000,2.7626E+001
719.0000,2.5808E+001
720.0000,4.7493E+001
721.0000,5.2137E+001
722.0000,5.2237E+001
723.0000,4.9707E+001
724.0000,4.1739E+001
725.0000,3.7854E+001
726.0000,5.0033E+001
727.0000,5.4685E+001
728.0000,5.4728E+001
729.0000,2.3255E+001
730.0000,3.3675E+001
731.0000,5.4238E+001
732.0000,3.5055E+001
733.0000,2.2720E+001
734.0000,5.7581E+001
735.0000,3.1785E+001
736.0000,2.3189E+001
737.0000,1.3318E+001
738.0000,5.8489E+001
739.0000,1.5248E+001
740.0000,5.3228E+001
741.0000,3.1439E+001
742.0000,6.0244E+001
743.0000,4.6027E+001
744.0000,2.7116E+001
745.0000,6.4168E+001
746.0000,1.3967E+001
747.0000,5.7611E+001
748.0000,5.4528E+001
749.0000,6.6158E+001
750.0000,6.5171E+001
751.0000,1.4729E+001
752.0000,6.6526E+001
753.0000,4.7649E+001
754.0000,5.5065E+001
755.0000,6.2692E+001
756.0000,2.4573E+001
757.0000,2.5165E+001
758.0000,6.4040E+001
759.0000,5.9554E+001
760.0000,7.5279E+001
761.0000,5.7794E+001
762.0000,6.1627E+001
763.0000,8.2946E+001
764.0000,5.3744E+001
765.0000,5.2736E+001
766.0000,7.1260E+001
767.0000,5.9163E+001
768.0000,3.9536E+001
769.0000,5.5780E+001
770.0000,9.6293E+001
771.0000,4.0911E+001
772.0000,6.3534E+001
773.0000,9.0281E+001
774.0000,5.7735E+001
775.0000,6.4900E+001
776.0000,5.3330E+001
777.0000,6.4644E+001
778.0000,7.7572E+001
779.0000,6.6293E+001
780.0000,1.0050E+002
781.0000,9.5393E+001
782.0000,1.0627E+002
783.0000,6.0240E+001
784.0000,2.4890E+001
785.0000,3.2102E+001
786.0000,6.7395E+001
787.0000,1.1902E+002
788.0000,1.0796E+002
789.0000,1.1158E+002
790.0000,1.1428E+002
791.0000,1.1941E+002
792.0000,1.1311E+002
793.0000,1.0692E+002
794.0000,2.0602E+001
795.0000,1.0389E+002
796.0000,1.1047E+002
797.0000,6.8326E+001
798.0000,8.0241E+001
799.0000,1.0258E+002
800.0000,5.4335E+001
801.0000,1.2899E+002
802.0000,1.1264E+002
803.0000,1.2925E+002
804.0000,3.6682E+001
805.0000,1.0648E+002
806.0000,1.2429E+002
807.0000,1.2397E+002
808.0000,1.3625E+002
809.0000,1.4456E+002
810.0000,1.2197E+002
811.0000,1.6643E+001
812.0000,1.1389E+002
813.0000,1.1181E+002
814.0000,1.2810E+002
815.0000,1.5162E+002
816.0000,1.3844E+002
817.0000,6.1594E+001
818.0000,2.0265E+001
819.0000,3.9141E+001
820.0000,1.7552E+002
821.0000,1.8515E+002
822.0000,1.6579E+002
823.0000,1.5045E+002
824.0000,1.5868E+002
825.0000,1.5126E+002
826.0000,1.4075E+002
827.0000,1.5915E+002
828.0000,1.4987E+002
829.0000,1.6980E+002
830.0000,1.8427E+002
831.0000,1.8438E+002
832.0000,1.8493E+002
833.0000,1.7434E+002
834.0000,1.8310E+002
835.0000,1.0481E+002
836.0000,1.4626E+002
837.0000,1.8651E+002
838.0000,1.9026E+002
839.0000,1.7363E+002
840.0000,1.9666E+001
841.0000,1.3068E+002
842.0000,1.1897E+002
843.0000,8.7833E+001
844.0000,1.7989E+002
845.0000,1.5527E+002
846.0000,1.9153E+002
847.0000,1.9587E+002
848.0000,1.6650E+002
849.0000,8.0367E+001
850.0000,1.3511E+002
851.0000,1.6899E+002
852.0000,2.0181E+002
853.0000,1.4808E+002
854.0000,1.9500E+002
855.0000,1.9484E+002
856.0000,1.7071E+002
857.0000,2.0555E+002
858.0000,1.6479E+002
859.0000,1.1593E+002
860.0000,6.2673E+001
861.0000,2.0237E+002
862.0000,2.0189E+002
863.0000,1.8896E+002
864.0000,1.9500E+002
865.0000,1.1341E+002
866.0000,1.3172E+001
867.0000,1.7495E+001
868.0000,1.7755E+002
869.0000,1.9921E+002
870.0000,1.9732E+002
871.0000,1.0554E+002
872.0000,2.0227E+001
873.0000,1.9749E+002
874.0000,1.9196E+002
875.0000,6.6747E+001
876.0000,1.2819E+002
877.0000,1.9492E+002
878.0000,2.9128E+001
879.0000,2.1086E+002
880.0000,2.1216E+002
881.0000,2.0741E+002
882.0000,1.4853E+002
883.0000,4.6791E+001
884.0000,4.4689E+001
885.0000,9.5317E+001
886.0000,2.0311E+002
887.0000,6.9483E+001
888.0000,1.1358E+002
889.0000,1.8055E+002
890.0000,1.9801E+002
891.0000,2.0848E+002
892.0000,2.1102E+002
893.0000,8.5996E+001
894.0000,1.9490E+002
895.0000,1.4242E+002
896.0000,8.4996E+001
897.0000,1.7936E+002
898.0000,1.8991E+002
899.0000,1.8890E+002
900.0000,2.0359E+002
901.0000,1.9813E+002
902.0000,1.5591E+002
903.0000,1.1770E+002
904.0000,6.9042E+001
905.0000,4.3970E+001
906.0000,1.7498E+002
907.0000,1.6717E+002
908.0000,1.4306E+002
909.0000,1.4829E+002
910.0000,1.5698E+002
911.0000,1.8655E+002
912.0000,1.6374E+002
913.0000,2.1816E+001
914.0000,1.5960E+002
915.0000,1.3634E+002
916.0000,1.9598E+002
917.0000,1.6365E+002
918.0000,1.0949E+002
919.0000,1.7743E+002
920.0000,1.9186E+002
921.0000,1.1226E+002
922.0000,1.0976E+002
923.0000,1.5781E+002
924.0000,1.8490E+002
925.0000,1.8938E+002
926.0000,4.9711E+001
927.0000,1.7671E+002
928.0000,1.7651E+002
929.0000,1.8305E+002
930.0000,1.7814E+002
931.0000,1.7821E+002
932.0000,1.7960E+002
933.0000,8.0518E+001
934.0000,1.8303E+002
935.0000,1.5340E+002
936.0000,7.3244E+001
937.0000,1.3476E+002
938.0000,1.6343E+002
939.0000,1.0429E+002
940.0000,1.1194E+002
941.0000,1.6372E+002
942.0000,5.3755E+001
943.0000,1.2941E+002
944.0000,1.5288E+002
945.0000,1.7094E+002
946.0000,1.8119E+002
947.0000,1.8068E+002
948.0000,1.7441E+002
949.0000,1.7882E+002
950.0000,1.7396E+002
951.0000,1.3734E+002
952.0000,1.5024E+002
953.0000,1.0034E+002
954.0000,7.0864E+001
955.0000,1.5873E+002
956.0000,6.3969E+001
957.0000,1.5304E+002
958.0000,1.3168E+002
959.0000,1.3416E+002
960.0000,1.5005E+002
961.0000,1.7389E+002
962.0000,1.7204E+002
963.0000,1.7261E+002
964.0000,5.5205E+001
965.0000,9.6001E+001
966.0000,1.6913E+002
967.0000,1.4757E+002
968.0000,1.3371E+002
969.0000,1.6916E+002
970.0000,7.7080E+001
971.0000,6.0075E+001
972.0000,1.2934E+002
973.0000,1.3960E+002
974.0000,8.4997E+001
975.0000,1.1745E+002
976.0000,1.1425E+002
977.0000,5.0005E+001
978.0000,4.2871E+001
979.0000,1.3644E+002
980.0000,5.3484E+001
981.0000,6.6223E+001
982.0000,1.5396E+002
983.0000,1.5671E+002
984.0000,1.5414E+002
985.0000,1.4933E+002
986.0000,1.3397E+002
987.0000,1.0924E+002
988.0000,1.4064E+002
989.0000,8.0283E+001
990.0000,1.3995E+002
991.0000,1.3528E+002
992.0000,1.1708E+002
993.0000,1.3202E+002
994.0000,1.2168E+002
995.0000,1.0325E+001
996.0000,1.1495E+002
997.0000,1.1369E+002
998.0000,1.2690E+002
999.0000,3.1205E+001
1000.0000,1.1912E+002
1001.0000,1.2250E+002
1002.0000,6.7606E+001
1003.0000,8.3622E+001
1004.0000,1.2062E+002
1005.0000,1.1826E+002
1006.0000,1.1662E+002
1007.0000,1.0865E+002
1008.0000,1.1735E+002
1009.0000,1.0741E+002
1010.0000,5.2575E+001
1011.0000,6.5896E+001
1012.0000,1.8259E+001
1013.0000,7.4117E+001
1014.0000,1.0912E+002
1015.0000,9.7477E+001
1016.0000,4.5723E+001
1017.0000,1.0457E+002
1018.0000,7.0921E+001
1019.0000,1.0094E+002
1020.0000,1.0400E+001
1021.0000,9.4263E+001
1022.0000,1.0182E+002
1023.0000,8.9243E+001
1024.0000,3.9018E+001
1025.0000,9.4145E+001
1026.0000,9.0660E+001
1027.0000,8.9524E+001
1028.0000,5.7841E+001
1029.0000,9.1563E+001
1030.0000,8.9804E+001
1031.0000,8.7924E+001
1032.0000,8.3672E+001
1033.0000,8.2768E+001
1034.0000,3.5083E+001
1035.0000,1.8365E+001
1036.0000,9.1164E+000
1037.0000,3.7162E+001
1038.0000,7.4033E+001
1039.0000,5.7862E+001
1040.0000,2.6378E+001
1041.0000,1.2107E+001
1042.0000,1.4589E+001
1043.0000,6.1797E+001
1044.0000,4.0562E+001
1045.0000,5.2838E+001
1046.0000,5.8539E+001
1047.0000,3.6366E+001
1048.0000,3.6404E+001
1049.0000,3.5087E+001
1050.0000,1.2124E+001
1051.0000,6.3883E+001
1052.0000,4.3481E+001
1053.0000,3.7786E+001
1054.0000,3.1347E+001
1055.0000,5.3639E+001
1056.0000,1.4845E+001
1057.0000,4.8747E+001
1058.0000,4.4967E+001
1059.0000,2.4541E+001
1060.0000,5.3617E+001
1061.0000,2.7935E+001
1062.0000,2.9045E+001
1063.0000,5.0207E+001
1064.0000,3.9533E+001
1065.0000,2.7326E+001
1066.0000,1.2211E+001
1067.0000,4.0533E+001
1068.0000,3.8566E+001
1069.0000,5.0877E+001
1070.0000,4.6655E+001
1071.0000,4.4146E+001
1072.0000,3.0302E+001
1073.0000,1.4281E+001
1074.0000,9.0256E+000
1075.0000,3.6571E+001
1076.0000,3.7739E+001
1077.0000,3.2924E+001
1078.0000,5.1165E+001
1079.0000,4.5374E+001
1080.0000,5.3763E+001
1081.0000,5.3571E+001
1082.0000,3.7324E+001
1083.0000,4.2375E+001
1084.0000,1.3912E+001
1085.0000,5.1665E+001
1086.0000,3.0125E+001
1087.0000,2.5818E+001
1088.0000,3.4693E+001
1089.0000,4.7022E+001
1090.0000,3.3162E+001
1091.0000,6.2416E+000
1092.0000,4.9444E+001
1093.0000,3.6390E+001
1094.0000,5.0476E+001
1095.0000,3.9806E+001
1096.0000,3.6297E+001
1097.0000,5.0232E+001
1098.0000,5.5906E+001
1099.0000,7.1873E+000
1100.0000,3.0633E+001
1101.0000,3.6814E+001
1102.0000,4.2792E+001
1103.0000,5.4579E+001
1104.0000,4.3274E+001
1105.0000,5.6931E+001
1106.0000,4.3264E+001
1107.0000,5.5368E+001
1108.0000,1.1595E+001
1109.0000,1.7219E+001
1110.0000,5.7816E+001
1111.0000,3.9419E+001
1112.0000,4.3505E+001
1113.0000,5.5604E+001
1114.0000,3.7275E+001
1115.0000,5.5461E+001
1116.0000,6.0762E+001
1117.0000,6.3971E+001
1118.0000,5.4390E+001
1119.0000,3.1552E+001
1120.0000,1.5963E+001
1121.0000,1.3983E+001
1122.0000,5.3796E+001
1123.0000,6.4248E+001
1124.0000,6.6653E+001
1125.0000,3.5819E+001
1126.0000,4.3466E+001
1127.0000,7.5172E+001
1128.0000,8.0037E+001
1129.0000,5.8999E+001
1130.0000,8.4273E+001
1131.0000,6.7837E+001
1132.0000,7.7586E+001
1133.0000,3.6694E+001
1134.0000,9.0004E+001
1135.0000,1.5786E+001
1136.0000,9.3655E+001
1137.0000,8.9996E+001
1138.0000,2.5977E+001
1139.0000,1.6719E+001
1140.0000,5.3653E+001
1141.0000,7.7311E+001
1142.0000,4.2599E+001
1143.0000,9.4139E+001
1144.0000,8.8330E+001
1145.0000,3.5889E+001
1146.0000,9.5962E+001
1147.0000,9.5390E+001
1148.0000,3.0107E+001
1149.0000,2.8265E+001
1150.0000,7.4405E+001
1151.0000,1.0932E+002
1152.0000,1.1687E+002
1153.0000,1.1366E+002
1154.0000,9.4541E+001
1155.0000,1.1479E+002
1156.0000,3.8981E+001
1157.0000,8.1002E+001
1158.0000,8.3034E+001
1159.0000,2.8163E+001
1160.0000,1.2533E+002
1161.0000,1.3375E+002
1162.0000,1.3054E+002
1163.0000,9.3000E+001
1164.0000,1.0849E+002
1165.0000,1.2254E+002
1166.0000,1.3286E+002
1167.0000,1.3401E+002
1168.0000,1.3476E+002
1169.0000,5.8658E+001
1170.0000,1.8291E+001
1171.0000,9.2358E+001
1172.0000,1.2840E+002
1173.0000,2.7715E+001
1174.0000,1.3908E+002
1175.0000,1.5463E+002
1176.0000,1.5349E+002
1177.0000,1.3007E+002
1178.0000,1.1625E+002
1179.0000,1.0325E+002
1180.0000,7.9939E+001
1181.0000,4.4436E+001
1182.0000,7.7102E+001
1183.0000,1.4295E+002
1184.0000,8.5625E+001
1185.0000,4.3337E+001
1186.0000,5.5030E+001
1187.0000,8.0461E+001
1188.0000,1.4425E+002
1189.0000,2.3879E+001
1190.0000,3.0564E+001
1191.0000,1.3432E+002
1192.0000,1.1047E+002
1193.0000,1.3013E+002
1194.0000,1.6080E+002
1195.0000,5.4399E+001
1196.0000,9.7446E+001
1197.0000,1.1675E+002
1198.0000,1.8021E+002
1199.0000,1.7405E+002
1200.0000,1.8680E+002
1201.0000,6.3200E+001
1202.0000,9.4101E+001
1203.0000,1.5358E+002
1204.0000,1.2951E+002
1205.0000,8.0064E+001
1206.0000,1.1855E+002
1207.0000,1.7380E+002
1208.0000,5.1495E+001
1209.0000,6.8672E+001
1210.0000,8.3367E+001
1211.0000,1.2859E+002
1212.0000,1.2668E+002
1213.0000,1.3211E+002
1214.0000,1.5458E+002
1215.0000,1.2829E+002
1216.0000,2.0544E+002
1217.0000,1.8947E+002
1218.0000,1.7495E+002
1219.0000,2.1107E+002
1220.0000,2.0175E+002
1221.0000,1.8465E+002
1222.0000,8.3202E+001
1223.0000,2.0872E+002
1224.0000,1.8379E+002
1225.0000,2.5912E+001
1226.0000,6.1724E+001
1227.0000,9.8415E+000
1228.0000,6.2572E+001
1229.0000,1.4130E+002
1230.0000,1.2681E+002
1231.0000,2.1007E+002
1232.0000,1.2175E+002
1233.0000,9.5032E+000
1234.0000,2.6367E+001
1235.0000,2.6394E+001
1236.0000,9.3803E+001
1237.0000,7.8332E+001
1238.0000,1.4792E+002
1239.0000,1.5555E+002
1240.0000,1.8575E+002
1241.0000,1.9410E+002
1242.0000,1.9466E+002
1243.0000,1.5397E+002
1244.0000,1.2619E+002
1245.0000,7.1501E+001
1246.0000,1.4789E+002
1247.0000,1.9213E+002
1248.0000,1.5213E+002
1249.0000,1.9609E+002
1250.0000,2.0082E+002
1251.0000,1.9422E+002
1252.0000,1.8362E+002
1253.0000,1.9618E+002
1254.0000,2.0826E+002
1255.0000,2.0414E+002
1256.0000,1.6879E+002
1257.0000,6.2347E+001
1258.0000,1.4464E+002
1259.0000,1.8331E+002
1260.0000,1.7549E+002
1261.0000,1.3887E+002
1262.0000,1.9432E+002
1263.0000,1.5265E+002
1264.0000,2.0985E+001
1265.0000,1.5177E+002
1266.0000,1.9123E+002
1267.0000,1.2546E+002
1268.0000,1.3965E+001
1269.0000,1.0439E+002
1270.0000,1.4055E+002
1271.0000,4.0381E+001
1272.0000,1.4584E+002
1273.0000,2.0729E+002
1274.0000,1.9955E+002
1275.0000,1.4108E+002
1276.0000,1.7133E+002
1277.0000,1.9882E+002
1278.0000,2.0026E+002
1279.0000,1.9739E+002
1280.0000,1.0729E+002
1281.0000,2.0587E+002
1282.0000,1.9814E+002
1283.0000,1.5824E+002
1284.0000,1.6545E+002
1285.0000,1.9390E+002
1286.0000,6.9465E+001
1287.0000,1.6064E+002
1288.0000,1.8024E+002
1289.0000,1.8102E+002
1290.0000,1.8696E+002
1291.0000,1.6770E+002
1292.0000,1.8048E+002
1293.0000,1.8365E+002
1294.0000,3.0135E+001
1295.0000,1.7800E+002
1296.0000,1.9194E+002
1297.0000,1.8872E+002
1298.0000,1.9056E+002
1299.0000,1.8743E+002
1300.0000,1.8241E+002
1301.0000,1.6954E+002
1302.0000,4.6369E+001
1303.0000,1.2958E+001
1304.0000,3.4698E+001
1305.0000,1.7339E+002
1306.0000,1.6003E+002
1307.0000,1.7704E+002
1308.0000,1.4605E+002
1309.0000,1.7829E+002
1310.0000,1.7740E+002
1311.0000,6.5500E+001
1312.0000,1.6164E+002
1313.0000,3.6946E+001
1314.0000,1.5839E+002
1315.0000,1.8351E+002
1316.0000,1.6440E+002
1317.0000,7.8331E+001
1318.0000,1.7720E+002
1319.0000,1.6290E+002
1320.0000,1.5035E+002
1321.0000,1.5706E+002
1322.0000,1.7513E+002
1323.0000,2.8763E+001
1324.0000,1.7240E+002
1325.0000,2.7465E+001
1326.0000,7.8264E+001
1327.0000,1.3675E+002
1328.0000,1.2449E+002
1329.0000,3.6237E+001
1330.0000,3.2665E+001
1331.0000,1.7443E+002
1332.0000,1.5999E+002
1333.0000,7.5269E+001
1334.0000,1.0565E+001
1335.0000,1.1138E+002
1336.0000,1.0158E+002
1337.0000,1.4084E+002
1338.0000,1.4760E+002
1339.0000,1.3242E+002
1340.0000,1.3932E+002
1341.0000,1.5516E+002
1342.0000,1.1128E+002
1343.0000,1.2004E+002
1344.0000,1.3594E+002
1345.0000,1.9999E+001
1346.0000,1.4482E+002
1347.0000,9.3357E+001
1348.0000,1.5953E+002
1349.0000,1.4628E+002
1350.0000,1.3496E+001
1351.0000,1.5020E+002
1352.0000,3.5989E+001
1353.0000,1.4718E+002
1354.0000,1.4213E+002
1355.0000,1.2076E+002
1356.0000,5.5847E+001
1357.0000,6.0871E+001
1358.0000,1.3507E+002
1359.0000,1.3482E+002
1360.0000,1.3414E+002
1361.0000,7.8695E+001
1362.0000,4.1332E+001
1363.0000,3.4765E+001
1364.0000,9.7605E+001
1365.0000,1.3077E+002
1366.0000,8.5681E+001
1367.0000,1.7638E+001
1368.0000,1.1703E+002
1369.0000,1.2194E+002
1370.0000,1.1170E+002
1371.0000,5.1050E+001
1372.0000,8.6388E+001
1373.0000,9.5452E+000
1374.0000,2.5247E+001
1375.0000,1.0254E+002
1376.0000,1.0599E+002
1377.0000,4.6777E+001
1378.0000,1.1212E+002
1379.0000,1.0849E+002
1380.0000,1.0805E+002
1381.0000,5.6118E+001
1382.0000,9.5994E+001
1383.0000,9.6693E+001
1384.0000,4.5901E+001
1385.0000,9.1281E+001
1386.0000,7.4406E+001
1387.0000,2.4577E+001
1388.0000,5.3073E+001
1389.0000,8.2960E+001
1390.0000,2.4182E+001
1391.0000,3.5932E+001
1392.0000,1.9315E+001
1393.0000,6.3933E+001
1394.0000,8.6396E+001
1395.0000,8.2019E+001
1396.0000,2.9206E+001
1397.0000,8.1718E+001
1398.0000,8.4306E+001
1399.0000,8.3281E+001
1400.0000,7.8690E+001
1401.0000,8.2125E+001
1402.0000,8.0575E+001
1403.0000,5.3667E+001
1404.0000,6.6431E+001
1405.0000,3.8666E+001
1406.0000,4.1025E+001
1407.0000,3.8681E+001
1408.0000,3.2828E+001
1409.0000,2.2056E+001
1410.0000,5.5326E+001
1411.0000,4.5082E+001
1412.0000,6.5450E+001
1413.0000,3.0730E+001
1414.0000,2.5492E+001
1415.0000,3.1876E+001
1416.0000,2.2394E+001
1417.0000,6.2757E+001
1418.0000,4.9198E+001
1419.0000,5.8328E+001
1420.0000,5.6172E+001
1421.0000,5.8127E+001
1422.0000,2.8786E+001
1423.0000,3.5049E+001
1424.0000,4.0678E+001
1425.0000,5.1730E+001
1426.0000,5.7510E+001
1427.0000,3.8240E+001
1428.0000,3.4933E+001
1429.0000,3.5201E+001
1430.0000,2.1928E+001
1431.0000,3.1083E+001
1432.0000,3.0617E+001
1433.0000,3.9450E+001
1434.0000,5.3751E+001
1435.0000,5.6889E+001
1436.0000,4.8368E+001
1437.0000,3.2637E+001
1438.0000,5.0438E+001
1439.0000,5.1523E+001
1440.0000,4.3041E+001
1441.0000,5.1109E+001
1442.0000,2.6683E+001
1443.0000,3.4018E+001
1444.0000,1.2504E+001
1445.0000,5.3488E+001
1446.0000,5.1306E+001
1447.0000,3.8972E+001
1448.0000,4.4133E+001
1449.0000,2.5896E+001
1450.0000,1.4645E+001
1451.0000,6.8288E+000
1452.0000,3.5998E+000
1453.0000,2.8366E+001
1454.0000,5.2807E+001
1455.0000,1.2569E+001
1456.0000,3.8809E+001
1457.0000,2.8761E+001
1458.0000,3.8375E+001
1459.0000,3.1978E+001
1460.0000,4.5629E+001
1461.0000,2.3367E+001
1462.0000,1.3336E+001
1463.0000,4.3796E+001
1464.0000,3.3678E+001
1465.0000,6.0078E+001
1466.0000,3.9236E+001
1467.0000,1.8016E+001
1468.0000,6.5963E+000
1469.0000,5.5772E+001
1470.0000,5.3526E+001
1471.0000,4.0746E+001
1472.0000,3.8488E+001
1473.0000,4.5618E+001
1474.0000,3.0938E+001
1475.0000,5.6742E+001
1476.0000,4.0773E+001
1477.0000,3.7371E+001
1478.0000,6.1616E+001
1479.0000,6.5709E+001
1480.0000,6.2102E+001
1481.0000,2.7297E+001
1482.0000,1.8176E+001
1483.0000,6.4081E+001
1484.0000,6.4028E+001
1485.0000,4.3962E+001
1486.0000,5.5728E+001
1487.0000,5.2932E+001
1488.0000,5.1289E+001
1489.0000,5.6903E+001
1490.0000,5.0519E+001
1491.0000,7.2026E+001
1492.0000,8.0794E+001
1493.0000,2.0644E+001
1494.0000,1.5461E+001
1495.0000,6.6423E+001
1496.0000,7.7317E+001
1497.0000,8.8647E+001
1498.0000,1.4684E+001
1499.0000,6.5202E+001
1500.0000,6.8480E+001
1501.0000,8.6806E+001
1502.0000,9.0649E+001
1503.0000,7.2433E+001
1504.0000,4.5849E+001
1505.0000,6.4401E+001
1506.0000,9.2114E+001
1507.0000,1.0165E+002
1508.0000,9.8916E+001
1509.0000,4.8676E+001
1510.0000,6.7511E+001
1511.0000,9.0302E+001
1512.0000,1.0173E+002
1513.0000,8.8565E+001
1514.0000,6.5187E+001
1515.0000,1.0056E+002
1516.0000,9.1476E+001
1517.0000,1.0873E+002
1518.0000,7.3030E+001
1519.0000,1.1078E+002
1520.0000,7.9757E+001
1521.0000,1.0289E+002
1522.0000,1.0894E+002
1523.0000,1.2761E+002
1524.0000,1.1259E+002
1525.0000,2.3638E+001
1526.0000,1.4518E+001
1527.0000,5.5564E+001
1528.0000,8.2439E+001
1529.0000,6.6099E+001
1530.0000,1.1054E+002
1531.0000,6.6253E+001
1532.0000,2.4614E+001
1533.0000,7.8176E+001
1534.0000,6.9129E+001
1535.0000,6.6947E+001
1536.0000,7.2328E+001
1537.0000,7.8324E+001
1538.0000,5.0312E+001
1539.0000,2.9437E+001
1540.0000,6.9352E+001
1541.0000,1.4464E+002
1542.0000,9.8728E+001
1543.0000,1.0173E+002
1544.0000,7.5328E+001
1545.0000,7.7489E+001
1546.0000,1.3027E+002
1547.0000,9.3590E+001
1548.0000,1.3330E+002
1549.0000,1.5777E+002
1550.0000,1.6890E+002
1551.0000,8.2158E+001
1552.0000,2.5502E+001
1553.0000,1.8069E+002
1554.0000,1.7891E+002
1555.0000,1.8045E+002
1556.0000,1.9112E+001
1557.0000,1.3419E+002
1558.0000,1.6187E+002
1559.0000,1.4149E+002
1560.0000,1.8368E+001
1561.0000,1.8792E+001
1562.0000,2.3729E+001
1563.0000,1.9945E+001
1564.0000,2.0493E+001
1565.0000,2.5395E+001
1566.0000,6.3927E+001
1567.0000,1.4067E+002
1568.0000,1.8986E+002
1569.0000,1.7631E+002
1570.0000,1.2601E+002
1571.0000,3.2929E+001
1572.0000,6.8668E+001
1573.0000,1.8767E+002
1574.0000,2.7721E+001
1575.0000,2.7334E+001
1576.0000,1.7930E+002
1577.0000,7.3174E+001
1578.0000,1.8861E+002
1579.0000,4.4064E+001
1580.0000,4.9541E+001
1581.0000,8.2355E+001
1582.0000,1.6288E+002
1583.0000,1.0943E+002
1584.0000,2.1706E+001
1585.0000,8.1824E+001
1586.0000,1.8729E+002
1587.0000,2.2442E+001
1588.0000,1.9668E+001
1589.0000,2.0810E+002
1590.0000,3.8898E+001
1591.0000,1.3106E+002
1592.0000,1.8729E+002
1593.0000,2.0376E+002
1594.0000,1.9520E+002
1595.0000,6.9585E+001
1596.0000,1.0655E+002
1597.0000,1.7923E+002
1598.0000,1.9474E+002
1599.0000,1.4383E+002
1600.0000,2.0710E+002
1601.0000,2.0859E+002
1602.0000,2.0556E+002
1603.0000,4.3357E+001
1604.0000,4.2197E+001
1605.0000,1.6873E+002
1606.0000,1.5776E+002
1607.0000,3.2127E+001
1608.0000,1.9632E+001
1609.0000,3.3193E+001
1610.0000,1.7380E+002
1611.0000,5.6659E+001
1612.0000,3.2562E+001
1613.0000,1.3638E+001
1614.0000,6.7478E+001
1615.0000,4.1808E+001
1616.0000,5.8797E+001
1617.0000,1.4430E+002
1618.0000,1.4664E+002
1619.0000,1.4212E+002
1620.0000,1.3144E+002
1621.0000,1.9275E+002
1622.0000,1.7197E+002
1623.0000,3.0454E+001
1624.0000,8.2243E+001
1625.0000,1.7977E+002
1626.0000,2.0415E+002
1627.0000,2.0562E+002
1628.0000,2.0519E+002
1629.0000,2.0027E+002
1630.0000,5.2111E+001
1631.0000,1.1623E+002
1632.0000,1.5455E+002
1633.0000,1.1747E+002
1634.0000,1.6350E+002
1635.0000,1.6825E+002
1636.0000,1.9881E+002
1637.0000,2.0804E+002
1638.0000,2.0549E+002
1639.0000,6.7113E+001
1640.0000,1.9009E+002
1641.0000,1.9769E+002
1642.0000,1.0721E+002
1643.0000,1.5212E+002
1644.0000,1.6350E+002
1645.0000,1.8644E+002
1646.0000,2.0020E+002
1647.0000,1.9962E+002
1648.0000,1.9506E+002
1649.0000,1.6578E+002
1650.0000,1.5816E+002
1651.0000,1.7769E+002
1652.0000,8.4805E+001
1653.0000,1.8397E+002
1654.0000,1.9220E+002
1655.0000,1.8738E+002
1656.0000,1.8635E+002
1657.0000,1.2568E+002
1658.0000,5.6577E+001
1659.0000,8.9797E+001
1660.0000,1.2797E+002
1661.0000,1.4790E+002
1662.0000,1.6205E+002
1663.0000,1.8905E+002
1664.0000,1.7657E+002
1665.0000,2.2715E+001
1666.0000,3.2568E+001
1667.0000,8.3689E+001
1668.0000,1.5847E+002
1669.0000,8.0859E+001
1670.0000,1.7442E+002
1671.0000,8.4499E+001
1672.0000,1.7268E+002
1673.0000,1.7515E+002
1674.0000,1.5268E+002
1675.0000,1.2293E+002
1676.0000,1.4182E+002
1677.0000,1.7655E+002
1678.0000,1.3554E+002
1679.0000,1.5789E+002
1680.0000,1.7724E+002
1681.0000,1.4423E+002
1682.0000,1.6578E+002
1683.0000,1.6789E+002
1684.0000,1.5677E+002
1685.0000,1.6635E+002
1686.0000,1.7430E+002
1687.0000,8.3668E+001
1688.0000,1.3788E+002
1689.0000,1.1283E+002
1690.0000,1.1756E+002
1691.0000,1.3552E+002
1692.0000,1.0778E+002
1693.0000,3.5014E+001
1694.0000,1.2251E+002
1695.0000,1.2836E+002
1696.0000,1.4659E+002
1697.0000,1.2336E+002
1698.0000,1.6499E+002
1699.0000,1.6907E+002
1700.0000,1.3852E+002
1701.0000,9.1500E+001
1702.0000,1.4443E+002
1703.0000,1.6453E+002
1704.0000,1.5640E+002
1705.0000,8.9216E+001
1706.0000,1.6512E+002
1707.0000,1.6408E+002
1708.0000,1.6323E+002
1709.0000,1.5689E+002
1710.0000,4.9473E+001
1711.0000,2.5894E+001
1712.0000,6.2142E+001
1713.0000,1.0662E+002
1714.0000,4.1883E+001
1715.0000,7.3151E+001
1716.0000,1.1401E+002
1717.0000,1.1842E+002
1718.0000,1.1062E+002
1719.0000,1.3904E+002
1720.0000,1.4469E+002
1721.0000,1.3879E+002
1722.0000,1.3860E+002
1723.0000,1.3916E+002
1724.0000,1.2656E+002
1725.0000,5.8108E+001
1726.0000,5.7233E+001
1727.0000,4.8504E+001
1728.0000,1.2866E+002
1729.0000,1.0103E+002
1730.0000,7.1677E+001
1731.0000,1.2330E+002
1732.0000,1.2402E+002
1733.0000,1.2251E+002
1734.0000,9.8595E+001
1735.0000,5.7230E+001
1736.0000,1.2099E+002
1737.0000,8.3534E+001
1738.0000,1.0573E+002
1739.0000,1.1503E+002
1740.0000,1.1146E+002
1741.0000,1.0853E+002
1742.0000,1.1102E+002
1743.0000,1.0885E+002
1744.0000,9.0841E+001
1745.0000,7.9807E+001
1746.0000,1.0491E+002
1747.0000,1.0177E+002
1748.0000,4.8584E+001
1749.0000,1.0481E+002
1750.0000,1.0358E+002
1751.0000,1.0129E+002
1752.0000,9.2109E+001
1753.0000,5.0042E+001
1754.0000,5.1641E+001
1755.0000,5.1905E+001
1756.0000,1.0606E+001
1757.0000,7.0980E+001
1758.0000,6.7145E+001
1759.0000,8.8515E+001
1760.0000,2.9711E+001
1761.0000,6.7547E+001
1762.0000,6.5542E+001
1763.0000,2.5635E+001
1764.0000,4.0240E+001
1765.0000,4.0190E+001
1766.0000,3.3675E+001
1767.0000,3.8746E+001
1768.0000,2.5497E+001
1769.0000,7.7952E+001
1770.0000,7.6973E+001
1771.0000,6.1497E+001
1772.0000,7.2697E+001
1773.0000,6.9679E+001
1774.0000,5.0085E+001
1775.0000,6.1465E+001
1776.0000,6.3196E+001
1777.0000,5.5847E+001
1778.0000,2.8151E+001
1779.0000,2.1009E+001
1780.0000,5.6103E+001
1781.0000,6.4941E+001
1782.0000,8.3299E+000
1783.0000,6.3005E+001
1784.0000,5.5747E+001
1785.0000,3.8396E+001
1786.0000,1.2726E+001
1787.0000,3.5418E+001
1788.0000,5.9096E+001
1789.0000,5.7094E+001
1790.0000,4.9827E+001
1791.0000,5.2699E+001
1792.0000,3.3954E+001
1793.0000,3.7959E+001
1794.0000,3.1311E+001
1795.0000,5.4335E+001
1796.0000,2.5947E+001
1797.0000,2.6767E+001
1798.0000,1.7507E+001
1799.0000,1.1659E+001
1800.0000,4.2103E+001
1801.0000,4.6517E+001
1802.0000,8.3867E+000
1803.0000,4.8482E+001
1804.0000,1.8444E+001
1805.0000,2.1373E+001
1806.0000,4.7118E+001
1807.0000,5.0743E+001
1808.0000,3.9178E+001
1809.0000,4.0388E+001
1810.0000,2.6445E+001
1811.0000,2.7824E+001
1812.0000,3.2017E+001
1813.0000,5.3144E+001
1814.0000,2.2452E+001
1815.0000,4.4386E+001
1816.0000,5.0967E+001
1817.0000,5.2899E+001
1818.0000,5.1685E+001
1819.0000,5.1157E+001
1820.0000,4.1554E+001
1821.0000,3.1603E+001
1822.0000,1.3101E+001
1823.0000,6.7101E+000
1824.0000,4.5384E+001
1825.0000,5.3715E+001
1826.0000,5.1201E+001
1827.0000,2.4360E+001
1828.0000,5.3596E+001
1829.0000,3.6585E+001
1830.0000,4.6890E+001
1831.0000,1.5924E+001
1832.0000,4.6192E+001
1833.0000,5.3720E+001
1834.0000,6.0810E+000
1835.0000,4.5889E+001
1836.0000,5.8811E+001
1837.0000,3.4186E+001
1838.0000,9.5074E+000
1839.0000,3.6841E+001
1840.0000,6.3579E+001
1841.0000,6.2508E+001
1842.0000,3.5129E+001
1843.0000,4.1481E+001
1844.0000,5.9623E+001
1845.0000,1.8095E+001
1846.0000,7.2427E+000
1847.0000,4.8615E+001
1848.0000,6.7241E+001
1849.0000,1.8477E+001
1850.0000,1.8307E+001
1851.0000,6.9946E+000
1852.0000,1.3480E+001
1853.0000,3.0799E+001
1854.0000,4.9679E+001
1855.0000,4.2650E+001
1856.0000,8.0565E+001
1857.0000,8.0581E+001
1858.0000,8.0980E+001
1859.0000,6.0978E+001
1860.0000,4.3433E+001
1861.0000,4.9699E+001
1862.0000,6.4042E+001
1863.0000,7.9888E+001
1864.0000,6.4062E+001
1865.0000,8.8230E+001
1866.0000,4.8039E+001
1867.0000,6.3908E+001
1868.0000,9.2447E+001
1869.0000,2.1945E+001
1870.0000,3.5368E+001
1871.0000,4.8277E+001
1872.0000,7.2731E+001
1873.0000,3.5130E+001
1874.0000,9.7599E+001
1875.0000,5.2624E+001
1876.0000,8.0296E+001
1877.0000,8.8000E+001
1878.0000,2.3852E+001
1879.0000,7.4472E+001
1880.0000,8.0130E+001
1881.0000,1.1336E+002
1882.0000,1.1650E+002
1883.0000,1.5373E+001
1884.0000,1.1230E+002
1885.0000,1.0498E+002
1886.0000,1.1053E+002
1887.0000,1.0070E+002
1888.0000,1.1643E+002
1889.0000,1.2693E+002
1890.0000,9.1403E+001
1891.0000,9.3566E+001
1892.0000,5.5559E+001
1893.0000,8.4587E+001
1894.0000,1.3445E+002
1895.0000,1.3607E+002
1896.0000,1.2281E+002
1897.0000,7.8843E+001
1898.0000,1.3342E+002
1899.0000,1.4494E+002
1900.0000,1.4703E+002
1901.0000,1.3864E+002
1902.0000,1.5106E+002
1903.0000,3.4419E+001
1904.0000,1.3311E+002
1905.0000,1.1346E+002
1906.0000,1.5490E+002
1907.0000,1.4935E+002
1908.0000,1.1983E+002
1909.0000,9.2209E+001
1910.0000,1.6228E+002
1911.0000,9.7682E+001
1912.0000,1.2337E+002
1913.0000,1.5412E+002
1914.0000,4.8754E+001
1915.0000,1.9566E+001
1916.0000,4.8141E+001
1917.0000,1.1934E+002
1918.0000,1.3891E+002
1919.0000,1.0156E+002
1920.0000,1.4326E+002
1921.0000,1.4306E+002
1922.0000,1.0919E+002
1923.0000,3.8581E+001
1924.0000,1.6550E+002
1925.0000,1.8524E+002
1926.0000,9.2618E+001
1927.0000,1.4476E+002
1928.0000,1.8289E+002
1929.0000,1.5831E+002
1930.0000,1.2477E+002
1931.0000,1.8474E+002
1932.0000,5.7637E+001
1933.0000,2.1991E+001
1934.0000,4.9611E+001
1935.0000,4.0033E+001
1936.0000,1.2698E+002
1937.0000,1.6689E+002
1938.0000,1.9604E+002
1939.0000,2.6057E+001
1940.0000,3.2440E+001
1941.0000,1.6011E+002
1942.0000,1.8941E+002
1943.0000,1.9616E+002
1944.0000,1.2293E+002
1945.0000,3.9892E+001
1946.0000,7.7515E+001
1947.0000,1.2065E+002
1948.0000,1.1186E+002
1949.0000,1.5763E+002
1950.0000,1.6952E+002
1951.0000,1.6834E+002
1952.0000,1.8804E+002
1953.0000,1.8046E+002
1954.0000,4.9156E+001
1955.0000,7.8606E+001
1956.0000,1.2752E+002
1957.0000,1.3160E+002
1958.0000,1.2249E+002
1959.0000,2.0742E+001
1960.0000,9.4671E+001
1961.0000,3.5098E+001
1962.0000,4.9039E+001
1963.0000,1.5806E+002
1964.0000,3.1291E+001
1965.0000,9.6018E+001
1966.0000,1.5569E+002
1967.0000,1.2074E+002
1968.0000,1.6216E+002
1969.0000,1.8822E+002
1970.0000,1.7744E+002
1971.0000,1.7529E+002
1972.0000,1.7767E+002
1973.0000,1.9962E+002
1974.0000,1.7730E+002
1975.0000,1.8182E+002
1976.0000,1.8612E+002
1977.0000,1.9561E+002
1978.0000,1.6820E+002
1979.0000,1.3840E+002
1980.0000,1.8546E+002
1981.0000,1.0888E+002
1982.0000,1.9447E+002
1983.0000,1.5208E+002
1984.0000,1.9028E+002
1985.0000,1.7398E+002
1986.0000,7.8445E+001
1987.0000,7.2504E+001
1988.0000,5.4351E+001
1989.0000,1.9455E+002
1990.0000,1.9583E+002
1991.0000,1.6974E+002
1992.0000,6.8782E+001
1993.0000,2.1141E+002
1994.0000,1.3217E+002
1995.0000,1.2314E+002
1996.0000,1.5353E+002
1997.0000,1.8259E+002
1998.0000,2.0549E+002
1999.0000,2.0203E+002
2000.0000,2.1000E+002
2001.0000,1.7850E+002
2002.0000,5.3840E+001
2003.0000,1.0387E+002
2004.0000,1.1111E+002
2005.0000,1.6823E+002
2006.0000,1.1700E+002
2007.0000,1.9036E+002
2008.0000,1.9868E+002
2009.0000,2.0561E+002
2010.0000,1.0333E+002
2011.0000,1.4594E+002
2012.0000,1.6558E+002
2013.0000,1.5039E+002
2014.0000,1.7599E+002
2015.0000,1.5991E+002
2016.0000,2.0199E+002
2017.0000,1.7098E+002
2018.0000,1.5827E+002
2019.0000,1.8930E+002
2020.0000,1.9187E+002
2021.0000,1.5692E+002
2022.0000,1.6538E+002
2023.0000,1.8512E+002
2024.0000,4.8366E+001
2025.0000,1.7577E+002
2026.0000,1.7603E+002
2027.0000,1.9083E+002
2028.0000,1.8563E+002
2029.0000,1.9277E+002
2030.0000,2.8006E+001
2031.0000,1.1927E+002
2032.0000,1.9116E+002
2033.0000,1.5382E+002
2034.0000,1.5585E+002
2035.0000,1.9424E+002
2036.0000,1.9063E+002
2037.0000,1.2120E+002
2038.0000,1.1296E+002
2039.0000,1.9093E+002
2040.0000,1.6733E+002
2041.0000,1.8003E+002
2042.0000,1.7527E+002
2043.0000,1.6969E+002
2044.0000,1.0469E+002
2045.0000,1.7271E+002
2046.0000,1.0833E+002
2047.0000,1.1834E+002
2048.0000,1.7327E+002
2049.0000,1.8355E+002
2050.0000,1.4278E+002
2051.0000,1.6754E+002
2052.0000,1.2025E+002
2053.0000,1.0214E+002
2054.0000,1.6459E+002
2055.0000,1.5795E+002
2056.0000,1.6925E+002
2057.0000,1.7103E+002
2058.0000,7.3269E+001
2059.0000,1.7500E+002
2060.0000,1.7074E+002
2061.0000,1.5799E+002
2062.0000,1.6967E+002
2063.0000,4.9870E+001
2064.0000,6.4175E+001
2065.0000,7.8457E+001
2066.0000,7.3541E+001
2067.0000,1.6609E+002
2068.0000,1.3666E+002
2069.0000,9.3172E+001
2070.0000,3.4864E+001
2071.0000,1.4143E+002
2072.0000,1.6026E+002
2073.0000,1.5597E+002
2074.0000,9.2361E+001
2075.0000,1.3193E+002
2076.0000,1.4410E+002
2077.0000,1.4360E+002
2078.0000,1.0511E+002
2079.0000,1.1853E+002
2080.0000,9.1835E+000
2081.0000,8.2576E+001
2082.0000,1.3987E+002
2083.0000,7.4489E+001
2084.0000,4.3512E+001
2085.0000,1.3422E+002
2086.0000,1.4835E+002
2087.0000,1.4329E+002
2088.0000,1.1389E+002
2089.0000,2.8611E+001
2090.0000,9.9729E+001
2091.0000,8.7937E+001
2092.0000,1.2994E+002
2093.0000,7.8259E+001
2094.0000,1.8068E+001
2095.0000,7.3722E+001
2096.0000,1.0898E+002
2097.0000,1.2027E+002
2098.0000,1.1853E+002
2099.0000,4.2015E+001
2100.0000,1.2216E+002
2101.0000,7.2044E+001
2102.0000,6.7678E+001
2103.0000,9.9884E+000
2104.0000,1.1463E+002
2105.0000,9.1060E+001
2106.0000,4.7736E+001
2107.0000,4.5729E+001
2108.0000,5.1390E+001
2109.0000,9.9163E+001
2110.0000,6.4294E+001
2111.0000,2.2267E+001
2112.0000,9.8816E+001
2113.0000,1.0158E+002
2114.0000,4.6687E+001
2115.0000,9.6812E+001
2116.0000,5.8287E+001
2117.0000,4.0299E+001
2118.0000,8.6157E+001
2119.0000,4.0192E+001
2120.0000,6.0405E+001
2121.0000,2.8107E+001
2122.0000,1.6606E+001
2123.0000,4.9453E+001
2124.0000,8.4899E+001
2125.0000,2.3570E+001
2126.0000,5.4224E+001
2127.0000,5.6308E+001
2128.0000,6.6251E+001
2129.0000,3.8489E+001
2130.0000,8.0011E+001
2131.0000,5.8773E+001
2132.0000,1.5633E+001
2133.0000,4.3835E+001
2134.0000,7.4039E+001
2135.0000,5.2442E+001
2136.0000,3.4466E+001
2137.0000,5.1433E+001
2138.0000,7.1773E+001
2139.0000,6.5489E+001
2140.0000,4.8156E+001
2141.0000,6.6854E+001
2142.0000,6.5977E+001
2143.0000,4.5353E+001
2144.0000,7.9178E+000
2145.0000,3.4191E+001
2146.0000,9.5695E+000
2147.0000,5.7483E+001
2148.0000,6.6353E+001
2149.0000,6.6676E+001
2150.0000,6.2870E+001
2151.0000,1.1109E+001
2152.0000,2.3939E+001
2153.0000,3.0757E+001
2154.0000,4.9967E+001
2155.0000,5.3441E+001
2156.0000,3.1303E+001
2157.0000,5.9197E+001
2158.0000,1.2288E+001
2159.0000,3.9967E+001
2160.0000,3.8008E+001
2161.0000,3.7794E+001
2162.0000,2.9377E+001
2163.0000,5.1987E+001
2164.0000,2.6861E+001
2165.0000,2.2030E+001
2166.0000,2.9547E+001
2167.0000,4.5182E+001
2168.0000,3.3906E+001
2169.0000,1.9355E+001
2170.0000,2.5763E+001
2171.0000,5.0926E+000
2172.0000,3.1719E+001
2173.0000,3.7649E+001
2174.0000,5.2603E+001
2175.0000,5.3487E+001
2176.0000,5.2945E+001
2177.0000,1.8522E+001
2178.0000,1.9730E+001
2179.0000,2.2776E+001
2180.0000,3.3045E+001
2181.0000,3.5595E+001
2182.0000,4.1453E+001
2183.0000,4.6029E+001
2184.0000,2.8663E+001
2185.0000,1.6384E+001
2186.0000,1.3492E+001
2187.0000,2.6981E+001
2188.0000,3.0938E+001
2189.0000,5.1704E+001
2190.0000,4.3506E+001
2191.0000,2.8668E+001
2192.0000,2.1564E+001
2193.0000,5.0790E+001
2194.0000,2.4964E+001
2195.0000,7.4959E+000
2196.0000,4.1650E+001
2197.0000,4.8357E+001
2198.0000,7.0470E+000
2199.0000,2.9170E+001
2200.0000,5.7963E+001
2201.0000,3.1396E+001
2202.0000,5.8688E+001
2203.0000,9.9137E+000
2204.0000,3.3499E+001
2205.0000,5.4685E+001
2206.0000,6.0613E+001
2207.0000,3.0413E+001
2208.0000,3.3283E+001
2209.0000,2.5800E+001
2210.0000,3.0941E+001
2211.0000,4.2198E+001
2212.0000,4.1228E+001
2213.0000,5.0312E+001
2214.0000,1.9230E+001
2215.0000,6.7631E+001
2216.0000,7.0211E+001
2217.0000,2.6773E+001
2218.0000,2.4573E+001
2219.0000,7.8174E+001
2220.0000,7.1417E+001
2221.0000,7.8721E+001
2222.0000,7.2028E+001
2223.0000,6.2593E+001
2224.0000,4.2069E+001
2225.0000,8.5383E+001
2226.0000,6.8091E+001
2227.0000,8.0617E+001
2228.0000,2.9341E+001
2229.0000,9.0762E+001
2230.0000,9.3126E+001
2231.0000,1.5088E+001
2232.0000,7.0669E+001
2233.0000,7.4278E+001
2234.0000,4.7243E+001
2235.0000,3.8234E+001
2236.0000,7.0545E+001
2237.0000,6.7219E+001
2238.0000,7.2646E+001
2239.0000,8.7328E+001
2240.0000,8.8281E+001
2241.0000,1.0364E+002
2242.0000,7.5045E+001
2243.0000,5.2796E+001
2244.0000,4.0895E+001
2245.0000,8.6541E+001
2246.0000,2.2972E+001
2247.0000,1.1479E+002
2248.0000,4.8423E+001
2249.0000,8.0730E+001
2250.0000,6.4326E+001
2251.0000,4.5263E+001
2252.0000,1.1174E+002
2253.0000,6.1954E+001
2254.0000,1.0741E+002
2255.0000,8.6236E+001
2256.0000,9.4597E+001
2257.0000,1.0742E+002
2258.0000,1.0715E+002
2259.0000,1.0984E+002
2260.0000,8.1689E+001
2261.0000,1.0716E+002
2262.0000,1.1975E+002
2263.0000,1.3670E+002
2264.0000,1.2603E+002
2265.0000,1.2496E+002
2266.0000,2.8764E+001
2267.0000,6.2896E+001
2268.0000,1.0745E+002
2269.0000,1.5680E+001
2270.0000,1.4107E+002
2271.0000,1.2890E+002
2272.0000,4.5209E+001
2273.0000,5.6567E+001
2274.0000,1.0873E+002
2275.0000,1.6186E+002
2276.0000,1.6135E+002
2277.0000,1.1586E+002
2278.0000,8.5546E+001
2279.0000,6.0308E+001
2280.0000,1.6063E+002
2281.0000,1.8058E+002
2282.0000,1.8012E+002
2283.0000,1.3210E+002
2284.0000,1.1540E+002
2285.0000,1.2570E+002
2286.0000,7.5197E+001
2287.0000,7.8788E+001
2288.0000,1.3329E+002
2289.0000,1.6667E+002
2290.0000,1.4200E+002
2291.0000,1.2075E+002
2292.0000,1.7575E+002
2293.0000,1.2226E+002
2294.0000,1.3840E+002
2295.0000,1.6196E+002
2296.0000,1.7616E+002
2297.0000,1.3539E+002
2298.0000,1.6639E+002
2299.0000,1.2711E+002
2300.0000,1.5259E+002
2301.0000,1.7992E+002
2302.0000,1.8100E+002
2303.0000,6.0702E+001
2304.0000,3.1023E+001
2305.0000,1.1531E+002
2306.0000,1.4136E+002
2307.0000,1.5844E+002
2308.0000,1.5421E+002
2309.0000,1.5635E+002
2310.0000,1.9345E+002
2311.0000,1.1254E+002
2312.0000,2.0740E+002
2313.0000,2.0827E+002
2314.0000,9.5020E+001
2315.0000,3.7553E+001
2316.0000,4.7906E+001
2317.0000,1.1842E+002
2318.0000,2.0961E+002
2319.0000,2.0094E+002
2320.0000,1.4165E+002
2321.0000,1.0965E+002
2322.0000,4.6716E+001
2323.0000,1.9150E+002
2324.0000,2.1093E+002
2325.0000,2.1430E+002
2326.0000,1.6213E+002
2327.0000,1.3045E+002
2328.0000,4.8902E+001
2329.0000,1.9020E+002
2330.0000,1.9671E+002
2331.0000,4.7957E+001
2332.0000,2.0793E+002
2333.0000,2.0724E+002
2334.0000,1.7341E+002
2335.0000,1.4749E+002
2336.0000,1.7353E+002
2337.0000,2.1488E+002
2338.0000,1.7425E+002
2339.0000,1.3746E+002
2340.0000,1.9355E+002
2341.0000,1.7665E+002
2342.0000,2.0649E+002
2343.0000,1.9493E+002
2344.0000,1.4863E+002
2345.0000,1.8652E+002
2346.0000,1.2390E+002
2347.0000,4.9761E+001
2348.0000,8.4570E+001
2349.0000,3.4805E+001
2350.0000,1.5812E+002
2351.0000,1.4258E+002
2352.0000,2.0538E+002
2353.0000,2.1288E+002
2354.0000,1.3616E+002
2355.0000,1.4313E+002
2356.0000,2.1901E+002
2357.0000,2.1167E+002
2358.0000,1.2568E+001
2359.0000,1.1452E+002
2360.0000,1.6025E+002
2361.0000,2.0580E+002
2362.0000,1.4574E+002
2363.0000,2.0907E+002
2364.0000,1.8553E+002
2365.0000,1.9948E+002
2366.0000,2.0684E+002
2367.0000,1.9559E+002
2368.0000,1.0397E+002
2369.0000,5.1419E+001
2370.0000,1.4459E+002
2371.0000,1.9197E+002
2372.0000,1.5188E+002
2373.0000,1.8595E+002
2374.0000,6.8531E+001
2375.0000,1.8551E+002
2376.0000,1.0919E+002
2377.0000,1.4537E+002
2378.0000,1.7057E+002
2379.0000,1.8595E+002
2380.0000,1.9184E+002
2381.0000,1.3572E+002
2382.0000,1.7511E+002
2383.0000,1.7373E+002
2384.0000,1.2835E+002
2385.0000,1.9275E+002
2386.0000,1.9407E+002
2387.0000,1.8039E+002
2388.0000,1.8905E+002
2389.0000,1.8822E+002
2390.0000,1.9534E+002
2391.0000,1.0807E+002
2392.0000,2.0367E+002
2393.0000,1.6602E+002
2394.0000,9.4818E+001
2395.0000,1.6870E+002
2396.0000,1.8569E+002
2397.0000,1.8060E+002
2398.0000,1.9295E+002
2399.0000,1.8544E+002
2400.0000,1.8700E+002
2401.0000,1.7483E+002
2402.0000,1.6822E+002
2403.0000,1.8309E+002
2404.0000,1.7321E+002
2405.0000,1.3986E+002
2406.0000,7.8218E+001
2407.0000,1.4131E+002
2408.0000,1.8324E+002
2409.0000,1.6519E+002
2410.0000,5.3467E+001
2411.0000,2.4896E+001
2412.0000,1.7080E+002
2413.0000,1.6899E+002
2414.0000,1.7797E+002
2415.0000,8.7580E+001
2416.0000,2.9382E+001
2417.0000,1.7448E+001
2418.0000,2.6424E+001
2419.0000,1.0693E+002
2420.0000,1.3414E+002
2421.0000,1.1082E+002
2422.0000,7.3008E+001
2423.0000,1.7194E+002
2424.0000,1.6553E+002
2425.0000,1.5120E+002
2426.0000,1.4349E+002
2427.0000,1.3392E+002
2428.0000,1.3085E+002
2429.0000,1.5287E+002
2430.0000,1.5684E+002
2431.0000,1.7761E+002
2432.0000,2.1035E+001
2433.0000,1.4181E+002
2434.0000,1.5643E+002
2435.0000,1.6313E+002
2436.0000,1.2829E+002
2437.0000,1.3921E+002
2438.0000,1.4048E+002
2439.0000,1.6159E+002
2440.0000,1.6340E+002
2441.0000,1.6193E+002
2442.0000,4.1285E+001
2443.0000,8.8504E+000
2444.0000,1.1971E+002
2445.0000,5.5062E+001
2446.0000,1.2437E+002
2447.0000,1.1583E+002
2448.0000,1.3771E+002
2449.0000,1.4915E+002
2450.0000,1.4490E+002
2451.0000,1.3264E+002
2452.0000,6.7411E+001
2453.0000,1.4428E+002
2454.0000,3.0592E+001
2455.0000,6.5308E+001
2456.0000,4.5542E+001
2457.0000,1.2404E+002
2458.0000,1.2368E+002
2459.0000,9.1105E+000
2460.0000,5.9027E+001
2461.0000,1.2246E+002
2462.0000,2.2048E+001
2463.0000,7.4256E+001
2464.0000,1.1547E+002
2465.0000,6.7218E+001
2466.0000,7.9739E+001
2467.0000,1.1015E+002
2468.0000,1.0792E+002
2469.0000,6.6624E+001
2470.0000,4.8392E+001
2471.0000,1.1062E+002
2472.0000,1.1194E+002
2473.0000,1.1097E+002
2474.0000,9.7077E+001
2475.0000,9.5973E+001
2476.0000,6.4965E+001
2477.0000,9.3909E+001
2478.0000,1.6687E+001
2479.0000,9.1272E+001
2480.0000,8.7329E+001
2481.0000,2.0147E+001
2482.0000,9.8138E+001
2483.0000,7.4651E+001
2484.0000,4.7819E+001
2485.0000,2.6793E+001
2486.0000,7.0757E+001
2487.0000,3.0098E+001
2488.0000,4.6129E+001
2489.0000,1.0971E+001
2490.0000,6.1330E+001
2491.0000,6.3936E+001
2492.0000,2.6371E+001
2493.0000,1.9483E+001
2494.0000,6.2811E+001
2495.0000,3.1330E+001
2496.0000,7.7866E+001
2497.0000,6.6154E+001
2498.0000,6.0145E+001
2499.0000,3.6070E+001
2500.0000,2.3406E+001
2501.0000,7.2881E+001
2502.0000,2.8488E+001
2503.0000,2.4694E+001
2504.0000,2.3406E+001
2505.0000,7.1649E+001
2506.0000,7.0391E+001
2507.0000,5.6711E+001
2508.0000,6.2944E+001
2509.0000,5.3440E+001
2510.0000,1.3999E+001
2511.0000,1.1622E+001
2512.0000,7.1710E+000
2513.0000,4.0410E+001
2514.0000,2.4215E+001
2515.0000,2.6276E+001
2516.0000,1.4866E+001
2517.0000,3.1141E+001
2518.0000,3.9959E+001
2519.0000,5.7715E+001
2520.0000,4.3752E+001
2521.0000,3.2702E+001
2522.0000,5.4707E+001
2523.0000,4.4351E+001
2524.0000,4.8816E+000
2525.0000,3.1116E+001
2526.0000,4.3479E+001
2527.0000,2.3755E+001
2528.0000,1.8009E+001
2529.0000,5.2653E+000
2530.0000,4.5758E+001
2531.0000,2.9201E+001
2532.0000,4.5200E+001
2533.0000,5.3620E+001
2534.0000,5.4281E+001
2535.0000,5.0958E+001
2536.0000,1.4005E+001
2537.0000,2.5850E+001
2538.0000,1.9967E+001
2539.0000,3.6221E+001
2540.0000,5.5258E+000
2541.0000,5.0039E+001
2542.0000,1.5855E+001
2543.0000,2.9553E+001
2544.0000,5.1438E+001
2545.0000,4.7593E+001
2546.0000,5.2419E+001
2547.0000,4.8744E+001
2548.0000,6.3886E+000
2549.0000,1.0101E+001
2550.0000,4.3416E+001
2551.0000,2.7726E+001
2552.0000,3.5288E+001
2553.0000,4.8774E+001
2554.0000,3.6845E+001
2555.0000,7.6048E+000
2556.0000,2.3612E+001
2557.0000,1.8331E+001
2558.0000,6.5498E+000
2559.0000,2.8007E+001
2560.0000,4.0330E+001
2561.0000,5.0400E+001
2562.0000,4.0705E+001
2563.0000,1.3789E+001
2564.0000,3.8723E+001
2565.0000,5.5745E+001
2566.0000,5.2934E+001
2567.0000,5.3719E+001
2568.0000,6.0094E+001
2569.0000,4.6404E+001
2570.0000,1.1951E+001
2571.0000,1.4539E+001
2572.0000,3.2086E+001
2573.0000,4.1947E+001
2574.0000,3.3146E+001
2575.0000,4.8495E+001
2576.0000,6.8968E+001
2577.0000,6.6282E+001
2578.0000,4.3895E+001
2579.0000,6.5425E+001
2580.0000,5.8216E+001
2581.0000,1.3312E+001
2582.0000,4.5705E+001
2583.0000,3.8830E+001
2584.0000,7.8278E+001
2585.0000,5.9195E+001
2586.0000,3.5374E+001
2587.0000,2.8411E+001
2588.0000,1.8901E+001
2589.0000,8.3076E+001
2590.0000,5.9001E+001
2591.0000,1.3664E+001
2592.0000,2.2266E+001
2593.0000,2.8602E+001
2594.0000,1.9098E+001
2595.0000,4.2853E+001
2596.0000,4.7297E+001
2597.0000,9.2950E+001
2598.0000,8.8874E+001
2599.0000,9.3646E+001
2600.0000,2.9699E+001
2601.0000,5.8918E+001
2602.0000,2.5188E+001
2603.0000,4.5712E+001
2604.0000,1.6432E+001
2605.0000,4.0260E+001
2606.0000,8.7150E+001
2607.0000,8.2545E+001
2608.0000,9.0681E+001
2609.0000,6.2217E+001
2610.0000,1.0677E+002
2611.0000,5.9096E+001
2612.0000,1.1442E+002
2613.0000,3.3004E+001
2614.0000,5.6292E+001
2615.0000,2.5284E+001
2616.0000,4.7338E+001
2617.0000,1.0491E+002
2618.0000,6.5870E+001
2619.0000,9.5575E+001
2620.0000,1.1969E+002
2621.0000,1.5162E+001
2622.0000,1.6186E+001
2623.0000,8.3559E+001
2624.0000,1.0456E+002
2625.0000,8.4654E+001
2626.0000,6.6372E+001
2627.0000,1.3138E+002
2628.0000,1.4322E+002
2629.0000,1.0004E+002
2630.0000,5.9242E+001
2631.0000,9.7420E+001
2632.0000,1.2257E+002
2633.0000,1.4570E+002
2634.0000,1.1439E+002
2635.0000,4.3703E+001
2636.0000,1.6528E+001
2637.0000,7.5118E+001
2638.0000,1.1572E+002
2639.0000,9.7513E+001
2640.0000,3.5430E+001
2641.0000,6.0780E+001
2642.0000,2.5339E+001
2643.0000,2.7098E+001
2644.0000,2.1990E+001
2645.0000,2.6030E+001
2646.0000,7.9150E+001
2647.0000,1.2351E+002
2648.0000,1.3229E+002
2649.0000,1.2865E+002
2650.0000,1.1781E+002
2651.0000,2.6703E+001
2652.0000,4.1702E+001
2653.0000,4.9801E+001
2654.0000,3.2841E+001
2655.0000,7.8748E+001
2656.0000,9.5273E+001
2657.0000,2.6045E+001
2658.0000,1.7306E+002
2659.0000,2.5611E+001
2660.0000,1.5641E+002
2661.0000,1.7973E+002
2662.0000,1.6794E+002
2663.0000,1.2881E+002
2664.0000,1.8436E+002
2665.0000,1.7076E+002
2666.0000,1.8802E+002
2667.0000,1.9212E+002
2668.0000,1.4400E+002
2669.0000,7.5957E+001
2670.0000,1.8402E+002
2671.0000,1.6933E+002
2672.0000,1.6563E+002
2673.0000,7.1905E+001
2674.0000,9.6218E+001
2675.0000,5.9931E+001
2676.0000,1.4944E+002
2677.0000,2.8309E+001
2678.0000,3.5662E+001
2679.0000,1.9572E+002
2680.0000,1.9857E+002
2681.0000,2.0104E+002
2682.0000,1.9810E+002
2683.0000,7.4269E+001
2684.0000,2.0799E+002
2685.0000,3.1017E+001
2686.0000,1.8609E+002
2687.0000,1.4760E+002
2688.0000,1.9576E+002
2689.0000,1.0597E+002
2690.0000,9.3423E+001
2691.0000,2.1402E+002
2692.0000,1.8364E+002
2693.0000,9.5514E+001
2694.0000,1.1213E+002
2695.0000,1.6582E+002
2696.0000,1.5467E+002
2697.0000,1.6444E+002
2698.0000,1.5773E+002
2699.0000,1.4142E+002
2700.0000,1.2302E+002
2701.0000,1.8737E+002
2702.0000,1.9784E+002
2703.0000,2.0114E+002
2704.0000,1.9889E+002
2705.0000,1.3097E+002
2706.0000,1.8286E+002
2707.0000,1.7250E+002
2708.0000,1.6274E+002
2709.0000,1.5160E+001
2710.0000,5.4928E+001
2711.0000,7.6582E+001
2712.0000,6.3269E+001
2713.0000,1.5349E+002
2714.0000,9.9148E+001
2715.0000,2.1308E+002
2716.0000,1.7834E+002
2717.0000,2.1267E+001
2718.0000,2.0407E+002
2719.0000,1.5810E+002
2720.0000,2.2318E+002
2721.0000,2.1908E+002
2722.0000,1.7134E+002
2723.0000,9.0317E+001
2724.0000,1.5846E+002
2725.0000,1.1647E+002
2726.0000,1.4773E+002
2727.0000,2.0415E+002
2728.0000,2.0158E+002
2729.0000,1.7928E+002
2730.0000,1.3404E+002
2731.0000,1.8315E+002
2732.0000,1.7941E+002
2733.0000,1.6970E+002
2734.0000,2.1047E+002
2735.0000,1.6386E+002
2736.0000,1.6745E+002
2737.0000,1.4716E+002
2738.0000,1.5568E+002
2739.0000,1.9472E+002
2740.0000,2.0337E+002
2741.0000,2.0182E+002
2742.0000,1.9873E+002
2743.0000,3.4552E+001
2744.0000,1.4789E+002
2745.0000,2.4143E+001
2746.0000,1.3622E+001
2747.0000,1.1785E+002
2748.0000,1.5110E+002
2749.0000,1.5801E+002
2750.0000,1.6695E+002
2751.0000,1.8300E+002
2752.0000,1.7125E+002
2753.0000,1.5110E+002
2754.0000,1.9484E+002
2755.0000,1.2027E+002
2756.0000,1.3131E+002
2757.0000,1.5376E+002
2758.0000,5.7646E+001
2759.0000,1.2062E+002
2760.0000,1.3467E+002
2761.0000,1.5937E+002
2762.0000,1.8203E+002
2763.0000,3.1617E+001
2764.0000,1.6676E+002
2765.0000,1.1418E+002
2766.0000,4.2489E+001
2767.0000,1.2783E+002
2768.0000,1.8972E+002
2769.0000,1.7547E+002
2770.0000,5.4717E+001
2771.0000,4.3134E+001
2772.0000,1.7570E+002
2773.0000,1.2897E+002
2774.0000,1.8294E+002
2775.0000,1.9121E+002
2776.0000,3.6916E+001
2777.0000,2.6881E+001
2778.0000,1.4853E+002
2779.0000,1.1577E+002
2780.0000,1.8196E+002
2781.0000,2.5083E+001
2782.0000,1.3272E+002
2783.0000,1.6832E+002
2784.0000,1.6325E+002
2785.0000,1.2859E+002
2786.0000,1.8303E+002
2787.0000,1.0080E+002
2788.0000,5.7466E+001
2789.0000,1.5188E+002
2790.0000,1.6173E+002
2791.0000,1.6816E+002
2792.0000,8.1046E+001
2793.0000,1.1009E+002
2794.0000,1.5631E+002
2795.0000,1.7094E+002
2796.0000,1.7772E+002
2797.0000,4.9839E+001
2798.0000,1.0865E+001
2799.0000,2.0821E+001
2800.0000,1.9565E+001
2801.0000,5.3071E+001
2802.0000,5.8955E+001
2803.0000,2.0341E+001
2804.0000,1.1473E+002
2805.0000,1.4103E+002
2806.0000,5.7155E+001
2807.0000,1.4756E+002
2808.0000,1.5023E+002
2809.0000,1.5699E+002
2810.0000,1.5479E+002
2811.0000,8.1625E+001
2812.0000,2.6944E+001
2813.0000,1.1774E+002
2814.0000,1.2908E+002
2815.0000,1.3064E+002
2816.0000,1.2069E+002
2817.0000,1.3681E+002
2818.0000,1.2641E+002
2819.0000,2.6070E+001
2820.0000,1.3815E+002
2821.0000,1.3482E+002
2822.0000,1.3080E+002
2823.0000,9.1239E+001
2824.0000,9.2144E+001
2825.0000,1.1763E+002
2826.0000,1.2493E+002
2827.0000,1.2354E+002
2828.0000,9.9226E+001
2829.0000,1.0914E+001
2830.0000,8.5353E+001
2831.0000,1.0703E+002
2832.0000,2.9930E+001
2833.0000,5.2276E+001
2834.0000,1.0995E+002
2835.0000,8.5126E+001
2836.0000,6.6562E+001
2837.0000,5.7391E+001
2838.0000,7.5390E+001
2839.0000,5.7470E+001
2840.0000,1.1027E+002
2841.0000,8.5002E+001
2842.0000,2.5301E+001
2843.0000,5.0531E+001
2844.0000,9.7065E+001
2845.0000,6.3214E+001
2846.0000,6.9926E+001
2847.0000,5.9404E+001
2848.0000,7.7781E+001
2849.0000,2.0438E+001
2850.0000,5.5370E+001
2851.0000,8.5147E+001
2852.0000,6.2117E+001
2853.0000,9.1934E+001
2854.0000,5.7132E+001
2855.0000,1.0193E+001
2856.0000,7.6201E+001
2857.0000,7.5733E+001
2858.0000,8.4577E+001
2859.0000,8.5473E+001
2860.0000,8.4534E+001
2861.0000,8.2430E+001
2862.0000,1.3252E+001
2863.0000,4.4567E+001
2864.0000,1.8738E+001
2865.0000,1.0584E+001
2866.0000,4.6044E+001
2867.0000,7.4762E+001
2868.0000,7.3040E+001
2869.0000,3.5058E+001
2870.0000,4.4474E+001
2871.0000,4.4718E+001
2872.0000,2.4326E+001
2873.0000,5.7958E+001
2874.0000,3.6564E+001
2875.0000,1.8744E+001
2876.0000,3.1980E+001
2877.0000,6.1481E+001
2878.0000,4.8510E+001
2879.0000,2.7661E+001
2880.0000,6.1866E+001
2881.0000,5.6868E+001
2882.0000,3.3880E+001
2883.0000,5.8446E+000
2884.0000,3.2335E+001
2885.0000,3.4233E+001
2886.0000,5.2870E+001
2887.0000,2.4718E+001
2888.0000,1.0908E+001
2889.0000,4.8418E+001
2890.0000,8.9139E+000
2891.0000,1.3752E+001
2892.0000,2.3536E+001
2893.0000,5.2675E+001
2894.0000,1.3543E+001
2895.0000,5.7179E+000
2896.0000,1.6931E+001
2897.0000,8.4936E+000
2898.0000,5.3748E+001
2899.0000,5.5011E+001
2900.0000,5.3856E+001
2901.0000,1.0560E+001
2902.0000,2.8121E+001
2903.0000,4.7633E+001
2904.0000,4.4192E+001
2905.0000,4.7765E+001
2906.0000,3.1244E+001
2907.0000,2.8042E+001
2908.0000,1.4095E+001
2909.0000,3.1653E+001
2910.0000,5.2775E+001
2911.0000,5.4487E+001
2912.0000,3.5484E+001
2913.0000,3.7361E+001
2914.0000,5.0078E+001
2915.0000,7.2025E+000
2916.0000,3.1231E+001
2917.0000,4.8955E+001
2918.0000,6.0548E+000
2919.0000,2.2011E+001
2920.0000,2.8836E+001
2921.0000,3.2554E+001
2922.0000,4.3585E+001
2923.0000,5.6280E+001
2924.0000,1.0721E+001
2925.0000,3.2032E+001
2926.0000,5.3597E+001
2927.0000,5.5461E+001
2928.0000,4.6191E+001
2929.0000,4.4962E+001
2930.0000,4.8252E+001
2931.0000,1.0324E+001
2932.0000,2.0197E+001
2933.0000,5.2709E+001
2934.0000,5.1235E+001
2935.0000,3.9597E+001
2936.0000,4.4610E+001
2937.0000,6.1315E+001
2938.0000,1.1283E+001
2939.0000,4.3671E+001
2940.0000,5.3416E+001
2941.0000,3.7209E+001
2942.0000,4.8972E+001
2943.0000,5.0336E+001
2944.0000,5.9781E+001
2945.0000,4.8272E+001
2946.0000,5.6193E+001
2947.0000,6.1203E+001
2948.0000,5.8741E+001
2949.0000,3.3560E+001
2950.0000,3.1562E+001
2951.0000,5.4520E+001
2952.0000,7.6835E+001
2953.0000,6.0920E+001
2954.0000,4.9364E+001
2955.0000,6.9265E+001
2956.0000,6.6831E+001
2957.0000,7.1247E+001
2958.0000,3.7871E+001
2959.0000,2.4229E+001
2960.0000,2.8711E+001
2961.0000,9.0333E+001
2962.0000,6.0595E+001
2963.0000,2.4534E+001
2964.0000,1.2250E+001
2965.0000,3.4710E+001
2966.0000,6.6770E+001
2967.0000,6.0341E+001
2968.0000,9.5671E+001
2969.0000,9.5797E+001
2970.0000,3.7543E+001
2971.0000,9.3110E+001
2972.0000,9.3664E+001
2973.0000,7.8021E+001
2974.0000,1.9170E+001
2975.0000,8.0036E+001
2976.0000,8.4903E+001
2977.0000,1.0703E+002
2978.0000,8.7575E+001
2979.0000,9.3226E+001
2980.0000,8.4509E+001
2981.0000,2.3224E+001
2982.0000,1.2809E+001
2983.0000,1.4108E+001
2984.0000,2.1760E+001
2985.0000,6.7713E+001
2986.0000,9.1277E+001
2987.0000,1.1961E+002
2988.0000,1.2818E+002
2989.0000,1.2132E+002
2990.0000,9.4030E+001
2991.0000,1.3703E+002
2992.0000,5.9349E+001
2993.0000,2.4526E+001
2994.0000,1.7540E+001
2995.0000,5.0500E+001
2996.0000,1.1703E+002
2997.0000,1.5200E+002
2998.0000,4.8990E+001
2999.0000,3.0695E+001
3000.0000,4.4088E+001
3001.0000,9.1803E+001
3002.0000,8.4341E+001
3003.0000,1.4211E+002
3004.0000,1.1077E+002
3005.0000,1.4483E+002
3006.0000,1.5320E+002
3007.0000,1.2260E+002
3008.0000,1.4683E+002
3009.0000,1.5225E+002
3010.0000,1.4512E+002
3011.0000,1.5500E+002
3012.0000,1.5922E+002
3013.0000,1.3441E+002
3014.0000,1.5059E+002
3015.0000,1.4714E+002
3016.0000,1.6543E+002
3017.0000,1.2824E+002
3018.0000,3.2888E+001
3019.0000,1.1666E+002
3020.0000,1.2513E+002
3021.0000,1.4725E+002
3022.0000,1.1167E+002
3023.0000,1.4503E+002
3024.0000,4.5536E+001
3025.0000,6.7944E+001
3026.0000,1.3767E+002
3027.0000,9.6157E+001
3028.0000,9.3474E+001
3029.0000,1.0185E+002
3030.0000,1.1409E+002
3031.0000,1.2834E+002
3032.0000,9.7422E+001
3033.0000,1.0928E+002
3034.0000,1.0264E+002
3035.0000,3.6547E+001
3036.0000,3.3299E+001
3037.0000,2.0010E+002
3038.0000,1.9505E+002
3039.0000,1.7157E+002
3040.0000,1.7339E+002
3041.0000,1.8701E+002
3042.0000,1.8201E+002
3043.0000,1.8224E+002
3044.0000,1.8983E+002
3045.0000,1.9086E+002
3046.0000,2.1226E+002
3047.0000,1.7297E+002
3048.0000,3.2449E+001
3049.0000,2.0540E+002
3050.0000,2.0820E+002
3051.0000,1.4237E+002
3052.0000,2.0674E+002
3053.0000,1.8656E+002
3054.0000,1.5263E+002
3055.0000,1.3306E+002
3056.0000,1.9117E+002
3057.0000,2.0598E+002
3058.0000,2.0346E+002
3059.0000,3.0051E+001
3060.0000,3.3862E+001
3061.0000,9.4029E+001
3062.0000,9.9441E+001
3063.0000,1.0586E+002
3064.0000,1.6753E+002
3065.0000,1.8788E+002
3066.0000,1.8004E+002
3067.0000,1.5400E+002
3068.0000,1.9919E+002
3069.0000,1.8597E+002
3070.0000,1.9329E+002
3071.0000,1.8521E+002
3072.0000,1.7241E+002
3073.0000,1.7919E+002
3074.0000,2.0813E+002
3075.0000,2.0086E+002
3076.0000,1.8839E+002
3077.0000,1.9177E+002
3078.0000,7.2898E+001
3079.0000,2.0042E+002
3080.0000,2.0658E+002
3081.0000,2.4370E+001
3082.0000,2.1166E+002
3083.0000,1.9046E+002
3084.0000,7.8706E+001
3085.0000,2.0374E+002
3086.0000,6.8084E+001
3087.0000,1.5292E+001
3088.0000,2.6856E+001
3089.0000,2.4858E+001
3090.0000,1.3179E+002
3091.0000,1.9024E+002
3092.0000,2.1171E+002
3093.0000,2.1636E+002
3094.0000,2.0161E+002
3095.0000,1.3935E+002
3096.0000,2.0373E+002
3097.0000,2.0370E+002
3098.0000,2.0303E+002
3099.0000,9.0137E+001
3100.0000,4.3612E+001
3101.0000,1.4225E+002
3102.0000,1.4723E+002
3103.0000,2.1218E+002
3104.0000,1.2402E+002
3105.0000,1.9415E+002
3106.0000,4.2906E+001
3107.0000,1.9747E+002
3108.0000,1.8962E+002
3109.0000,1.9817E+002
3110.0000,2.0259E+002
3111.0000,2.0187E+002
3112.0000,9.9073E+001
3113.0000,1.1480E+002
3114.0000,1.6295E+002
3115.0000,1.7265E+002
3116.0000,1.8885E+002
3117.0000,1.9497E+002
3118.0000,1.2528E+002
3119.0000,1.9699E+002
3120.0000,1.7921E+002
3121.0000,1.8509E+002
3122.0000,1.7168E+002
3123.0000,1.7526E+002
3124.0000,1.7979E+002
3125.0000,1.5136E+002
3126.0000,1.5580E+002
3127.0000,1.9627E+002
3128.0000,1.6612E+002
3129.0000,1.5317E+002
3130.0000,1.6067E+002
3131.0000,1.8843E+002
3132.0000,1.5748E+002
3133.0000,1.8968E+002
3134.0000,1.0459E+002
3135.0000,1.9226E+002
3136.0000,1.9088E+002
3137.0000,1.7304E+002
3138.0000,1.6337E+002
3139.0000,1.2100E+002
3140.0000,1.7854E+002
3141.0000,9.7729E+001
3142.0000,2.0823E+001
3143.0000,1.8375E+002
3144.0000,1.7770E+002
3145.0000,1.5310E+002
3146.0000,1.4772E+002
3147.0000,1.6584E+002
3148.0000,1.7832E+002
3149.0000,1.4081E+001
3150.0000,1.1468E+002
3151.0000,1.7891E+002
3152.0000,1.5888E+002
3153.0000,1.7509E+002
3154.0000,1.6461E+002
3155.0000,6.2023E+001
3156.0000,2.7693E+001
3157.0000,1.7480E+002
3158.0000,1.7528E+002
3159.0000,1.6954E+002
3160.0000,1.6860E+002
3161.0000,7.3970E+001
3162.0000,9.2604E+001
3163.0000,5.2191E+001
3164.0000,1.0576E+002
3165.0000,1.4941E+002
3166.0000,1.1149E+002
3167.0000,3.9985E+001
3168.0000,1.3317E+002
3169.0000,7.5593E+001
3170.0000,1.5802E+002
3171.0000,1.6141E+002
3172.0000,1.4034E+002
3173.0000,1.4495E+001
3174.0000,8.4497E+001
3175.0000,1.0245E+002
3176.0000,1.4597E+002
3177.0000,1.2797E+002
3178.0000,4.0346E+001
3179.0000,1.3208E+002
3180.0000,1.4482E+002
3181.0000,1.4632E+002
3182.0000,1.4270E+002
3183.0000,1.3239E+002
3184.0000,1.2325E+002
3185.0000,9.6833E+001
3186.0000,9.1734E+001
3187.0000,3.7443E+001
3188.0000,2.9797E+001
3189.0000,4.9797E+001
3190.0000,1.2029E+001
3191.0000,8.6321E+001
3192.0000,4.9210E+001
3193.0000,5.3627E+001
3194.0000,1.1474E+002
3195.0000,1.0313E+002
3196.0000,1.3779E+001
3197.0000,7.6274E+001
3198.0000,1.1850E+002
3199.0000,4.8215E+001
3200.0000,7.9654E+001
3201.0000,6.0639E+001
3202.0000,9.2211E+001
3203.0000,1.5316E+001
3204.0000,1.4834E+001
3205.0000,8.3432E+001
3206.0000,6.5008E+001
3207.0000,1.0238E+002
3208.0000,1.0672E+002
3209.0000,1.0472E+002
3210.0000,1.0335E+002
3211.0000,9.6960E+001
3212.0000,2.7598E+001
3213.0000,2.0511E+001
3214.0000,7.0310E+001
3215.0000,1.0657E+001
3216.0000,8.5275E+000
3217.0000,4.5217E+001
3218.0000,2.4429E+001
3219.0000,5.2182E+001
3220.0000,6.8683E+001
3221.0000,6.7917E+001
3222.0000,8.7119E+001
3223.0000,7.2179E+001
3224.0000,2.9432E+001
3225.0000,1.7809E+001
3226.0000,3.0994E+001
3227.0000,3.4800E+001
3228.0000,3.4624E+001
3229.0000,4.2005E+001
3230.0000,8.8001E+000
3231.0000,4.7481E+001
3232.0000,4.2760E+001
3233.0000,7.5008E+001
3234.0000,5.5161E+001
3235.0000,5.5495E+001
3236.0000,2.6158E+001
3237.0000,1.8819E+001
3238.0000,3.8479E+001
3239.0000,2.6664E+001
3240.0000,5.4484E+001
3241.0000,6.5934E+001
3242.0000,1.6757E+001
3243.0000,1.1749E+001
3244.0000,4.8264E+001
3245.0000,3.5616E+001
3246.0000,5.0845E+001
3247.0000,2.9890E+001
3248.0000,2.6924E+001
3249.0000,3.3223E+001
3250.0000,5.8427E+001
3251.0000,5.3408E+001
3252.0000,4.1792E+001
3253.0000,5.5667E+001
3254.0000,4.3949E+001
3255.0000,2.0729E+001
3256.0000,6.0862E+000
3257.0000,3.3761E+001
3258.0000,4.6701E+001
3259.0000,6.2001E+000
3260.0000,2.8070E+001
3261.0000,3.2815E+001
3262.0000,1.1934E+001
3263.0000,1.6896E+001
3264.0000,4.1176E+001
3265.0000,5.0454E+001
3266.0000,4.2457E+001
3267.0000,3.0830E+001
3268.0000,2.1413E+001
3269.0000,4.4136E+001
3270.0000,3.2622E+001
3271.0000,4.8486E+001
3272.0000,2.4629E+001
3273.0000,3.6783E+001
3274.0000,2.7493E+001
3275.0000,5.2455E+001
3276.0000,5.3740E+001
3277.0000,5.3477E+001
3278.0000,5.2326E+001
3279.0000,3.9841E+001
3280.0000,1.4847E+001
3281.0000,3.3915E+001
3282.0000,5.4588E+001
3283.0000,4.0094E+001
3284.0000,4.2756E+001
3285.0000,5.5306E+001
3286.0000,1.9770E+001
3287.0000,4.0790E+001
3288.0000,4.8358E+001
3289.0000,3.1847E+001
3290.0000,5.5807E+001
3291.0000,5.8009E+001
3292.0000,2.2335E+001
3293.0000,3.8139E+001
3294.0000,2.1790E+001
3295.0000,1.4714E+001
3296.0000,3.8207E+001
3297.0000,5.2235E+001
3298.0000,5.0747E+001
3299.0000,3.2347E+001
3300.0000,4.3848E+001
3301.0000,4.9787E+001
3302.0000,5.0370E+001
3303.0000,6.2244E+001
3304.0000,5.8920E+001
3305.0000,4.8858E+001
3306.0000,5.0103E+001
3307.0000,6.6617E+001
3308.0000,6.3023E+001
3309.0000,3.8373E+001
3310.0000,7.9737E+000
3311.0000,5.3533E+001
3312.0000,3.9787E+001
3313.0000,3.0934E+001
3314.0000,1.3924E+001
3315.0000,1.2208E+001
3316.0000,1.9853E+001
3317.0000,5.6937E+001
3318.0000,6.9130E+001
3319.0000,4.4842E+001
3320.0000,8.2947E+000
3321.0000,2.0847E+001
3322.0000,4.2135E+001
3323.0000,8.5291E+001
3324.0000,7.9649E+001
3325.0000,1.1844E+001
3326.0000,2.1874E+001
3327.0000,4.7161E+001
3328.0000,6.0940E+001
3329.0000,7.2956E+001
3330.0000,9.3510E+001
3331.0000,7.6097E+001
3332.0000,3.0662E+001
3333.0000,4.2527E+001
3334.0000,1.0460E+002
3335.0000,1.0769E+002
3336.0000,7.9001E+001
3337.0000,1.6622E+001
3338.0000,1.0307E+002
3339.0000,6.3706E+001
3340.0000,7.6613E+001
3341.0000,8.2038E+001
3342.0000,5.4437E+001
3343.0000,1.8494E+001
3344.0000,4.3358E+001
3345.0000,8.6005E+001
3346.0000,1.1473E+002
3347.0000,1.1223E+002
3348.0000,8.9634E+001
3349.0000,6.5403E+001
3350.0000,1.1963E+002
3351.0000,9.8421E+001
3352.0000,9.2914E+001
3353.0000,4.5195E+001
3354.0000,6.7267E+001
3355.0000,1.4118E+002
3356.0000,1.2813E+002
3357.0000,1.0987E+002
3358.0000,1.4375E+002
3359.0000,8.0153E+001
3360.0000,6.7338E+001
3361.0000,7.1260E+001
3362.0000,1.4663E+002
3363.0000,1.4940E+002
3364.0000,3.2685E+001
3365.0000,1.3590E+002
3366.0000,1.1601E+002
3367.0000,1.3923E+002
3368.0000,1.3002E+002
3369.0000,1.4609E+002
3370.0000,1.4942E+002
3371.0000,8.2825E+001
3372.0000,4.7364E+001
3373.0000,2.2106E+001
3374.0000,4.2551E+001
3375.0000,1.4621E+002
3376.0000,1.5787E+002
3377.0000,1.6656E+002
3378.0000,1.7060E+002
3379.0000,1.7072E+002
3380.0000,1.4470E+002
3381.0000,1.7298E+001
3382.0000,1.6662E+001
3383.0000,2.7215E+001
3384.0000,3.2015E+001
3385.0000,1.1277E+002
3386.0000,5.7475E+001
3387.0000,1.3664E+002
3388.0000,1.4183E+002
3389.0000,3.4043E+001
3390.0000,2.6579E+001
3391.0000,4.0604E+001
3392.0000,3.0248E+001
3393.0000,1.3535E+002
3394.0000,1.3083E+002
3395.0000,1.2288E+002
3396.0000,1.2346E+002
3397.0000,6.9608E+001
3398.0000,1.1085E+002
3399.0000,1.6112E+002
3400.0000,1.3082E+002
3401.0000,1.3391E+002
3402.0000,1.7899E+002
3403.0000,2.2801E+001
3404.0000,1.9448E+001
3405.0000,1.4527E+002
3406.0000,1.7812E+002
3407.0000,2.0063E+002
3408.0000,1.0383E+002
3409.0000,5.3833E+001
3410.0000,2.0514E+002
3411.0000,2.0696E+002
3412.0000,5.8557E+001
3413.0000,1.4373E+002
3414.0000,2.1271E+002
3415.0000,2.0969E+002
3416.0000,2.0093E+002
3417.0000,1.9583E+002
3418.0000,2.0286E+002
3419.0000,2.0653E+002
3420.0000,5.8530E+001
3421.0000,8.8913E+001
3422.0000,1.4536E+002
3423.0000,1.4418E+002
3424.0000,2.0969E+002
3425.0000,3.7744E+001
3426.0000,1.5257E+002
3427.0000,1.0019E+002
3428.0000,2.0725E+001
3429.0000,2.3608E+001
3430.0000,1.9858E+002
3431.0000,2.0159E+002
3432.0000,1.6500E+002
3433.0000,7.3243E+001
3434.0000,2.0576E+002
3435.0000,1.9759E+002
3436.0000,8.9640E+001
3437.0000,7.6798E+001
3438.0000,9.1419E+001
3439.0000,1.4136E+002
3440.0000,1.5850E+002
3441.0000,1.5844E+002
3442.0000,1.8559E+002
3443.0000,2.1137E+002
3444.0000,2.1234E+002
3445.0000,2.1353E+002
3446.0000,1.8174E+002
3447.0000,1.8699E+002
3448.0000,1.5004E+002
3449.0000,1.6078E+002
3450.0000,1.8115E+002
3451.0000,2.1811E+002
3452.0000,2.1707E+002
3453.0000,2.0451E+002
3454.0000,1.1280E+002
3455.0000,1.2368E+001
3456.0000,1.2344E+001
3457.0000,5.2959E+001
3458.0000,1.9462E+002
3459.0000,2.0810E+002
3460.0000,2.0789E+002
3461.0000,1.9584E+002
3462.0000,2.0668E+001
3463.0000,4.8019E+001
3464.0000,1.2965E+002
3465.0000,1.9664E+002
3466.0000,2.1549E+002
3467.0000,2.0812E+002
3468.0000,1.9876E+002
3469.0000,1.6194E+002
3470.0000,1.2184E+002
3471.0000,2.0257E+002
3472.0000,9.9772E+001
3473.0000,1.2794E+002
3474.0000,1.2181E+002
3475.0000,1.4578E+002
3476.0000,1.8350E+002
3477.0000,1.8811E+002
3478.0000,1.8319E+002
3479.0000,1.8666E+002
3480.0000,1.5843E+002
3481.0000,1.2762E+002
3482.0000,9.7312E+001
3483.0000,1.3928E+002
3484.0000,1.5823E+002
3485.0000,1.3755E+002
3486.0000,1.2545E+002
3487.0000,6.4778E+001
3488.0000,1.4089E+002
3489.0000,1.8509E+002
3490.0000,1.7716E+002
3491.0000,1.3048E+002
3492.0000,1.4414E+002
3493.0000,1.7458E+002
3494.0000,1.7091E+002
3495.0000,1.6006E+002
3496.0000,1.6541E+002
3497.0000,1.8319E+002
3498.0000,1.8610E+002
3499.0000,1.7531E+002
3500.0000,9.7787E+001
3501.0000,1.8877E+002
3502.0000,1.0233E+002
3503.0000,9.2667E+001
3504.0000,1.8418E+002
3505.0000,1.0413E+002
3506.0000,1.0396E+001
3507.0000,1.8697E+002
3508.0000,1.4845E+002
3509.0000,1.6231E+002
3510.0000,8.3213E+001
3511.0000,5.5898E+001
3512.0000,1.4645E+002
3513.0000,1.7382E+002
3514.0000,1.3691E+002
3515.0000,8.8340E+001
3516.0000,2.3370E+001
3517.0000,1.8122E+002
3518.0000,1.7217E+002
3519.0000,1.3876E+002
3520.0000,7.2359E+001
3521.0000,1.6636E+002
3522.0000,1.6554E+002
3523.0000,1.7535E+002
3524.0000,1.7357E+002
3525.0000,1.7279E+002
3526.0000,1.6945E+002
3527.0000,1.6965E+002
3528.0000,1.0625E+002
3529.0000,5.1992E+001
3530.0000,3.1735E+001
3531.0000,7.5669E+001
3532.0000,1.6662E+002
3533.0000,1.6308E+002
3534.0000,7.3133E+001
3535.0000,1.1628E+002
3536.0000,3.9816E+001
3537.0000,4.5548E+001
3538.0000,1.5805E+002
3539.0000,1.5917E+002
3540.0000,1.5491E+002
3541.0000,3.4549E+001
3542.0000,1.4840E+002
3543.0000,1.0379E+002
3544.0000,1.1861E+002
3545.0000,1.4784E+002
3546.0000,1.4510E+002
3547.0000,1.4264E+002
3548.0000,9.1511E+001
3549.0000,3.5939E+001
3550.0000,1.0129E+002
3551.0000,1.9912E+001
3552.0000,1.1934E+002
3553.0000,1.2092E+002
3554.0000,1.2188E+002
3555.0000,8.7131E+001
3556.0000,1.2377E+002
3557.0000,2.7706E+001
3558.0000,1.2592E+002
3559.0000,1.2725E+002
3560.0000,1.0197E+002
3561.0000,6.6509E+001
3562.0000,1.1171E+001
3563.0000,2.5031E+001
3564.0000,6.6015E+001
3565.0000,8.1886E+001
3566.0000,1.0575E+002
3567.0000,3.1801E+001
3568.0000,9.5145E+001
3569.0000,8.4327E+001
3570.0000,4.5724E+001
3571.0000,8.9241E+001
3572.0000,8.5907E+001
3573.0000,3.3007E+001
3574.0000,1.0157E+002
3575.0000,5.2600E+001
3576.0000,3.1074E+001
3577.0000,2.9276E+001
3578.0000,7.9733E+001
3579.0000,3.7683E+001
3580.0000,4.1508E+001
3581.0000,8.6240E+001
3582.0000,4.9884E+001
3583.0000,7.8998E+001
3584.0000,2.8995E+001
3585.0000,4.4333E+001
3586.0000,8.6402E+001
3587.0000,8.7107E+001
3588.0000,8.6482E+001
3589.0000,7.3054E+001
3590.0000,5.1522E+001
3591.0000,7.3890E+001
3592.0000,8.1627E+001
3593.0000,6.2024E+001
3594.0000,7.9940E+001
3595.0000,7.9798E+001
3596.0000,5.2248E+001
3597.0000,5.9691E+001
3598.0000,6.2649E+001
3599.0000,6.6933E+001
3600.0000,6.2619E+001
3601.0000,3.2698E+001
3602.0000,1.4603E+001
3603.0000,6.3957E+001
3604.0000,6.0559E+001
3605.0000,4.6021E+001
3606.0000,5.2532E+001
3607.0000,7.0754E+000
3608.0000,3.7321E+001
3609.0000,6.2627E+001
3610.0000,2.8664E+001
3611.0000,3.9318E+001
3612.0000,5.4194E+001
3613.0000,3.2201E+001
3614.0000,2.8499E+001
3615.0000,5.5811E+001
3616.0000,2.3618E+001
3617.0000,5.5022E+001
3618.0000,4.7663E+001
3619.0000,3.4338E+001
3620.0000,5.5291E+001
3621.0000,3.1275E+001
3622.0000,3.7220E+000
3623.0000,2.3816E+001
3624.0000,1.5815E+001
3625.0000,3.2947E+001
3626.0000,2.6458E+001
3627.0000,3.8788E+001
3628.0000,2.2996E+001
3629.0000,4.3159E+001
3630.0000,3.6403E+001
3631.0000,3.0720E+001
3632.0000,3.5184E+001
3633.0000,4.7994E+001
3634.0000,1.7430E+001
3635.0000,1.6588E+001
3636.0000,9.1023E+000
3637.0000,5.0607E+000
3638.0000,5.1973E+000
3639.0000,2.8287E+001
3640.0000,4.9168E+001
3641.0000,5.6627E+000
3642.0000,2.2723E+001
3643.0000,2.7486E+001
3644.0000,2.1759E+001
3645.0000,8.0669E+000
3646.0000,4.9510E+001
3647.0000,3.4572E+001
3648.0000,4.6202E+001
3649.0000,3.3378E+001
3650.0000,5.3991E+001
