Results from FLAKE simulations.
 No     time         Ts            Tm            Tb            ufr_a         ufr_w         Wconv         Qw            Q_se          Q_la          I_w           Q_lwa         Q_lww         h_ML          C_T           H_B1          T_B1          Qbot          H_ice         H_snow        T_ice         T_snow   
        0   0.00000       17.2000       17.2000       8.00000      0.408063      0.140822E-01   0.00000      -185.829       20.0242      -123.118       308.882       0.00000      -398.938       11.5500      0.500000       5.00000       4.00000      0.873600       0.00000       0.00000       0.00000       0.00000    
        1   1.00000       17.4175       17.4175       17.4175      0.250650      0.864625E-02  0.676122E-02  -294.723      -17.6520      -180.690       317.234       0.00000      -400.135       11.5500      0.500000       5.00000       4.00000       2.93038       0.00000       0.00000       0.00000       0.00000    
        2   2.00000       17.4523       17.4523       17.4523      0.357159      0.123195E-01  0.102153E-01  -403.756      -59.2486      -242.402       295.073       0.00000      -400.326       11.5500      0.500000       5.00000       4.00000       2.93798       0.00000       0.00000       0.00000       0.00000    
        3   3.00000       17.2534       17.2534       17.2534      0.253165      0.873582E-02  0.922882E-02  -350.142      -50.8428      -201.072       283.433       0.00000      -399.231       11.5500      0.500000       5.00000       4.00000       2.89453       0.00000       0.00000       0.00000       0.00000    
        4   4.00000       17.1293       17.1293       17.1293      0.106672      0.368175E-02   0.00000      -218.559      -19.9418      -93.2459       326.043       0.00000      -398.550       11.5500      0.500000       5.00000       4.00000       2.86744       0.00000       0.00000       0.00000       0.00000    
        5   5.00000       17.3155       17.3155       17.3155      0.291294      0.100503E-01  0.730826E-02  -279.547      -13.2695      -182.091       279.057       0.00000      -399.573       11.5500      0.500000       5.00000       4.00000       2.90811       0.00000       0.00000       0.00000       0.00000    
        6   6.00000       17.3094       17.3094       17.3094      0.356559      0.123022E-01  0.639465E-02  -271.440      -8.15428      -176.275       296.765       0.00000      -399.540       11.5500      0.500000       5.00000       4.00000       2.90677       0.00000       0.00000       0.00000       0.00000    
        7   7.00000       17.3492       17.3492       17.3492      0.276921      0.955375E-02  0.496408E-02  -225.467      -1.66331      -145.875       267.440       0.00000      -399.759       11.5500      0.500000       5.00000       4.00000       2.91546       0.00000       0.00000       0.00000       0.00000    
        8   8.00000       17.4187       17.4187       17.4187      0.156628      0.540291E-02   0.00000      -179.254      -4.95888      -86.0822       298.084       0.00000      -400.141       11.5500      0.500000       5.00000       4.00000       2.93064       0.00000       0.00000       0.00000       0.00000    
        9   9.00000       17.6250       17.6250       17.6250      0.221135      0.762502E-02  0.742122E-02  -241.442      -23.2716      -142.079       227.326       0.00000      -401.279       11.5500      0.500000       5.00000       4.00000       2.97570       0.00000       0.00000       0.00000       0.00000    
       10   10.0000       17.5945       17.5945       17.5945      0.217704      0.750714E-02   0.00000      -219.534      -11.9594      -111.848       317.950       0.00000      -401.110       11.5500      0.500000       5.00000       4.00000       2.96903       0.00000       0.00000       0.00000       0.00000    
       11   11.0000       17.7644       17.7644       17.7644      0.325870      0.112333E-01  0.899736E-02  -210.553      -24.7769      -133.846       119.951       0.00000      -402.049       11.5500      0.500000       5.00000       4.00000       3.00613       0.00000       0.00000       0.00000       0.00000    
       12   12.0000       17.5976       17.5976       17.5976      0.305171      0.105232E-01   0.00000      -126.803      -1.97418      -58.7914       212.910       0.00000      -401.128       11.5500      0.500000       5.00000       4.00000       2.96971       0.00000       0.00000       0.00000       0.00000    
       13   13.0000       17.7456       17.7456       17.7456      0.287179      0.989993E-02   0.00000      -152.847       3.82494      -82.8188       251.473       0.00000      -401.945       11.5500      0.500000       5.00000       4.00000       3.00204       0.00000       0.00000       0.00000       0.00000    
       14   14.0000       17.9158       17.9158       17.9158      0.412590      0.142185E-01  0.904652E-02  -284.024      -26.0078      -185.644       214.995       0.00000      -402.887       11.5500      0.500000       5.00000       4.00000       3.03921       0.00000       0.00000       0.00000       0.00000    
       15   15.0000       17.7874       17.7874       17.7874      0.231216      0.797008E-02   0.00000      -216.235       15.1366      -146.217       322.127       0.00000      -402.176       11.5500      0.500000       5.00000       4.00000       3.01116       0.00000       0.00000       0.00000       0.00000    
       16   16.0000       17.9705       17.9705       17.9705      0.444539      0.153179E-01   0.00000      -120.065       68.0714      -117.831       323.763       0.00000      -403.190       11.5500      0.500000       5.00000       4.00000       3.05116       0.00000       0.00000       0.00000       0.00000    
       17   17.0000       18.3278       18.3278       18.3278      0.543363      0.187100E-01  0.796295E-02  -122.156       2.68993      -79.2693       56.3012       0.00000      -405.172       11.5500      0.500000       5.00000       4.00000       3.12918       0.00000       0.00000       0.00000       0.00000    
       18   18.0000       18.2049       18.2049       18.2049      0.246782      0.849967E-02  0.664543E-02  -131.298      -18.0821      -61.4984       110.898       0.00000      -404.490       11.5500      0.500000       5.00000       4.00000       3.10235       0.00000       0.00000       0.00000       0.00000    
       19   19.0000       18.1630       18.1630       18.1630      0.322007      0.110915E-01   0.00000      -235.585      -10.5605      -131.297       311.402       0.00000      -404.257       11.5500      0.500000       5.00000       4.00000       3.09320       0.00000       0.00000       0.00000       0.00000    
       20   20.0000       18.2924       18.2924       18.2924      0.137122      0.472195E-02  0.856641E-02  -194.529      -31.7944      -101.323       125.169       0.00000      -404.976       11.5500      0.500000       5.00000       4.00000       3.12146       0.00000       0.00000       0.00000       0.00000    
       21   21.0000       18.1633       18.1633       18.1633      0.122932      0.423436E-02   0.00000      -164.278      -9.77163      -65.0232       283.600       0.00000      -404.259       11.5500      0.500000       5.00000       4.00000       3.09326       0.00000       0.00000       0.00000       0.00000    
       22   22.0000       18.3702       18.3702       18.3702      0.224091      0.771564E-02  0.412051E-02  -186.014     -0.973125E-01  -116.040       228.516       0.00000      -405.408       11.5500      0.500000       5.00000       4.00000       3.13845       0.00000       0.00000       0.00000       0.00000    
       23   23.0000       18.4402       18.4402       18.4402      0.275600      0.948781E-02   0.00000      -131.588      -6.53401      -64.9379       176.958       0.00000      -405.798       11.5500      0.500000       5.00000       4.00000       3.15374       0.00000       0.00000       0.00000       0.00000    
       24   24.0000       18.5153       18.5153       18.5153      0.272620      0.938385E-02   0.00000      -147.867      0.683919E-01  -78.4560       222.237       0.00000      -406.216       11.5500      0.500000       5.00000       4.00000       3.17015       0.00000       0.00000       0.00000       0.00000    
       25   25.0000       18.6421       18.6421       18.6421      0.265518      0.913710E-02   0.00000      -74.5944       23.6614      -41.6480       199.919       0.00000      -406.923       11.5500      0.500000       5.00000       4.00000       3.19783       0.00000       0.00000       0.00000       0.00000    
       26   26.0000       18.8595       18.8595       18.8595       0.00000      0.937865E-04   0.00000      -51.5158      0.532032E-01 -0.254230E-01   202.102       0.00000      -408.137       11.5500      0.500000       5.00000       4.00000       3.24532       0.00000       0.00000       0.00000       0.00000    
       27   27.0000       19.1250       19.1219       18.8595       0.00000      0.766289E-04   0.00000      -82.8460      0.509864E-01 -0.119423       332.320       0.00000      -409.624       11.2748      0.500000       5.00000       4.00000       3.24532       0.00000       0.00000       0.00000       0.00000    
       28   28.0000       19.5758       19.5603       18.8595      0.331149      0.113746E-01   0.00000      -108.873       18.2094      -78.5959       149.815       0.00000      -412.156       11.0512      0.500000       5.00000       4.00000       3.24532       0.00000       0.00000       0.00000       0.00000    
       29   29.0000       19.6677       19.6274       18.8595      0.462942      0.158987E-01   0.00000      -50.7182       55.5971      -41.6729       260.512       0.00000      -412.674       10.3993      0.500000       5.00000       4.00000       3.24532       0.00000       0.00000       0.00000       0.00000    
       30   30.0000       20.2488       19.9952       18.8595      0.276273      0.947707E-02   0.00000      -209.317       11.3241      -124.822       331.656       0.00000      -415.960       7.33356      0.500000       5.00000       4.00000       3.24532       0.00000       0.00000       0.00000       0.00000    
       31   31.0000       20.5128       20.2072       18.8595      0.129312      0.443350E-02  0.222252E-02  -209.813     -0.172106      -111.386       326.686       0.00000      -417.459       7.27963      0.500000       5.00000       4.00000       3.24532       0.00000       0.00000       0.00000       0.00000    
       32   32.0000       20.7474       20.4095       18.9313      0.310709      0.106478E-01  0.916796E-02  -310.983      -37.9416      -184.563       231.907       0.00000      -418.794       7.27964      0.503239       5.00000       4.00000       3.26100       0.00000       0.00000       0.00000       0.00000    
       33   33.0000       20.4537       20.2627       18.8298      0.438438      0.150337E-01  0.562662E-02  -223.802       6.37809      -145.437       275.108       0.00000      -417.123       8.94306      0.520978       5.00000       4.00000       3.23884       0.00000       0.00000       0.00000       0.00000    
       34   34.0000       20.5560       20.3482       18.8647      0.185152      0.634744E-02  0.514236E-02  -244.324       6.92609      -159.739       312.730       0.00000      -417.705       9.18501      0.599873       5.00000       4.00000       3.24646       0.00000       0.00000       0.00000       0.00000    
       35   35.0000       20.6925       20.4642       18.8821      0.138121      0.473381E-02  0.670971E-02  -244.728      -7.97291      -146.949       273.892       0.00000      -418.482       9.18502      0.615787       5.00000       4.00000       3.25025       0.00000       0.00000       0.00000       0.00000    
       36   36.0000       20.7373       20.5103       18.8985      0.159401      0.546268E-02  0.659450E-02  -273.235      -11.1583      -160.142       317.324       0.00000      -418.737       9.29714      0.632933       5.00000       4.00000       3.25384       0.00000       0.00000       0.00000       0.00000    
       37   37.0000       20.8158       20.5829       18.9165      0.230203      0.788782E-02  0.105340E-01  -305.917      -40.7230      -192.617       159.638       0.00000      -419.185       9.37238      0.650592       5.00000       4.00000       3.25777       0.00000       0.00000       0.00000       0.00000    
       38   38.0000       20.4362       20.3165       18.9689      0.176991      0.606913E-02  0.105921E-01  -309.694      -54.2434      -173.061       171.370       0.00000      -417.024       10.1987      0.697174       5.00000       4.00000       3.26921       0.00000       0.00000       0.00000       0.00000    
       39   39.0000       20.1084       20.0642       18.9954      0.255326      0.876096E-02  0.982831E-02  -340.199      -43.3805      -198.228       266.115       0.00000      -415.164       10.9123      0.718282       5.00000       4.00000       3.27499       0.00000       0.00000       0.00000       0.00000    
       40   40.0000       19.9306       19.9264       19.0000      0.581262      0.199518E-01  0.111621E-01  -282.661      -38.6598      -183.363       111.997       0.00000      -414.158       11.4772      0.718282       5.00000       4.00000       3.27599       0.00000       0.00000       0.00000       0.00000    
       41   41.0000       19.6165       19.6165       19.6165      0.426071      0.146339E-01  0.570123E-02  -211.652      -8.99731      -122.205       241.494       0.00000      -412.386       11.5500      0.500000       5.00000       4.00000       3.41065       0.00000       0.00000       0.00000       0.00000    
       42   42.0000       19.6635       19.6635       19.6635      0.191008      0.655981E-02   0.00000      -172.659      -3.43231      -89.1754       244.045       0.00000      -412.651       11.5500      0.500000       5.00000       4.00000       3.42091       0.00000       0.00000       0.00000       0.00000    
       43   43.0000       19.7845       19.7845       19.7845      0.205216      0.704606E-02  0.617932E-02  -203.625       3.72209      -136.296       221.998       0.00000      -413.333       11.5500      0.500000       5.00000       4.00000       3.44733       0.00000       0.00000       0.00000       0.00000    
       44   44.0000       19.8110       19.8110       19.8110      0.283089      0.971930E-02  0.419447E-02  -255.219       7.18357      -168.178       319.421       0.00000      -413.483       11.5500      0.500000       5.00000       4.00000       3.45312       0.00000       0.00000       0.00000       0.00000    
       45   45.0000       19.9191       19.9191       19.9191      0.255502      0.877029E-02  0.579581E-02  -284.843     -0.172229      -183.697       335.949       0.00000      -414.093       11.5500      0.500000       5.00000       4.00000       3.47673       0.00000       0.00000       0.00000       0.00000    
       46   46.0000       20.0038       20.0038       20.0038      0.256676      0.880911E-02  0.906246E-02  -314.208      -14.6225      -208.854       273.956       0.00000      -414.572       11.5500      0.500000       5.00000       4.00000       3.49523       0.00000       0.00000       0.00000       0.00000    
       47   47.0000       19.9258       19.9258       19.9258      0.605850      0.207960E-01  0.100787E-01  -327.221      -40.0600      -197.595       238.908       0.00000      -414.131       11.5500      0.500000       5.00000       4.00000       3.47819       0.00000       0.00000       0.00000       0.00000    
       48   48.0000       19.7622       19.7622       19.7622      0.212021      0.728005E-02  0.512380E-02  -275.841      -13.0754      -155.789       335.018       0.00000      -413.207       11.5500      0.500000       5.00000       4.00000       3.44247       0.00000       0.00000       0.00000       0.00000    
       49   49.0000       19.8614       19.8614       19.8614      0.114330      0.392491E-02   0.00000      -157.297       9.34989      -74.8144       320.020       0.00000      -413.767       11.5500      0.500000       5.00000       4.00000       3.46412       0.00000       0.00000       0.00000       0.00000    
       50   50.0000       20.1670       20.1449       19.8614      0.203512      0.698228E-02   0.00000      -165.984       22.9366      -96.2612       331.069       0.00000      -415.496       9.88220      0.500000       5.00000       4.00000       3.46412       0.00000       0.00000       0.00000       0.00000    
       51   51.0000       20.5915       20.4326       19.8614      0.425831      0.145975E-01  0.613708E-02  -147.204       10.2204      -101.344       153.910       0.00000      -417.907       6.52500      0.500000       5.00000       4.00000       3.46412       0.00000       0.00000       0.00000       0.00000    
       52   52.0000       20.5764       20.4384       19.8500       0.00000      0.975909E-04   0.00000      -82.9372      0.518218E-01 -0.543320E-01   302.675       0.00000      -417.821       7.49166      0.540699       5.00000       4.00000       3.46165       0.00000       0.00000       0.00000       0.00000    
       53   53.0000       21.0618       20.8235       19.8500      0.319580      0.109449E-01   0.00000      -88.5746       73.3608      -89.2023       307.794       0.00000      -420.590       7.34871      0.540697       5.00000       4.00000       3.46165       0.00000       0.00000       0.00000       0.00000    
       54   54.0000       21.5733       21.2076       19.8500      0.317763      0.108716E-01  0.726753E-02  -220.119       26.9184      -177.605       223.854       0.00000      -423.522       6.81588      0.517628       5.00000       4.00000       3.46165       0.00000       0.00000       0.00000       0.00000    
       55   55.0000       21.5367       21.2080       19.8383      0.215551      0.737518E-02  0.102427E-01  -341.798      -54.3501      -195.393       197.486       0.00000      -423.312       7.35997      0.533462       5.00000       4.00000       3.45908       0.00000       0.00000       0.00000       0.00000    
       56   56.0000       21.0695       20.9448       19.7476      0.138315      0.473694E-02  0.584675E-02  -260.593      -20.2191      -126.488       318.503       0.00000      -420.634       9.57065      0.550477       5.00000       4.00000       3.43928       0.00000       0.00000       0.00000       0.00000    
       57   57.0000       21.1795       21.0417       19.7691      0.172591      0.590950E-02  0.610755E-02  -262.422      -9.21573      -147.004       315.201       0.00000      -421.263       9.57066      0.569996       5.00000       4.00000       3.44396       0.00000       0.00000       0.00000       0.00000    
       58   58.0000       21.2795       21.1295       19.7880      0.291797      0.998909E-02  0.769603E-02  -283.574       9.78927      -200.328       295.212       0.00000      -421.836       9.58311      0.590575       5.00000       4.00000       3.44810       0.00000       0.00000       0.00000       0.00000    
       59   59.0000       21.2757       21.1439       19.8217      0.297267      0.101764E-01  0.892086E-02  -270.921       7.85822      -202.719       224.667       0.00000      -421.814       9.92579      0.644518       5.00000       4.00000       3.45546       0.00000       0.00000       0.00000       0.00000    
       60   60.0000       21.1413       21.0553       19.8809      0.173557      0.594302E-02   0.00000      -153.587       26.2231      -95.5900       292.220       0.00000      -421.044       10.4529      0.718282       5.00000       4.00000       3.46840       0.00000       0.00000       0.00000       0.00000    
       61   61.0000       21.7508       21.2960       19.8809      0.203095      0.694602E-02  0.672202E-02  -222.455       10.4011      -148.972       254.077       0.00000      -424.543       7.34669      0.668386       5.00000       4.00000       3.46840       0.00000       0.00000       0.00000       0.00000    
       62   62.0000       21.8072       21.3460       19.8887      0.363673      0.124365E-01   0.00000      -137.352       51.9882      -114.805       264.401       0.00000      -424.868       7.44146      0.675780       5.00000       4.00000       3.47009       0.00000       0.00000       0.00000       0.00000    
       63   63.0000       22.2465       21.5660       19.8887      0.129049      0.440920E-02   0.00000      -117.032       13.5889      -62.1494       197.730       0.00000      -427.405       6.43410      0.651588       5.00000       4.00000       3.47009       0.00000       0.00000       0.00000       0.00000    
       64   64.0000       22.4398       21.7035       19.8892      0.286420      0.978231E-02  0.660984E-02  -186.895       3.37382      -110.747       209.113       0.00000      -428.525       6.44839      0.653550       5.00000       4.00000       3.47019       0.00000       0.00000       0.00000       0.00000    
       65   65.0000       22.4705       21.7368       19.9016      0.253582      0.866024E-02  0.928304E-02  -341.352      -20.8191      -213.238       284.573       0.00000      -428.703       6.57329      0.662844       5.00000       4.00000       3.47292       0.00000       0.00000       0.00000       0.00000    
       66   66.0000       22.2069       21.6294       19.9179      0.304919      0.104190E-01  0.960487E-02  -373.984      -21.1498      -238.339       315.195       0.00000      -427.176       7.21050      0.671495       5.00000       4.00000       3.47647       0.00000       0.00000       0.00000       0.00000    
       67   67.0000       21.9601       21.5184       19.9417      0.178106      0.608882E-02  0.740129E-02  -280.713      -7.26313      -163.718       312.507       0.00000      -425.750       7.86414      0.685725       5.00000       4.00000       3.48167       0.00000       0.00000       0.00000       0.00000    
       68   68.0000       22.0073       21.5687       19.9538      0.317595      0.108564E-01  0.797628E-02  -295.896       2.43236      -193.483       307.383       0.00000      -426.022       8.00357      0.695526       5.00000       4.00000       3.48431       0.00000       0.00000       0.00000       0.00000    
       69   69.0000       21.9941       21.5829       19.9830      0.359055      0.122740E-01  0.895318E-02  -255.699      -13.2357      -162.242       193.284       0.00000      -425.946       8.25907      0.717658       5.00000       4.00000       3.49068       0.00000       0.00000       0.00000       0.00000    
       70   70.0000       21.7910       21.4654       19.9889      0.151243      0.517222E-02  0.797489E-02  -227.648      -27.5360      -106.846       206.254       0.00000      -424.775       8.64509      0.718282       5.00000       4.00000       3.49197       0.00000       0.00000       0.00000       0.00000    
       71   71.0000       21.7063       21.4210       19.9915      0.173286      0.592706E-02  0.916146E-02  -276.606      -31.1578      -150.232       214.899       0.00000      -424.287       8.87497      0.718282       5.00000       4.00000       3.49255       0.00000       0.00000       0.00000       0.00000    
       72   72.0000       21.5187       21.3048       19.9964      0.266028      0.910261E-02  0.111520E-01  -304.685      -58.8742      -172.815       118.162       0.00000      -423.209       9.29063      0.718282       5.00000       4.00000       3.49360       0.00000       0.00000       0.00000       0.00000    
       73   73.0000       21.0542       20.9664       20.0068      0.354758      0.121499E-01  0.104812E-01  -381.213      -50.9152      -213.625       285.139       0.00000      -420.546       10.2019      0.718282       5.00000       4.00000       3.49589       0.00000       0.00000       0.00000       0.00000    
       74   74.0000       20.8153       20.7889       20.0129      0.112574      0.385733E-02  0.573573E-02  -230.155      -17.6560      -105.241       269.862       0.00000      -419.182       11.0211      0.718282       5.00000       4.00000       3.49723       0.00000       0.00000       0.00000       0.00000    
       75   75.0000       20.8808       20.8533       20.0125      0.652338E-01  0.223492E-02  0.621764E-02  -135.359      -12.8832      -50.3973       134.936       0.00000      -419.556       11.0405      0.718282       5.00000       4.00000       3.49713       0.00000       0.00000       0.00000       0.00000    
       76   76.0000       20.8695       20.8463       20.0132      0.186109      0.637629E-02  0.933983E-02  -222.810      -33.3043      -114.599       145.618       0.00000      -419.491       11.1150      0.718282       5.00000       4.00000       3.49728       0.00000       0.00000       0.00000       0.00000    
       77   77.0000       20.7025       20.7025       20.7025      0.296206      0.101517E-01  0.110583E-01  -241.423      -40.1669      -137.221       78.1122       0.00000      -418.539       11.5500      0.500000       5.00000       4.00000       3.64783       0.00000       0.00000       0.00000       0.00000    
       78   78.0000       20.4051       20.4051       20.4051      0.152288      0.522236E-02  0.847378E-02  -188.716      -30.7320      -85.0097       137.737       0.00000      -416.847       11.5500      0.500000       5.00000       4.00000       3.58288       0.00000       0.00000       0.00000       0.00000    
       79   79.0000       20.3079       20.3079       20.3079      0.299239      0.102637E-01  0.119123E-01  -257.727      -54.0001      -136.721       32.9890       0.00000      -416.295       11.5500      0.500000       5.00000       4.00000       3.56165       0.00000       0.00000       0.00000       0.00000    
       80   80.0000       19.9013       19.9013       19.9013      0.350971      0.120478E-01  0.121586E-01  -487.503      -88.6629      -264.346       305.411       0.00000      -413.993       11.5500      0.500000       5.00000       4.00000       3.47284       0.00000       0.00000       0.00000       0.00000    
       81   81.0000       19.5707       19.5707       19.5707      0.184382      0.633341E-02  0.105194E-01  -378.385      -59.7180      -196.582       275.036       0.00000      -412.128       11.5500      0.500000       5.00000       4.00000       3.40063       0.00000       0.00000       0.00000       0.00000    
       82   82.0000       19.3804       19.3804       19.3804      0.209036      0.718294E-02  0.978420E-02  -361.323      -51.3473      -186.735       293.334       0.00000      -411.057       11.5500      0.500000       5.00000       4.00000       3.35909       0.00000       0.00000       0.00000       0.00000    
       83   83.0000       19.2533       19.2533       19.2533      0.271725      0.933945E-02  0.113041E-01  -280.420      -53.3143      -162.393       88.8330       0.00000      -410.343       11.5500      0.500000       5.00000       4.00000       3.33131       0.00000       0.00000       0.00000       0.00000    
       84   84.0000       18.9061       18.9061       18.9061      0.432366      0.148710E-01  0.781096E-02  -154.575      -21.5099      -79.3172       108.173       0.00000      -408.398       11.5500      0.500000       5.00000       4.00000       3.25549       0.00000       0.00000       0.00000       0.00000    
       85   85.0000       18.8176       18.8176       18.8176      0.111004      0.381859E-02   0.00000      -105.961      -5.73437      -34.3833       153.565       0.00000      -407.903       11.5500      0.500000       5.00000       4.00000       3.23616       0.00000       0.00000       0.00000       0.00000    
       86   86.0000       18.8966       18.8966       18.8966      0.232656      0.800223E-02  0.904890E-02  -156.373      -26.0015      -74.2107       58.5216       0.00000      -408.344       11.5500      0.500000       5.00000       4.00000       3.25341       0.00000       0.00000       0.00000       0.00000    
       87   87.0000       18.7165       18.7165       18.7165      0.331066      0.113911E-01  0.590961E-02  -135.768      -9.47967      -66.3481       136.149       0.00000      -407.338       11.5500      0.500000       5.00000       4.00000       3.21408       0.00000       0.00000       0.00000       0.00000    
       88   88.0000       18.7114       18.7114       18.7114      0.372215      0.128071E-01   0.00000      -170.956       7.34018      -91.8817       235.925       0.00000      -407.310       11.5500      0.500000       5.00000       4.00000       3.21296       0.00000       0.00000       0.00000       0.00000    
       89   89.0000       18.8213       18.8213       18.8213      0.180485      0.620872E-02  0.580699E-02  -248.894      -13.3011      -125.581       286.162       0.00000      -407.924       11.5500      0.500000       5.00000       4.00000       3.23697       0.00000       0.00000       0.00000       0.00000    
       90   90.0000       18.8818       18.8818       18.8818      0.204821      0.704503E-02  0.769255E-02  -285.220      -17.0677      -158.032       282.721       0.00000      -408.262       11.5500      0.500000       5.00000       4.00000       3.25018       0.00000       0.00000       0.00000       0.00000    
       91   91.0000       18.8715       18.8715       18.8715      0.102129      0.351292E-02  0.696314E-02  -172.874      -14.3175      -84.1748       159.179       0.00000      -408.204       11.5500      0.500000       5.00000       4.00000       3.24793       0.00000       0.00000       0.00000       0.00000    
       92   92.0000       18.8412       18.8412       18.8412      0.389024      0.133820E-01  0.920781E-02  -302.322      -18.8455      -186.484       240.622       0.00000      -408.035       11.5500      0.500000       5.00000       4.00000       3.24132       0.00000       0.00000       0.00000       0.00000    
       93   93.0000       18.7255       18.7255       18.7255      0.396314      0.136359E-01  0.109643E-01  -259.160      -43.9449      -156.076       76.2864       0.00000      -407.388       11.5500      0.500000       5.00000       4.00000       3.21604       0.00000       0.00000       0.00000       0.00000    
       94   94.0000       18.3940       18.3940       18.3940      0.388458      0.133743E-01  0.946533E-02  -333.800      -38.5596      -184.001       263.234       0.00000      -405.541       11.5500      0.500000       5.00000       4.00000       3.14365       0.00000       0.00000       0.00000       0.00000    
       95   95.0000       18.2626       18.2626       18.2626      0.221717      0.763550E-02  0.941638E-02  -317.947      -37.2787      -174.080       243.646       0.00000      -404.810       11.5500      0.500000       5.00000       4.00000       3.11496       0.00000       0.00000       0.00000       0.00000    
       96   96.0000       18.1247       18.1247       18.1247      0.230116      0.792689E-02  0.919396E-02  -280.493      -34.8724      -152.564       205.064       0.00000      -404.044       11.5500      0.500000       5.00000       4.00000       3.08483       0.00000       0.00000       0.00000       0.00000    
       97   97.0000       17.9848       17.9848       17.9848      0.323663      0.111524E-01  0.858660E-02  -254.772      -34.7485      -129.274       200.031       0.00000      -403.269       11.5500      0.500000       5.00000       4.00000       3.05427       0.00000       0.00000       0.00000       0.00000    
       98   98.0000       17.8818       17.8818       17.8818      0.196002      0.675497E-02  0.752447E-02  -250.741      -27.7620      -118.896       237.437       0.00000      -402.698       11.5500      0.500000       5.00000       4.00000       3.03177       0.00000       0.00000       0.00000       0.00000    
       99   99.0000       17.8526       17.8526       17.8526      0.129949      0.447880E-02  0.597627E-02  -182.197      -18.5243      -75.2830       192.694       0.00000      -402.537       11.5500      0.500000       5.00000       4.00000       3.02540       0.00000       0.00000       0.00000       0.00000    
      100   100.000       17.8658       17.8658       17.8658      0.180717      0.622840E-02  0.577613E-02  -190.856      -13.9330      -86.4856       208.414       0.00000      -402.610       11.5500      0.500000       5.00000       4.00000       3.02829       0.00000       0.00000       0.00000       0.00000    
      101   101.000       17.8916       17.8916       17.8916      0.271998      0.937391E-02  0.732786E-02  -262.392      -17.2040      -136.567       259.558       0.00000      -402.753       11.5500      0.500000       5.00000       4.00000       3.03393       0.00000       0.00000       0.00000       0.00000    
      102   102.000       17.8811       17.8811       17.8811      0.256749      0.884857E-02  0.937010E-02  -328.117      -38.3491      -175.209       254.798       0.00000      -402.695       11.5500      0.500000       5.00000       4.00000       3.03163       0.00000       0.00000       0.00000       0.00000    
      103   103.000       17.7450       17.7450       17.7450      0.377673      0.130196E-01  0.637651E-02  -233.599      -2.06229      -130.439       249.671       0.00000      -401.942       11.5500      0.500000       5.00000       4.00000       3.00191       0.00000       0.00000       0.00000       0.00000    
      104   104.000       17.7682       17.7682       17.7682      0.341380      0.117679E-01  0.654967E-02  -201.785      -3.46179      -112.209       203.633       0.00000      -402.070       11.5500      0.500000       5.00000       4.00000       3.00697       0.00000       0.00000       0.00000       0.00000    
      105   105.000       17.7661       17.7661       17.7661      0.329912      0.113726E-01   0.00000      -164.056       11.6408      -84.3456       228.451       0.00000      -402.058       11.5500      0.500000       5.00000       4.00000       3.00651       0.00000       0.00000       0.00000       0.00000    
      106   106.000       17.8753       17.8753       17.8753      0.141723      0.488437E-02  0.620030E-02  -87.2385      -4.11809      -35.9832       63.5858       0.00000      -402.663       11.5500      0.500000       5.00000       4.00000       3.03037       0.00000       0.00000       0.00000       0.00000    
      107   107.000       17.8278       17.8278       17.8278      0.260843      0.899062E-02  0.792174E-02  -145.373      -24.3694      -68.4083       84.5279       0.00000      -402.400       11.5500      0.500000       5.00000       4.00000       3.01999       0.00000       0.00000       0.00000       0.00000    
      108   108.000       17.7140       17.7140       17.7140      0.270778      0.933513E-02  0.913471E-02  -273.015      -40.0339      -134.981       193.675       0.00000      -401.771       11.5500      0.500000       5.00000       4.00000       2.99514       0.00000       0.00000       0.00000       0.00000    
      109   109.000       17.5673       17.5673       17.5673      0.163242      0.562944E-02  0.820031E-02  -274.716      -34.8983      -121.324       239.600       0.00000      -400.961       11.5500      0.500000       5.00000       4.00000       2.96309       0.00000       0.00000       0.00000       0.00000    
      110   110.000       17.4994       17.4994       17.4994      0.349829      0.120655E-01  0.892061E-02  -295.634      -20.7404      -168.905       231.960       0.00000      -400.586       11.5500      0.500000       5.00000       4.00000       2.94826       0.00000       0.00000       0.00000       0.00000    
      111   111.000       17.3806       17.3806       17.3806      0.300821      0.103776E-01  0.845466E-02  -229.151      -10.7026      -140.102       166.906       0.00000      -399.932       11.5500      0.500000       5.00000       4.00000       2.92233       0.00000       0.00000       0.00000       0.00000    
      112   112.000       17.2645       17.2645       17.2645      0.164015      0.565945E-02  0.652437E-02  -188.920      -14.9056      -83.9824       185.293       0.00000      -399.293       11.5500      0.500000       5.00000       4.00000       2.89697       0.00000       0.00000       0.00000       0.00000    
      113   113.000       17.2528       17.2528       17.2528      0.220818      0.761962E-02  0.539958E-02  -199.649      -4.52208      -93.1915       225.801       0.00000      -399.229       11.5500      0.500000       5.00000       4.00000       2.89442       0.00000       0.00000       0.00000       0.00000    
      114   114.000       17.2942       17.2942       17.2942      0.275403      0.950239E-02  0.626171E-02  -185.674       2.88455      -103.728       188.284       0.00000      -399.456       11.5500      0.500000       5.00000       4.00000       2.90345       0.00000       0.00000       0.00000       0.00000    
      115   115.000       17.2936       17.2936       17.2936      0.157230      0.542499E-02  0.628886E-02  -179.349      -11.7147      -79.0262       179.321       0.00000      -399.453       11.5500      0.500000       5.00000       4.00000       2.90332       0.00000       0.00000       0.00000       0.00000    
      116   116.000       17.2883       17.2883       17.2883      0.208217      0.718432E-02  0.793388E-02  -252.229      -23.9412      -118.912       219.214       0.00000      -399.424       11.5500      0.500000       5.00000       4.00000       2.90217       0.00000       0.00000       0.00000       0.00000    
      117   117.000       17.2243       17.2243       17.2243      0.149056      0.514369E-02  0.894302E-02  -294.415      -37.5622      -135.693       225.985       0.00000      -399.071       11.5500      0.500000       5.00000       4.00000       2.88818       0.00000       0.00000       0.00000       0.00000    
      118   118.000       17.0972       17.0972       17.0972      0.319951      0.110437E-01  0.103752E-01  -310.171      -48.6738      -172.708       155.301       0.00000      -398.373       11.5500      0.500000       5.00000       4.00000       2.86042       0.00000       0.00000       0.00000       0.00000    
      119   119.000       16.8162       16.8162       16.8162      0.167670      0.579065E-02  0.799484E-02  -191.040      -27.6272      -86.5036       132.666       0.00000      -396.833       11.5500      0.500000       5.00000       4.00000       2.79905       0.00000       0.00000       0.00000       0.00000    
      120   120.000       16.7072       16.7072       16.7072      0.127216      0.439447E-02  0.681734E-02  -154.062      -18.6893      -61.5771       128.112       0.00000      -396.236       11.5500      0.500000       5.00000       4.00000       2.77525       0.00000       0.00000       0.00000       0.00000    
      121   121.000       16.6560       16.6560       16.6560      0.269359      0.930548E-02  0.713575E-02  -174.122      -9.65108      -90.4076       143.248       0.00000      -395.957       11.5500      0.500000       5.00000       4.00000       2.76406       0.00000       0.00000       0.00000       0.00000    
      122   122.000       16.5960       16.5960       16.5960      0.344961      0.119187E-01  0.594766E-02  -167.452       4.66295      -90.3831       169.669       0.00000      -395.629       11.5500      0.500000       5.00000       4.00000       2.75097       0.00000       0.00000       0.00000       0.00000    
      123   123.000       16.5950       16.5950       16.5950      0.214962      0.742713E-02  0.561883E-02  -162.597       1.78343      -80.5846       170.996       0.00000      -395.623       11.5500      0.500000       5.00000       4.00000       2.75075       0.00000       0.00000       0.00000       0.00000    
      124   124.000       16.6050       16.6050       16.6050      0.205995      0.711717E-02  0.449402E-02  -155.614       1.65159      -67.2020       182.022       0.00000      -395.678       11.5500      0.500000       5.00000       4.00000       2.75293       0.00000       0.00000       0.00000       0.00000    
      125   125.000       16.6471       16.6471       16.6471      0.371137      0.128218E-01  0.628286E-02  -85.6551       3.43983      -47.7182       54.4129       0.00000      -395.908       11.5500      0.500000       5.00000       4.00000       2.76212       0.00000       0.00000       0.00000       0.00000    
      126   126.000       16.5865       16.5865       16.5865      0.326954      0.112967E-01  0.235097E-02  -91.3940       8.10833      -39.2707       116.256       0.00000      -395.577       11.5500      0.500000       5.00000       4.00000       2.74889       0.00000       0.00000       0.00000       0.00000    
      127   127.000       16.6258       16.6258       16.6258      0.323632      0.111811E-01  0.103893E-01  -346.191      -45.2891      -190.172       191.955       0.00000      -395.792       11.5500      0.500000       5.00000       4.00000       2.75748       0.00000       0.00000       0.00000       0.00000    
      128   128.000       16.3461       16.3461       16.3461      0.255606      0.883569E-02  0.114949E-01  -320.484      -86.1127      -168.058       58.3471       0.00000      -394.266       11.5500      0.500000       5.00000       4.00000       2.69640       0.00000       0.00000       0.00000       0.00000    
      129   129.000       15.8744       15.8744       15.8744      0.423841      0.146647E-01  0.124875E-01  -486.739      -131.205      -238.831       155.497       0.00000      -391.703       11.5500      0.500000       5.00000       4.00000       2.59338       0.00000       0.00000       0.00000       0.00000    
      130   130.000       15.2798       15.2798       15.2798      0.234744      0.813141E-02  0.116974E-01  -449.674      -117.317      -202.159       171.797       0.00000      -388.489       11.5500      0.500000       5.00000       4.00000       2.46351       0.00000       0.00000       0.00000       0.00000    
      131   131.000       14.7804       14.7804       14.7804      0.181231      0.628385E-02  0.100261E-01  -256.266      -69.8410      -125.146       61.0024       0.00000      -385.806       11.5500      0.500000       5.00000       4.00000       2.35445       0.00000       0.00000       0.00000       0.00000    
      132   132.000       14.4284       14.4284       14.4284      0.267424      0.927878E-02  0.967708E-02  -325.546      -69.1506      -146.390       170.709       0.00000      -383.922       11.5500      0.500000       5.00000       4.00000       2.27757       0.00000       0.00000       0.00000       0.00000    
      133   133.000       14.1485       14.1485       14.1485      0.136919      0.475323E-02  0.902129E-02  -255.643      -57.4572      -109.398       122.060       0.00000      -382.430       11.5500      0.500000       5.00000       4.00000       2.21644       0.00000       0.00000       0.00000       0.00000    
      134   134.000       13.9066       13.9066       13.9066      0.522760      0.181565E-01  0.116017E-01  -502.630      -131.824      -226.258       194.992       0.00000      -381.144       11.5500      0.500000       5.00000       4.00000       2.16361       0.00000       0.00000       0.00000       0.00000    
      135   135.000       13.3548       13.3548       13.3548      0.281677      0.979366E-02  0.112343E-01  -487.178      -132.373      -205.186       192.614       0.00000      -378.221       11.5500      0.500000       5.00000       4.00000       2.04308       0.00000       0.00000       0.00000       0.00000    
      136   136.000       12.8264       12.8264       12.8264      0.213853      0.744310E-02  0.102715E-01  -392.847      -108.449      -162.632       153.729       0.00000      -375.439       11.5500      0.500000       5.00000       4.00000       1.92769       0.00000       0.00000       0.00000       0.00000    
      137   137.000       12.3971       12.3971       12.3971      0.332159      0.115703E-01  0.894497E-02  -272.478      -65.0704      -136.393       106.437       0.00000      -373.189       11.5500      0.500000       5.00000       4.00000       1.83392       0.00000       0.00000       0.00000       0.00000    
      138   138.000       12.0980       12.0980       12.0980      0.352466      0.122848E-01  0.824257E-02  -209.056      -55.3383      -105.781       70.6946       0.00000      -371.628       11.5500      0.500000       5.00000       4.00000       1.76861       0.00000       0.00000       0.00000       0.00000    
      139   139.000       11.8484       11.8484       11.8484      0.408500      0.142446E-01  0.101037E-01  -431.510      -113.108      -185.715       179.031       0.00000      -370.329       11.5500      0.500000       5.00000       4.00000       1.71409       0.00000       0.00000       0.00000       0.00000    
      140   140.000       11.3956       11.3956       11.3956      0.310076      0.108220E-01  0.994561E-02  -411.828      -117.240      -175.669       148.726       0.00000      -367.981       11.5500      0.500000       5.00000       4.00000       1.61520       0.00000       0.00000       0.00000       0.00000    
      141   141.000       10.9241       10.9241       10.9241      0.692981      0.242077E-01  0.698217E-02  -139.709      -32.7004      -69.9312       38.6929       0.00000      -365.548       11.5500      0.500000       5.00000       4.00000       1.51222       0.00000       0.00000       0.00000       0.00000    
      142   142.000       10.7415       10.7415       10.7415      0.490308      0.171338E-01  0.445219E-02  -116.718       3.68288      -61.1420       114.079       0.00000      -364.609       11.5500      0.500000       5.00000       4.00000       1.47234       0.00000       0.00000       0.00000       0.00000    
      143   143.000       10.7341       10.7341       10.7341      0.315304      0.110184E-01  0.914706E-02  -373.708      -94.3508      -161.219       155.677       0.00000      -364.571       11.5500      0.500000       5.00000       4.00000       1.47073       0.00000       0.00000       0.00000       0.00000    
      144   144.000       10.3431       10.3431       10.3431      0.132865      0.464652E-02  0.790128E-02  -303.952      -69.8977      -97.4836       169.517       0.00000      -362.567       11.5500      0.500000       5.00000       4.00000       1.38533       0.00000       0.00000       0.00000       0.00000    
      145   145.000       10.1011       10.1011       10.1011      0.127011      0.444385E-02  0.730055E-02  -268.086      -56.9542      -84.6999       163.600       0.00000      -361.331       11.5500      0.500000       5.00000       4.00000       1.33249       0.00000       0.00000       0.00000       0.00000    
      146   146.000       9.91260       9.91260       9.91260      0.198695      0.695447E-02  0.725538E-02  -262.811      -53.3564      -100.415       154.342       0.00000      -360.370       11.5500      0.500000       5.00000       4.00000       1.29131       0.00000       0.00000       0.00000       0.00000    
      147   147.000       9.71706       9.71706       9.71706      0.241105      0.844201E-02  0.714657E-02  -263.735      -52.3233      -102.691       157.763       0.00000      -359.375       11.5500      0.500000       5.00000       4.00000       1.24861       0.00000       0.00000       0.00000       0.00000    
      148   148.000       9.52604       9.52604       9.52604      0.233973      0.819529E-02  0.828378E-02  -348.159      -90.6939      -131.448       154.031       0.00000      -358.405       11.5500      0.500000       5.00000       4.00000       1.20689       0.00000       0.00000       0.00000       0.00000    
      149   149.000       9.17808       9.17808       9.17808      0.129998      0.455643E-02  0.737098E-02  -290.294      -68.6709      -89.0006       153.095       0.00000      -356.644       11.5500      0.500000       5.00000       4.00000       1.13089       0.00000       0.00000       0.00000       0.00000    
      150   150.000       8.93165       8.93165       8.93165      0.130182      0.456506E-02  0.671797E-02  -185.137      -59.5169      -69.7684       62.1946       0.00000      -355.400       11.5500      0.500000       5.00000       4.00000       1.07707       0.00000       0.00000       0.00000       0.00000    
      151   151.000       8.71074       8.71074       8.71074      0.263607      0.924772E-02  0.517805E-02  -100.939      -27.1480      -43.2312       45.7353       0.00000      -354.288       11.5500      0.500000       5.00000       4.00000       1.02883       0.00000       0.00000       0.00000       0.00000    
      152   152.000       8.61057       8.61057       8.61057      0.187421      0.657626E-02   0.00000      -31.1721       6.90591      -8.27623       64.2581       0.00000      -353.785       11.5500      0.500000       5.00000       4.00000       1.00695       0.00000       0.00000       0.00000       0.00000    
      153   153.000       8.66768       8.66768       8.66768      0.129896      0.455732E-02  0.459056E-02  -157.873      -16.5875      -43.6964       145.565       0.00000      -354.072       11.5500      0.500000       5.00000       4.00000       1.01942       0.00000       0.00000       0.00000       0.00000    
      154   154.000       8.64390       8.64390       8.64390      0.197934      0.694471E-02  0.568102E-02  -157.707      -33.6653      -62.8833       90.6213       0.00000      -353.952       11.5500      0.500000       5.00000       4.00000       1.01423       0.00000       0.00000       0.00000       0.00000    
      155   155.000       8.52257       8.52257       8.52257      0.196240      0.688690E-02   0.00000      -11.7271       10.2972     -0.696421       49.6546       0.00000      -353.343       11.5500      0.500000       5.00000       4.00000      0.987730       0.00000       0.00000       0.00000       0.00000    
      156   156.000       8.58835       8.58835       8.58835      0.516948      0.181396E-01  0.589385E-02  -188.709      -27.1556      -83.8373       116.093       0.00000      -353.673       11.5500      0.500000       5.00000       4.00000       1.00210       0.00000       0.00000       0.00000       0.00000    
      157   157.000       8.45719       8.45719       8.45719      0.176214      0.618487E-02  0.676959E-02  -240.835      -57.9852      -89.2673       111.261       0.00000      -353.015       11.5500      0.500000       5.00000       4.00000      0.973450       0.00000       0.00000       0.00000       0.00000    
      158   158.000       8.22464       8.22464       8.22464      0.226118      0.793997E-02  0.428687E-02  -74.6964      -16.9249      -30.4968       43.0974       0.00000      -351.850       11.5500      0.500000       5.00000       4.00000      0.922661       0.00000       0.00000       0.00000       0.00000    
      159   159.000       8.16670       8.16670       8.16670      0.287935      0.101117E-01  0.636881E-02  -222.562      -46.6715      -93.7728       109.653       0.00000      -351.561       11.5500      0.500000       5.00000       4.00000      0.910007       0.00000       0.00000       0.00000       0.00000    
      160   160.000       7.96394       7.96394       7.96394      0.232553      0.817000E-02  0.538170E-02  -181.409      -19.8036      -77.1040       122.106       0.00000      -350.548       11.5500      0.500000       5.00000       4.00000      0.865724       0.00000       0.00000       0.00000       0.00000    
      161   161.000       7.85673       7.85673       7.85673      0.368688      0.129554E-01  0.610069E-02  -166.956      -56.7635      -76.5835       46.2630       0.00000      -350.014       11.5500      0.500000       5.00000       4.00000      0.842310       0.00000       0.00000       0.00000       0.00000    
      162   162.000       7.64025       7.64025       7.64025      0.538146      0.189178E-01  0.645878E-02  -224.785      -66.6359      -97.0816       77.6592       0.00000      -348.936       11.5500      0.500000       5.00000       4.00000      0.795031       0.00000       0.00000       0.00000       0.00000    
      163   163.000       7.37677       7.37677       7.37677      0.190754      0.670908E-02  0.660640E-02  -257.633      -74.0060      -98.5313       87.4921       0.00000      -347.629       11.5500      0.500000       5.00000       4.00000      0.737486       0.00000       0.00000       0.00000       0.00000    
      164   164.000       7.07239       7.07239       7.07239      0.304268      0.107078E-01  0.695606E-02  -295.653      -114.622      -112.738       66.9091       0.00000      -346.122       11.5500      0.500000       5.00000       4.00000      0.671010       0.00000       0.00000       0.00000       0.00000    
      165   165.000       6.66376       6.66376       6.66376      0.207570      0.731051E-02  0.686564E-02  -368.782      -116.490      -115.296       127.931       0.00000      -344.108       11.5500      0.500000      0.367129       6.73400     -0.208924       0.00000       0.00000       0.00000       0.00000    
      166   166.000       6.23511       6.23511       6.23511      0.104015      0.366635E-02  0.521150E-02  -204.201      -55.4325      -59.7389       82.5751       0.00000      -342.004       11.5500      0.500000      0.164398       6.91346      -4.50582       0.00000       0.00000       0.00000       0.00000    
      167   167.000       6.02649       6.02649       6.02649      0.181805      0.641087E-02  0.379507E-02  -93.9507      -29.6648      -38.4734       44.3482       0.00000      -340.984       11.5500      0.500000      0.402257       6.69849      -1.82428       0.00000       0.00000       0.00000       0.00000    
      168   168.000       5.94137       5.94137       5.94137       0.00000      0.112828E-03   0.00000      -20.4635      0.856245E-01  0.637317E-01   67.7027       0.00000      -340.568       11.5500      0.500000      0.458634       6.64886      -1.68451       0.00000       0.00000       0.00000       0.00000    
      169   169.000       6.02954       6.02849       5.94137      0.403396      0.142246E-01   0.00000       53.4447       46.9391       19.2620       48.9150       0.00000      -340.999       11.2755      0.500000      0.526943       6.58909      -1.34229       0.00000       0.00000       0.00000       0.00000    
      170   170.000       6.21317       6.21317       6.21317      0.282977      0.997489E-02  0.581541E-02  -275.051      -73.2478      -105.195       100.894       0.00000      -341.897       11.5500      0.500000      0.671225       6.46382     -0.407781       0.00000       0.00000       0.00000       0.00000    
      171   171.000       5.90368       5.90368       5.90368      0.139179      0.490895E-02  0.518586E-02  -233.943      -64.8422      -71.1995       92.8689       0.00000      -340.384       11.5500      0.500000      0.539649       6.57616      -1.36079       0.00000       0.00000       0.00000       0.00000    
      172   172.000       5.65480       5.65480       5.65480      0.158344      0.558755E-02  0.422647E-02  -135.231      -52.1200      -48.0742       44.3917       0.00000      -339.171       11.5500      0.500000      0.507652       6.60388      -2.04153       0.00000       0.00000       0.00000       0.00000    
      173   173.000       5.49663       5.49663       5.49663      0.245622      0.867000E-02  0.480293E-02  -191.930      -76.5409      -76.5747       36.4135       0.00000      -338.402       11.5500      0.500000      0.532307       6.58244      -2.22748       0.00000       0.00000       0.00000       0.00000    
      174   174.000       5.22360       5.22360       5.22360      0.309297      0.109233E-01  0.528798E-02  -357.146      -111.113      -118.007       117.681       0.00000      -337.078       11.5500      0.500000      0.528173       6.58603      -2.81682       0.00000       0.00000       0.00000       0.00000    
      175   175.000       4.80207       4.80207       4.80207      0.126486      0.447067E-02  0.383568E-02  -203.439      -67.3520      -62.6357       64.3470       0.00000      -335.041       11.5500      0.500000      0.506138       6.60514      -3.89015       0.00000       0.00000       0.00000       0.00000    
      176   176.000       4.56125       4.56125       4.56125      0.384988      0.136137E-01  0.299714E-02  -116.799      -48.4272      -44.7510       16.6988       0.00000      -333.881       11.5500      0.500000      0.549895       6.56709      -3.98328       0.00000       0.00000       0.00000       0.00000    
      177   177.000       4.39005       4.39005       4.39005      0.340285      0.120369E-01  0.287168E-02  -164.709      -54.2240      -74.9699       45.7206       0.00000      -333.059       11.5500      0.500000      0.601116       6.52277      -3.87435       0.00000       0.00000       0.00000       0.00000    
      178   178.000       4.18501       4.18501       4.18501      0.259402      0.917941E-02  0.263306E-02  -273.519      -82.5508      -90.8023       96.0149       0.00000      -332.076       11.5500      0.500000      0.637523       6.49145      -3.95066       0.00000       0.00000       0.00000       0.00000    
      179   179.000       3.87586       3.87586       3.87586      0.156782      0.555132E-02   0.00000      -169.654      -69.9279      -56.3439       44.3183       0.00000      -330.597       11.5500      0.500000      0.650933       6.47996      -4.36863       0.00000       0.00000       0.00000       0.00000    
      180   180.000       3.66039       3.66039       3.66039      0.480440      0.170183E-01   0.00000      -235.090      -102.487      -79.3391       55.7270       0.00000      -329.570       11.5500      0.500000      0.685584       6.45033      -4.44381       0.00000       0.00000       0.00000       0.00000    
      181   181.000       3.34883       3.34883       3.34883      0.255610      0.905972E-02   0.00000      -317.907      -110.467      -89.1169       103.858       0.00000      -328.089       11.5500      0.500000      0.700737       6.43742      -4.81313       0.00000       0.00000       0.00000       0.00000    
      182   182.000       2.97613       2.97613       2.97613      0.160863      0.570560E-02   0.00000      -232.984      -96.3374      -63.4841       62.3818       0.00000      -326.323       11.5500      0.500000      0.708827       6.43054      -5.32176       0.00000       0.00000       0.00000       0.00000    
      183   183.000       2.68173       2.68173       2.68173      0.204110      0.724362E-02   0.00000      -193.108      -83.6274      -59.3718       51.7290       0.00000      -324.934       11.5500      0.500000      0.734371       6.40883      -5.54215       0.00000       0.00000       0.00000       0.00000    
      184   184.000       2.43978       2.43978       2.43978      0.134929      0.479069E-02   0.00000      -135.964      -58.9047      -41.8420       35.3400       0.00000      -323.795       11.5500      0.500000      0.767306       6.38094      -5.60891       0.00000       0.00000       0.00000       0.00000    
      185   185.000       2.27054       2.27054       2.27054      0.276644      0.982546E-02   0.00000      -198.932      -60.1287      -57.7482       85.7262       0.00000      -323.001       11.5500      0.500000      0.808533       6.34615      -5.50450       0.00000       0.00000       0.00000       0.00000    
      186   186.000       2.07868       2.07868       2.07868      0.232323      0.825435E-02   0.00000      -225.219      -78.6604      -72.4138       70.7282       0.00000      -322.102       11.5500      0.500000      0.842317       6.31778      -5.49567       0.00000       0.00000       0.00000       0.00000    
      187   187.000       1.81329       1.81329       1.81329      0.141466      0.502880E-02   0.00000      -189.716      -51.0504      -48.6501       85.5819       0.00000      -320.861       11.5500      0.500000      0.862637       6.30079      -5.68067       0.00000       0.00000       0.00000       0.00000    
      188   188.000       1.63790       1.63790       1.63790      0.148545      0.528222E-02   0.00000      -119.834      -46.4906      -33.8965       49.3151       0.00000      -320.043       11.5500      0.500000      0.896090       6.27289      -5.64832       0.00000       0.00000       0.00000       0.00000    
      189   189.000       1.52235       1.52235       1.52235      0.230182      0.818702E-02   0.00000      -135.179      -56.9814      -44.4262       45.6156       0.00000      -319.505       11.5500      0.500000      0.936007       6.23973      -5.50357       0.00000       0.00000       0.00000       0.00000    
      190   190.000       1.37261       1.37261       1.37261      0.176011      0.626208E-02   0.00000      -256.643      -82.6793      -57.5724       100.653       0.00000      -318.809       11.5500      0.500000      0.967763       6.21348      -5.46231       0.00000       0.00000       0.00000       0.00000    
      191   191.000       1.10448       1.10448       1.10448      0.130546      0.464692E-02   0.00000      -204.850      -78.3203      -47.4024       66.6886       0.00000      -317.565       11.5500      0.500000      0.979637       6.20370      -5.68409       0.00000       0.00000       0.00000       0.00000    
      192   192.000      0.868502      0.868502      0.868502      0.301888      0.107509E-01   0.00000      -277.755      -114.065      -76.7110       75.7493       0.00000      -316.474       11.5500      0.500000      0.997344       6.18914      -5.82561       0.00000       0.00000       0.00000       0.00000    
      193   193.000      0.519064      0.519064      0.519064      0.101222      0.360715E-02   0.00000      -220.275      -65.3508      -37.3884       94.3442       0.00000      -314.863       11.5500      0.500000      0.998797       6.18795      -6.19788       0.00000       0.00000       0.00000       0.00000    
      194   194.000      0.302571      0.305777      0.519064      0.120941      0.431162E-02   0.00000      -143.046      -44.6104      -30.5545       68.7995       0.00000      -313.867       11.2079      0.500000       1.05099       6.14514      -5.84563       0.00000       0.00000       0.00000       0.00000    
      195   195.000      0.825197E-01  0.183926      0.519064      0.157270      0.560915E-02   0.00000      -159.257      -41.3387      -34.9424       85.0794       0.00000      -312.858       6.18403      0.500000       1.10003       6.10518      -5.54533       0.00000       0.00000       0.00000       0.00000    
      196   196.000       0.00000      0.616572E-01  0.476258      0.950693E-01  0.339125E-02   0.00000       0.00000      -14.2860      -13.0130       56.5015       0.00000      -312.481       7.45950      0.514799       1.13995       6.07285      -5.36117       0.00000       0.00000       0.00000       0.00000    
      197   197.000       0.00000      0.171820      0.942413      0.219647      0.784337E-02   0.00000       0.00000      -46.0862      -41.5603       0.00000       0.00000      -309.983       7.45950      0.514799       1.25586       5.97949      -4.37984      0.189912E-01   0.00000     -0.547408     -0.547408    
      198   198.000       0.00000      0.179621      0.985200      0.272956      0.976522E-02   0.00000       0.00000      -140.357      -84.3510       0.00000       0.00000      -305.585       7.45950      0.514799       1.30196       5.94293      -4.15821      0.424341E-01   0.00000      -1.51947      -1.51947    
      199   199.000       0.00000      0.187027       1.02582       0.00000      0.146777E-03   0.00000       0.00000      0.181603      0.891300E-01   0.00000       0.00000      -258.462       7.45950      0.514799       1.34612       5.90813      -3.96064      0.114340       0.00000      -12.6578      -12.6578    
      200   200.000       0.00000      0.194081       1.06451      0.227383      0.811104E-02   0.00000       0.00000      -75.9827      -71.3178       0.00000       0.00000      -312.481       7.45950      0.514799       1.38853       5.87491      -3.78310      0.101361       0.00000       0.00000       0.00000    
      201   201.000       0.00000      0.200819       1.10147      0.177301      0.645290E-02   0.00000       0.00000       1.59271      -10.3609       0.00000       0.00000      -267.538       7.45950      0.514799       1.42937       5.84310      -3.62248      0.146542       0.00000      -10.4005      -10.4005    
      202   202.000       0.00000      0.207271       1.13686      0.168843      0.605401E-02   0.00000       0.00000      -86.7549      -46.2513       0.00000       0.00000      -300.393       7.45950      0.514799       1.46879       5.81258      -3.47627      0.157227       0.00000      -2.68065      -2.68065    
      203   203.000       0.00000      0.213462       1.17082      0.272789      0.100191E-01   0.00000       0.00000      -26.9175      -10.3888       0.00000       0.00000      -249.056       7.45950      0.514799       1.50690       5.78324      -3.34247      0.203445       0.00000      -15.0610      -15.0610    
      204   204.000       0.00000      0.219416       1.20347      0.298982      0.107947E-01   0.00000       0.00000      -139.686      -61.3308       0.00000       0.00000      -284.777       7.45950      0.514799       1.54382       5.75497      -3.21944      0.220871       0.00000      -6.26648      -6.26648    
      205   205.000       0.00000      0.225150       1.23492       0.00000      0.124406E-03   0.00000       0.00000      0.414245      0.658780E-01   0.00000       0.00000      -179.724       7.45950      0.514799       1.57963       5.72769      -3.10585      0.294084       0.00000      -35.2760      -35.2760    
      206   206.000       0.00000      0.230681       1.26526      0.290959      0.103789E-01   0.00000       0.00000      -108.621      -78.6462       0.00000       0.00000      -312.481       7.45950      0.514799       1.61443       5.70133      -3.00056      0.267859       0.00000       0.00000       0.00000    
      207   207.000       0.00000      0.236026       1.29457       0.00000      0.107512E-03   0.00000       0.00000      0.259949      0.414338E-01   0.00000       0.00000      -198.964       7.45950      0.514799       1.64827       5.67582      -2.90263      0.322153       0.00000      -29.1503      -29.1503    
      208   208.000       0.00000      0.241195       1.32293      0.192437      0.686448E-02   0.00000       0.00000      -36.0750      -34.5273       0.00000       0.00000      -312.481       7.45950      0.514799       1.68123       5.65110      -2.81126      0.307885       0.00000       0.00000       0.00000    
      209   209.000       0.00000      0.246202       1.35039       0.00000      0.812590E-04   0.00000       0.00000      0.838044E-01  0.564036E-01   0.00000       0.00000      -275.763       7.45950      0.514799       1.71335       5.62712      -2.72576      0.323256       0.00000      -8.40404      -8.40404    
      210   210.000       0.00000      0.251057       1.37702      0.344123      0.122753E-01   0.00000       0.00000      -202.882      -118.757       0.00000       0.00000      -312.481       7.45950      0.514799       1.74470       5.60385      -2.64555      0.311902       0.00000       0.00000       0.00000    
      211   211.000       0.00000      0.255769       1.40287       0.00000      0.154125E-03   0.00000       0.00000      0.890080      0.330543E-01   0.00000       0.00000      -99.6481       7.45950      0.514799       1.77532       5.58122      -2.57011      0.409718       0.00000      -67.8861      -67.8861    
      212   212.000       0.00000      0.260347       1.42797      0.330841      0.118016E-01   0.00000       0.00000      -275.574      -142.345       0.00000       0.00000      -312.481       7.45950      0.514799       1.80524       5.55921      -2.49900      0.379532       0.00000       0.00000       0.00000    
      213   213.000       0.00000      0.264798       1.45239       0.00000      0.140111E-03   0.00000       0.00000       2.55167      0.614348E-01   0.00000       0.00000      -32.2073       7.45950      0.514799       1.83451       5.53778      -2.43184      0.512474       0.00000      -118.381      -118.381    
      214   214.000       0.00000      0.269129       1.47614       0.00000      0.115178E-03   0.00000       0.00000      0.221777      0.267631E-01   0.00000       0.00000      -193.943       7.45950      0.514799       1.86317       5.51690      -2.36828      0.638671       0.00000      -30.7045      -30.7045    
      215   215.000       0.00000      0.273347       1.49928      0.249833      0.916807E-02   0.00000       0.00000       8.53736     -0.563009       0.00000       0.00000      -250.755       7.45950      0.514799       1.89123       5.49654      -2.30803      0.663603       0.00000      -14.6218      -14.6218    
