238.397	12.514856	11.205028	2.3660628	0.8021378	2006-05-30 00:00:00
46.196807	11.942224	12.648184	4.0595952	1	2006-05-31 00:00:00
175.48303	15.264948	16.02721	1.6219167	0.93028036	2006-06-01 00:00:00
278.96263	19.057001	17.2614	3.047891	0.68086293	2006-06-02 00:00:00
219.52931	20.959894	20.154267	4.4406914	0.82538206	2006-06-03 00:00:00
327.79799	17.454614	16.115989	2.8244226	0.53565673	2006-06-04 00:00:00
317.13784	14.627008	12.043593	3.4238742	0.59563381	2006-06-05 00:00:00
318.48672	13.07644	9.9600461	2.1729315	0.60355559	2006-06-06 00:00:00
177.28263	15.474908	13.53732	2.7515252	0.93452221	2006-06-07 00:00:00
80.894706	12.762933	12.162379	2.2758124	1	2006-06-08 00:00:00
277.57039	17.584955	15.595874	1.667114	0.69871013	2006-06-09 00:00:00
302.22158	23.058832	19.293384	3.846553	0.6115014	2006-06-10 00:00:00
162.53302	21.848077	19.187404	1.8939222	0.95554874	2006-06-11 00:00:00
23.662626	15.910425	17.412628	3.6631414	1	2006-06-12 00:00:00
352.0325	12.752039	11.394146	4.4089094	0.48945016	2006-06-13 00:00:00
286.28836	15.773248	13.276561	3.5529424	0.68724993	2006-06-14 00:00:00
340.41673	14.744958	12.184723	5.1691118	0.52777648	2006-06-15 00:00:00
351.88878	13.582086	10.391253	3.7866646	0.4987766	2006-06-16 00:00:00
275.48368	16.273859	11.684924	3.4627533	0.72265102	2006-06-17 00:00:00
31.540495	15.226648	14.037104	5.5551306	1	2006-06-18 00:00:00
93.603561	15.293207	16.692531	1.9973312	1	2006-06-19 00:00:00
151.91544	13.613458	14.433554	3.4357782	0.98494849	2006-06-20 00:00:00
272.7758	12.884271	12.235791	1.1082429	0.72767155	2006-06-21 00:00:00
296.9573	14.644403	12.081999	2.0199162	0.66389056	2006-06-22 00:00:00
167.79836	12.775415	12.595541	4.0147605	0.95725847	2006-06-23 00:00:00
301.41078	15.235315	14.083614	3.742453	0.64175839	2006-06-24 00:00:00
343.06569	15.493829	12.451828	3.5135816	0.51617015	2006-06-25 00:00:00
328.90373	17.50274	12.779525	1.5293146	0.5622886	2006-06-26 00:00:00
274.51402	19.999445	14.599498	2.0113161	0.71266776	2006-06-27 00:00:00
99.554238	18.912225	18.593983	4.2281037	1	2006-06-28 00:00:00
121.10389	17.580743	18.414066	4.3256253	1	2006-06-29 00:00:00
302.17441	17.553613	16.553605	4.3452015	0.62414767	2006-06-30 00:00:00
345.67262	17.108514	13.216931	3.6630727	0.49541564	2006-07-01 00:00:00
323.3622	19.288171	13.35763	2.7715888	0.57151441	2006-07-02 00:00:00
292.92206	22.71142	17.811204	3.7892242	0.64313533	2006-07-03 00:00:00
301.1534	25.192377	19.316834	4.5179769	0.60943439	2006-07-04 00:00:00
298.05787	25.086267	19.173459	4.2124324	0.61855489	2006-07-05 00:00:00
298.05455	22.318475	15.891057	3.6848373	0.63275722	2006-07-06 00:00:00
321.07452	19.474969	15.514229	3.9466638	0.55937036	2006-07-07 00:00:00
332.98861	18.303766	13.592388	2.9596299	0.52716321	2006-07-08 00:00:00
332.8019	19.286279	13.445218	1.7747718	0.52657302	2006-07-09 00:00:00
337.44272	22.072626	13.415156	2.5253514	0.50737437	2006-07-10 00:00:00
331.7167	22.515192	14.259412	3.24464	0.52061926	2006-07-11 00:00:00
255.49704	22.957666	18.364828	4.0889908	0.734233	2006-07-12 00:00:00
306.64091	22.451868	19.064116	2.7076812	0.57620508	2006-07-13 00:00:00
322.41571	22.426538	15.634573	2.339787	0.53796034	2006-07-14 00:00:00
304.88772	23.063196	16.08233	4.709306	0.59300826	2006-07-15 00:00:00
329.96542	18.459802	12.51257	2.9623305	0.52396818	2006-07-16 00:00:00
315.70151	21.001794	13.116666	2.4560121	0.5675678	2006-07-17 00:00:00
297.86156	22.078577	15.602679	2.1249435	0.61046268	2006-07-18 00:00:00
315.16984	22.898309	15.8618	1.0384935	0.54745313	2006-07-19 00:00:00
312.56869	24.145959	15.950329	3.1640431	0.55289147	2006-07-20 00:00:00
293.77043	23.104364	18.086073	3.9767314	0.60270791	2006-07-21 00:00:00
195.45555	21.771448	16.207315	3.5549826	0.87274309	2006-07-22 00:00:00
240.57911	21.674768	18.529178	2.788086	0.75332845	2006-07-23 00:00:00
320.12296	21.167749	13.924992	2.4347421	0.52230035	2006-07-24 00:00:00
125.92421	19.522699	13.436309	3.5615391	1	2006-07-25 00:00:00
231.3742	20.377649	21.2459	3.4912204	0.76252939	2006-07-26 00:00:00
176.86431	19.227106	17.154587	5.3314008	0.90540273	2006-07-27 00:00:00
307.16503	18.029779	14.63066	3.7959723	0.54962343	2006-07-28 00:00:00
305.60745	20.650171	15.729014	2.8069516	0.54457288	2006-07-29 00:00:00
135.79204	20.593256	15.417938	2.1468824	0.99266413	2006-07-30 00:00:00
103.81911	17.012109	15.931912	3.0141885	1	2006-07-31 00:00:00
174.88254	16.297876	15.146717	2.7529054	0.9032138	2006-08-01 00:00:00
286.96247	19.597925	18.705729	4.3174418	0.5706632	2006-08-02 00:00:00
297.99889	19.441095	15.60264	4.753581	0.54241009	2006-08-03 00:00:00
286.0241	16.949854	12.853502	3.9518566	0.59698799	2006-08-04 00:00:00
243.95904	15.9638	12.197171	3.3340344	0.72760726	2006-08-05 00:00:00
147.1704	17.431024	13.953381	1.7122782	0.95988702	2006-08-06 00:00:00
285.86613	19.47558	15.548573	2.8193178	0.56945305	2006-08-07 00:00:00
296.06835	19.655084	13.518658	4.0100882	0.53712146	2006-08-08 00:00:00
158.6489	21.469659	14.688048	3.1910516	0.92806695	2006-08-09 00:00:00
280.03067	23.030878	16.257094	3.0718657	0.57219033	2006-08-10 00:00:00
210.50585	21.778162	15.736897	2.2602648	0.79119709	2006-08-11 00:00:00
216.34579	21.207574	19.883806	3.9142496	0.7583559	2006-08-12 00:00:00
300.05615	18.617975	13.474043	3.6507654	0.48968065	2006-08-13 00:00:00
300.81562	17.80282	12.030811	2.2045778	0.48931109	2006-08-14 00:00:00
281.95144	19.292261	13.73888	1.8477765	0.55045183	2006-08-15 00:00:00
82.191246	18.777277	17.750904	4.2590204	1	2006-08-16 00:00:00
282.04778	18.375665	16.508836	3.3503752	0.51950023	2006-08-17 00:00:00
288.27996	16.784296	12.136247	3.950445	0.51380507	2006-08-18 00:00:00
275.20836	14.597986	10.658157	2.9405133	0.56907818	2006-08-19 00:00:00
297.73554	14.043298	9.7391484	3.1140082	0.47199055	2006-08-20 00:00:00
112.47503	16.269678	11.427707	3.4000994	1	2006-08-21 00:00:00
277.79408	15.847345	16.018928	3.5060646	0.50272187	2006-08-22 00:00:00
286.46594	15.461664	13.036903	1.5283839	0.47409958	2006-08-23 00:00:00
43.509388	15.083948	14.743409	3.4938866	1	2006-08-24 00:00:00
66.492735	16.052667	17.679776	3.5637135	1	2006-08-25 00:00:00
98.065547	12.015497	12.308032	4.917106	1	2006-08-26 00:00:00
293.41983	14.155847	12.178605	2.3892225	0.4015295	2006-08-27 00:00:00
230.50443	16.145227	13.280745	1.6887146	0.66494342	2006-08-28 00:00:00
238.02566	17.288904	14.518595	3.0667708	0.62476937	2006-08-29 00:00:00
136.49639	15.289636	12.615446	1.8080972	0.93902484	2006-08-30 00:00:00
279.78925	16.35351	13.732841	1.601124	0.41685387	2006-08-31 00:00:00
26.245407	16.477838	17.054707	2.7789996	1	2006-09-01 00:00:00
216.8088	18.029596	17.580822	3.3224154	0.66456766	2006-09-02 00:00:00
285.02219	13.561761	11.19376	3.9494512	0.36563991	2006-09-03 00:00:00
277.27332	16.965845	12.820548	3.3358677	0.38510197	2006-09-04 00:00:00
73.858909	17.308527	15.399365	3.4280151	1	2006-09-05 00:00:00
77.689531	16.321466	17.050977	2.335425	1	2006-09-06 00:00:00
137.16259	18.865533	19.223287	4.8078693	0.89886306	2006-09-07 00:00:00
183.76048	19.977289	20.745606	3.4089532	0.73676664	2006-09-08 00:00:00
132.36852	18.641199	19.968029	3.1272866	0.90444364	2006-09-09 00:00:00
89.319292	13.528375	12.304272	4.0845072	1	2006-09-10 00:00:00
27.856586	9.28927	10.706817	4.0043638	1	2006-09-11 00:00:00
42.33392	13.614557	15.052514	3.4840794	1	2006-09-12 00:00:00
38.031808	12.952783	14.66594	3.0155082	1	2006-09-13 00:00:00
222.46095	11.154108	11.74823	3.3290004	0.55924327	2006-09-14 00:00:00
243.36169	13.63595	12.371972	1.9599915	0.42541991	2006-09-15 00:00:00
241.24405	15.635065	13.658837	2.5711563	0.41347505	2006-09-16 00:00:00
119.4165	15.739526	14.621206	3.2123569	0.92285926	2006-09-17 00:00:00
29.398973	16.418024	16.799234	4.0857846	1	2006-09-18 00:00:00
222.59588	12.438409	12.017253	4.3955991	0.50227357	2006-09-19 00:00:00
237.37725	9.5518127	9.4411262	2.4958918	0.41612473	2006-09-20 00:00:00
47.82797	11.41308	11.877068	2.065957	1	2006-09-21 00:00:00
207.93083	13.286859	12.904033	2.4864362	0.54316301	2006-09-22 00:00:00
126.72101	13.837885	12.501271	1.7273934	0.88014736	2006-09-23 00:00:00
103.29986	15.739404	15.105013	3.100252	0.94884054	2006-09-24 00:00:00
107.93857	16.861902	17.005547	2.8628272	0.92605166	2006-09-25 00:00:00
191.07369	18.023157	17.117091	3.3256176	0.56530358	2006-09-26 00:00:00
194.16452	18.790186	16.66137	4.8693896	0.53816551	2006-09-27 00:00:00
22.379634	14.586298	14.787199	4.8434332	1	2006-09-28 00:00:00
221.91995	7.9260803	8.4408692	5.9272041	0.38046261	2006-09-29 00:00:00
161.99897	7.336908	8.6931061	2.4666514	0.71291643	2006-09-30 00:00:00
64.77268	8.8031555	9.1699835	1.7095162	1	2006-10-01 00:00:00
212.53853	8.1744934	8.5697758	3.4246434	0.39622245	2006-10-02 00:00:00
205.27817	9.2655884	7.9776671	2.3447985	0.43974617	2006-10-03 00:00:00
63.806252	11.151697	11.093674	3.4530866	1	2006-10-04 00:00:00
16.551984	12.8612	14.393532	3.2919448	1	2006-10-05 00:00:00
210.24952	5.2247559	6.7896749	5.9036454	0.34829887	2006-10-06 00:00:00
205.16568	3.2303711	5.8965879	3.61075	0.38248104	2006-10-07 00:00:00
200.12625	4.1658264	6.3171797	2.503425	0.40077757	2006-10-08 00:00:00
93.189668	7.6306702	7.8384231	5.4802104	0.93979973	2006-10-09 00:00:00
180.89521	11.557092	10.541939	3.6965672	0.48025609	2006-10-10 00:00:00
129.8101	13.298547	12.511895	2.8408998	0.75996207	2006-10-11 00:00:00
68.814629	10.937616	9.9431906	5.0609532	1	2006-10-12 00:00:00
193.02303	3.4358459	5.5358228	4.2688727	0.36249806	2006-10-13 00:00:00
155.04679	5.3557068	6.3214848	2.2079713	0.62326947	2006-10-14 00:00:00
156.84574	6.8557373	7.6028058	1.122883	0.59263451	2006-10-15 00:00:00
87.984147	7.3161865	8.395835	1.975388	0.92773068	2006-10-16 00:00:00
165.41854	5.7430664	6.1666069	4.8544138	0.51429558	2006-10-17 00:00:00
186.30224	1.3746582	3.8587673	3.9240789	0.32448181	2006-10-18 00:00:00
182.57333	0.85509644	3.6172315	2.995497	0.34464268	2006-10-19 00:00:00
177.91678	2.4698425	4.3573497	1.7800458	0.36197136	2006-10-20 00:00:00
175.0938	4.7666565	4.8248368	1.4504085	0.36295026	2006-10-21 00:00:00
148.56835	6.7374512	5.0805905	1.1511312	0.57247688	2006-10-22 00:00:00
138.37926	7.9743286	6.3399291	1.9871528	0.60521537	2006-10-23 00:00:00
14.547997	10.215814	11.160844	5.6880344	1	2006-10-24 00:00:00
34.036168	11.945886	13.47319	2.4337102	1	2006-10-25 00:00:00
124.02997	7.4659668	8.9277045	4.2558525	0.65765742	2006-10-26 00:00:00
156.14172	5.5756165	7.6259758	2.3144424	0.37436101	2006-10-27 00:00:00
147.62767	7.3425842	8.1500461	2.4853083	0.44287904	2006-10-28 00:00:00
73.624998	7.2439514	7.7845247	1.6060782	0.92862664	2006-10-29 00:00:00
150.85026	6.0308167	7.2783955	3.0441738	0.37489201	2006-10-30 00:00:00
150.80699	5.7991577	7.2859041	0.98837132	0.35190268	2006-10-31 00:00:00
119.14123	6.2724243	7.2604814	1.3746555	0.63829455	2006-11-01 00:00:00
47.385963	6.3942505	7.652631	2.0747122	1	2006-11-02 00:00:00
53.741507	7.4287354	7.9565762	1.6386382	1	2006-11-03 00:00:00
72.588318	6.4650513	6.7606649	2.0674508	0.90888679	2006-11-04 00:00:00
93.417126	7.2384888	7.8470747	3.4794324	0.77741357	2006-11-05 00:00:00
30.774525	7.3265015	7.9552386	1.9234167	1	2006-11-06 00:00:00
134.33489	5.5228516	7.1105713	3.3121548	0.41087878	2006-11-07 00:00:00
131.49765	2.2142578	5.2729083	3.0161404	0.44400937	2006-11-08 00:00:00
36.445787	1.8915039	5.9357914	1.1349731	1	2006-11-09 00:00:00
51.247565	0.86876831	5.871302	5.802225	1	2006-11-10 00:00:00
131.27895	-1.1005615	3.9609091	5.9088688	0.40334671	2006-11-11 00:00:00
56.298252	0.44210205	5.2656999	3.7624427	0.96777023	2006-11-12 00:00:00
39.831738	3.0112854	5.7442785	2.2870294	1	2006-11-13 00:00:00
33.859818	4.8340698	7.7748246	2.5077175	1	2006-11-14 00:00:00
100.95547	4.4875122	7.5506296	3.0619508	0.63702482	2006-11-15 00:00:00
48.700794	1.3634888	4.5048526	2.9115759	0.9982736	2006-11-16 00:00:00
77.073416	0.57756958	4.2291563	1.9542742	0.82038123	2006-11-17 00:00:00
109.43758	2.9690796	6.0474972	3.5325472	0.53081513	2006-11-18 00:00:00
105.47419	2.7970215	6.4407628	2.3723798	0.55802517	2006-11-19 00:00:00
13.714733	6.1892029	8.7785536	3.1663009	1	2006-11-20 00:00:00
103.98599	1.6013428	5.5023784	4.9546517	0.55766815	2006-11-21 00:00:00
41.868221	1.3359314	5.5475921	4.1179776	1	2006-11-22 00:00:00
100.74418	0.07744751	4.1800012	3.182573	0.57971522	2006-11-23 00:00:00
108.40964	-2.0116943	3.875389	2.7490182	0.48466225	2006-11-24 00:00:00
113.60554	-3.163916	3.795489	3.4475634	0.4006046	2006-11-25 00:00:00
113.82644	-5.441748	2.4525277	2.9795508	0.39776726	2006-11-26 00:00:00
44.74351	-4.9894165	2.8188021	4.6959576	0.99486139	2006-11-27 00:00:00
29.432016	-3.1818909	4.074696	4.5967845	1	2006-11-28 00:00:00
80.606236	-0.27249756	5.4067099	3.2565522	0.71823874	2006-11-29 00:00:00
57.063373	-2.5470947	3.7287968	4.3060255	0.90381092	2006-11-30 00:00:00
49.761942	-2.5188354	3.3367576	1.7573115	0.95191062	2006-12-01 00:00:00
89.3916	-2.5304932	3.6300164	2.0892171	0.62611647	2006-12-02 00:00:00
94.078232	-1.9939026	4.3707471	3.3601206	0.5634598	2006-12-03 00:00:00
105.09288	-5.9835266	2.5985297	3.7585966	0.42676844	2006-12-04 00:00:00
96.271501	-5.0652527	2.894172	4.8012582	0.53442943	2006-12-05 00:00:00
21.144544	-3.3247131	3.9736512	2.9323778	1	2006-12-06 00:00:00
71.70526	-0.98850098	4.5119441	5.5469013	0.76431248	2006-12-07 00:00:00
96.221399	-5.3115601	2.7566295	2.6132814	0.51638853	2006-12-08 00:00:00
10.952555	-0.60895386	5.380441	4.7649796	1	2006-12-09 00:00:00
93.318575	-3.2165588	4.010554	3.0139996	0.53184212	2006-12-10 00:00:00
8.7722528	4.416803	7.4821302	5.6897907	1	2006-12-11 00:00:00
68.293348	-1.5263123	4.0613671	6.1326435	0.78246956	2006-12-12 00:00:00
98.207277	-5.0737671	2.8226474	4.6244019	0.46224516	2006-12-13 00:00:00
102.82032	-5.1199707	3.3339764	2.6322309	0.37757229	2006-12-14 00:00:00
90.484576	-4.2741455	3.3575026	2.2447864	0.55399651	2006-12-15 00:00:00
14.382954	-0.56644287	5.0283024	3.4001956	1	2006-12-16 00:00:00
55.5808	-2.950354	3.9350119	5.0564025	0.88107717	2006-12-17 00:00:00
102.50231	-9.6910156	1.6309335	5.7857194	0.3928515	2006-12-18 00:00:00
89.864156	-9.8992676	1.7718746	2.9984808	0.56816494	2006-12-19 00:00:00
41.349667	-3.8855957	3.7948443	4.281406	0.98528283	2006-12-20 00:00:00
99.497808	-4.8530029	3.4660512	4.366662	0.41922868	2006-12-21 00:00:00
17.444798	-4.2735352	4.0507445	2.7577676	1	2006-12-22 00:00:00
45.302763	-1.1806091	5.3555222	3.1195071	0.95449147	2006-12-23 00:00:00
23.259261	-4.8307556	3.8871216	3.099099	1	2006-12-24 00:00:00
9.5164263	-4.1473755	4.493913	6.5077071	1	2006-12-25 00:00:00
16.912399	-4.6208862	4.3360056	5.8468098	1	2006-12-26 00:00:00
70.970704	-10.521674	2.5324217	3.9450728	0.76297508	2006-12-27 00:00:00
96.512495	-10.204962	2.4255679	3.7376325	0.49289884	2006-12-28 00:00:00
86.474844	-13.504614	1.7801874	5.2940741	0.62228058	2006-12-29 00:00:00
86.937791	-15.838232	1.4882975	3.9483225	0.62300606	2006-12-30 00:00:00
86.110004	-13.530157	1.847554	2.028407	0.63308396	2006-12-31 00:00:00
