Results from FLAKE simulations.
 No     time         Ts            Tm            Tb            ufr_a         ufr_w         Wconv         Qw            Q_se          Q_la          I_w           Q_lwa         Q_lww         h_ML          C_T           H_B1          T_B1          Qbot          H_ice         H_snow        T_ice         T_snow   
        0   0.00000       17.2000       17.2000       8.00000      0.179700      0.620144E-02   0.00000      -95.8758      -3.81726      -38.1629       162.909       0.00000      -398.938       11.5500      0.500000       5.00000       4.00000      0.873600       0.00000       0.00000       0.00000       0.00000    
        1   1.00000       17.3178       17.3178       17.3178      0.212524      0.733249E-02   0.00000      -74.9935       9.44720      -23.5628       206.675       0.00000      -399.586       11.5500      0.500000       5.00000       4.00000       2.90860       0.00000       0.00000       0.00000       0.00000    
        2   2.00000       17.5471       17.5471       17.5471      0.146962      0.506819E-02   0.00000      -194.560      -15.2737      -82.6030       305.294       0.00000      -400.849       11.5500      0.500000       5.00000       4.00000       2.95868       0.00000       0.00000       0.00000       0.00000    
        3   3.00000       17.7389       17.7389       17.7389      0.136532      0.470675E-02   0.00000      -231.738      -20.4464      -107.793       321.534       0.00000      -401.908       11.5500      0.500000       5.00000       4.00000       3.00058       0.00000       0.00000       0.00000       0.00000    
        4   4.00000       17.8934       17.8934       17.8934      0.118917      0.409824E-02   0.00000      -225.384      -18.3936      -100.571       331.818       0.00000      -402.763       11.5500      0.500000       5.00000       4.00000       3.03432       0.00000       0.00000       0.00000       0.00000    
        5   5.00000       18.0774       18.0774       18.0774      0.679893E-01  0.234227E-02   0.00000      -166.831      -6.49100      -59.3183       327.869       0.00000      -403.782       11.5500      0.500000       5.00000       4.00000       3.07451       0.00000       0.00000       0.00000       0.00000    
        6   6.00000       18.3864       18.3587       18.0774      0.801461E-01  0.275941E-02   0.00000      -179.290      -11.7233      -64.4876       316.456       0.00000      -405.499       9.47764      0.500000       5.00000       4.00000       3.07451       0.00000       0.00000       0.00000       0.00000    
        7   7.00000       18.6810       18.5974       18.0774      0.174281      0.599696E-02  0.727359E-02  -285.199      -44.3748      -132.328       300.271       0.00000      -407.140       8.34896      0.500000       5.00000       4.00000       3.07451       0.00000       0.00000       0.00000       0.00000    
        8   8.00000       18.6815       18.6187       18.0751      0.219443      0.755097E-02  0.101972E-01  -350.424      -72.5946      -186.904       209.287       0.00000      -407.143       9.26353      0.523218       5.00000       4.00000       3.07399       0.00000       0.00000       0.00000       0.00000    
        9   9.00000       18.3617       18.3617       18.3617      0.180510      0.621520E-02  0.113770E-01  -299.022      -70.7436      -155.296       90.2040       0.00000      -405.361       11.5500      0.500000       5.00000       4.00000       3.13660       0.00000       0.00000       0.00000       0.00000    
       10   10.0000       17.9842       17.9842       17.9842      0.113202      0.390059E-02   0.00000      -241.466      -32.9965      -94.9523       320.997       0.00000      -403.265       11.5500      0.500000       5.00000       4.00000       3.05415       0.00000       0.00000       0.00000       0.00000    
       11   11.0000       18.1203       18.1203       18.1203      0.163663      0.563782E-02  0.843877E-02  -348.607      -51.3393      -180.317       330.423       0.00000      -404.020       11.5500      0.500000       5.00000       4.00000       3.08387       0.00000       0.00000       0.00000       0.00000    
       12   12.0000       18.0823       18.0823       18.0823      0.212483      0.732010E-02  0.100950E-01  -272.924      -34.3110      -179.928       142.420       0.00000      -403.809       11.5500      0.500000       5.00000       4.00000       3.07557       0.00000       0.00000       0.00000       0.00000    
       13   13.0000       17.8443       17.8443       17.8443      0.117352      0.404470E-02  0.805591E-02  -147.501      -23.0069      -66.6024       82.0005       0.00000      -402.491       11.5500      0.500000       5.00000       4.00000       3.02360       0.00000       0.00000       0.00000       0.00000    
       14   14.0000       17.7223       17.7223       17.7223      0.111535      0.384512E-02   0.00000      -185.295      -24.9179      -68.4260       257.645       0.00000      -401.816       11.5500      0.500000       5.00000       4.00000       2.99694       0.00000       0.00000       0.00000       0.00000    
       15   15.0000       17.8457       17.8457       17.8457      0.196120      0.675953E-02  0.106557E-01  -287.799      -59.6072      -161.782       119.908       0.00000      -402.499       11.5500      0.500000       5.00000       4.00000       3.02390       0.00000       0.00000       0.00000       0.00000    
       16   16.0000       17.5412       17.5412       17.5412      0.198784      0.685544E-02  0.627719E-02  -290.246      -32.2799      -153.424       325.348       0.00000      -400.817       11.5500      0.500000       5.00000       4.00000       2.95741       0.00000       0.00000       0.00000       0.00000    
       17   17.0000       17.5984       17.5984       17.5984      0.910675E-01  0.314028E-02   0.00000      -160.745      -11.0668      -65.7997       258.167       0.00000      -401.132       11.5500      0.500000       5.00000       4.00000       2.96989       0.00000       0.00000       0.00000       0.00000    
       18   18.0000       17.7746       17.7665       17.5984      0.187224      0.645382E-02  0.560156E-02  -129.607      -7.97499      -73.6928       132.063       0.00000      -402.106       10.4875      0.500000       5.00000       4.00000       2.96989       0.00000       0.00000       0.00000       0.00000    
       19   19.0000       17.7663       17.7656       17.5943      0.180461      0.622080E-02   0.00000      -131.097       7.32475      -52.4048       306.711       0.00000      -402.059       11.4809      0.681308       5.00000       4.00000       2.96899       0.00000       0.00000       0.00000       0.00000    
       20   20.0000       18.2172       18.0729       17.5943      0.115809      0.398858E-02  0.275361E-02  -194.925      -6.43301      -91.2841       326.227       0.00000      -404.558       6.20040      0.500000       5.00000       4.00000       2.96899       0.00000       0.00000       0.00000       0.00000    
       21   21.0000       18.4927       18.3014       17.6719      0.827999E-01  0.285018E-02  0.375670E-02  -149.914      -9.16116      -62.0739       232.645       0.00000      -406.090       6.20041      0.503235       5.00000       4.00000       2.98594       0.00000       0.00000       0.00000       0.00000    
       22   22.0000       18.6656       18.4433       17.7168      0.790409E-01  0.271986E-02  0.627218E-02  -101.714      -10.0968      -35.9526       54.3251       0.00000      -407.054       6.20042      0.505719       5.00000       4.00000       2.99574       0.00000       0.00000       0.00000       0.00000    
       23   23.0000       18.4796       18.3536       17.6545      0.197519      0.679928E-02  0.440965E-02  -234.834      -17.5609      -116.383       322.316       0.00000      -406.017       8.10586      0.512135       5.00000       4.00000       2.98215       0.00000       0.00000       0.00000       0.00000    
       24   24.0000       18.6542       18.5040       17.6998      0.104188      0.358528E-02   0.00000      -207.694      -19.2218      -82.5930       316.582       0.00000      -406.991       8.10587      0.527855       5.00000       4.00000       2.99204       0.00000       0.00000       0.00000       0.00000    
       25   25.0000       18.8818       18.6925       17.6998      0.610608E-01  0.210026E-02   0.00000      -174.661      -12.5068      -56.2452       312.126       0.00000      -408.262       8.01783      0.523807       5.00000       4.00000       2.99204       0.00000       0.00000       0.00000       0.00000    
       26   26.0000       19.2116       18.9319       17.6998      0.841902E-01  0.289393E-02  0.389723E-02  -174.709      -15.6269      -68.6620       250.627       0.00000      -410.109       7.46062      0.522609       5.00000       4.00000       2.99204       0.00000       0.00000       0.00000       0.00000    
       27   27.0000       19.3656       19.0617       17.7321      0.166276      0.571379E-02  0.807815E-02  -215.889      -33.5538      -115.623       150.486       0.00000      -410.974       7.46062      0.525519       5.00000       4.00000       2.99910       0.00000       0.00000       0.00000       0.00000    
       28   28.0000       19.1370       18.9398       17.6821      0.202662      0.696727E-02  0.999661E-02  -226.740      -39.6152      -124.873       41.8623       0.00000      -409.691       8.63765      0.537505       5.00000       4.00000       2.98817       0.00000       0.00000       0.00000       0.00000    
       29   29.0000       18.6510       18.6052       17.6023      0.174230      0.599558E-02  0.739027E-02  -111.664      -8.17309      -53.1860       59.9173       0.00000      -406.973       10.6642      0.570022       5.00000       4.00000       2.97073       0.00000       0.00000       0.00000       0.00000    
       30   30.0000       18.5267       18.5077       17.6369      0.123146      0.423872E-02   0.00000      -71.9060       9.61926      -14.5043       231.088       0.00000      -406.280       11.1960      0.696058       5.00000       4.00000       2.97830       0.00000       0.00000       0.00000       0.00000    
       31   31.0000       19.2103       18.7858       17.6369      0.976072E-01  0.335513E-02   0.00000      -72.8690       4.92455      -12.5627       209.272       0.00000      -410.102       5.53047      0.517627       5.00000       4.00000       2.97830       0.00000       0.00000       0.00000       0.00000    
       32   32.0000       19.6877       19.0234       17.6369      0.753385E-01  0.258723E-02  0.416467E-02  -133.682      -9.70659      -37.1897       241.104       0.00000      -412.787       4.30590      0.516442       5.00000       4.00000       2.97830       0.00000       0.00000       0.00000       0.00000    
       33   33.0000       19.9503       19.2093       17.6681      0.762589E-01  0.261748E-02  0.374768E-02  -157.327      -8.89062      -43.7293       312.743       0.00000      -414.270       4.30590      0.517643       5.00000       4.00000       2.98511       0.00000       0.00000       0.00000       0.00000    
       34   34.0000       20.3308       19.4807       17.7171      0.642856E-01  0.220485E-02  0.324467E-02  -152.788      -3.59264      -47.8128       318.949       0.00000      -416.425       4.30591      0.518561       5.00000       4.00000       2.99580       0.00000       0.00000       0.00000       0.00000    
       35   35.0000       20.7374       19.7712       17.7704      0.555360E-01  0.190322E-02  0.265109E-02  -146.289      -1.10973      -46.6363       317.554       0.00000      -418.738       4.30592      0.519199       5.00000       4.00000       3.00744       0.00000       0.00000       0.00000       0.00000    
       36   36.0000       21.1560       20.0708       17.8259      0.543693E-01  0.186168E-02  0.393273E-02  -127.957      -2.67316      -41.2325       242.567       0.00000      -421.129       4.30593      0.519596       5.00000       4.00000       3.01957       0.00000       0.00000       0.00000       0.00000    
       37   37.0000       21.4375       20.2695       17.8589      0.531203E-01  0.181790E-02  0.532065E-02  -125.414      -8.08232      -44.8047       167.088       0.00000      -422.742       4.30594      0.520413       5.00000       4.00000       3.02679       0.00000       0.00000       0.00000       0.00000    
       38   38.0000       21.5436       20.3382       17.8609      0.603527E-01  0.206497E-02  0.500850E-02  -174.878      -12.2025      -51.8581       299.816       0.00000      -423.351       4.30595      0.521850       5.00000       4.00000       3.02722       0.00000       0.00000       0.00000       0.00000    
       39   39.0000       21.8560       20.5553       17.8914      0.660134E-01  0.225724E-02  0.532982E-02  -185.868      -12.8750      -59.4848       306.782       0.00000      -425.149       4.30596      0.523103       5.00000       4.00000       3.03388       0.00000       0.00000       0.00000       0.00000    
       40   40.0000       22.1606       20.7651       17.9182      0.113119      0.386558E-02  0.631857E-02  -217.667      -16.1526      -91.5817       305.055       0.00000      -426.908       4.30596      0.524463       5.00000       4.00000       3.03974       0.00000       0.00000       0.00000       0.00000    
       41   41.0000       22.3874       20.9152       17.9275      0.138478      0.473004E-02  0.743100E-02  -276.874      -15.3758      -150.000       324.431       0.00000      -428.221       4.30597      0.526301       5.00000       4.00000       3.04177       0.00000       0.00000       0.00000       0.00000    
       42   42.0000       22.4399       20.9944       17.8976      0.112834      0.385370E-02  0.699587E-02  -252.336      -14.0800      -127.275       317.638       0.00000      -428.526       4.59876      0.528772       5.00000       4.00000       3.03524       0.00000       0.00000       0.00000       0.00000    
       43   43.0000       22.6053       21.1052       17.8994      0.880723E-01  0.300699E-02  0.591665E-02  -209.902      -6.37155      -96.6282       315.939       0.00000      -429.486       4.61724      0.531080       5.00000       4.00000       3.03562       0.00000       0.00000       0.00000       0.00000    
       44   44.0000       22.8718       21.2885       17.9202      0.614970E-01  0.209853E-02  0.465711E-02  -169.950      -4.11386      -62.0646       299.820       0.00000      -431.036       4.61725      0.532703       5.00000       4.00000       3.04017       0.00000       0.00000       0.00000       0.00000    
       45   45.0000       23.1935       21.5143       17.9516      0.947726E-01  0.323193E-02  0.621716E-02  -204.631      -14.1294      -81.0443       287.952       0.00000      -432.912       4.61726      0.533680       5.00000       4.00000       3.04703       0.00000       0.00000       0.00000       0.00000    
       46   46.0000       23.4060       21.6572       17.9639      0.143810      0.490210E-02  0.776240E-02  -211.416      -23.7693      -107.747       163.245       0.00000      -434.155       4.61727      0.535362       5.00000       4.00000       3.04972       0.00000       0.00000       0.00000       0.00000    
       47   47.0000       23.0759       21.5659       17.8902      0.123162      0.420105E-02  0.779986E-02  -283.443      -30.7466      -130.149       311.276       0.00000      -432.225       5.29806      0.537928       5.00000       4.00000       3.03362       0.00000       0.00000       0.00000       0.00000    
       48   48.0000       23.0792       21.6100       17.8765      0.148109      0.505195E-02  0.897023E-02  -337.018      -34.9670      -184.690       297.861       0.00000      -432.245       5.52155      0.541045       5.00000       4.00000       3.03064       0.00000       0.00000       0.00000       0.00000    
       49   49.0000       22.8092       21.5347       17.8236      0.167329      0.571065E-02  0.780058E-02  -261.847      -14.5812      -147.778       270.144       0.00000      -430.671       6.13650      0.545393       5.00000       4.00000       3.01908       0.00000       0.00000       0.00000       0.00000    
       50   50.0000       22.7666       21.5440       17.8149      0.128623      0.439006E-02  0.634531E-02  -208.396      -14.0765      -94.8918       260.153       0.00000      -430.423       6.35910      0.549359       5.00000       4.00000       3.01717       0.00000       0.00000       0.00000       0.00000    
       51   51.0000       22.8856       21.6308       17.8290      0.118877      0.405645E-02  0.781564E-02  -287.303      -31.4570      -131.400       313.537       0.00000      -431.116       6.35910      0.552166       5.00000       4.00000       3.02025       0.00000       0.00000       0.00000       0.00000    
       52   52.0000       22.9043       21.6720       17.8308      0.149410      0.509813E-02  0.937823E-02  -360.828      -40.2851      -196.217       313.908       0.00000      -431.225       6.50789      0.556372       5.00000       4.00000       3.02064       0.00000       0.00000       0.00000       0.00000    
       53   53.0000       22.6593       21.5829       17.8057      0.146501      0.500135E-02  0.953860E-02  -367.331      -44.1431      -196.945       313.951       0.00000      -429.799       6.99808      0.562685       5.00000       4.00000       3.01517       0.00000       0.00000       0.00000       0.00000    
       54   54.0000       22.4153       21.4824       17.7896      0.144606      0.493908E-02  0.972060E-02  -372.558      -51.4145      -191.999       310.067       0.00000      -428.383       7.46700      0.570501       5.00000       4.00000       3.01165       0.00000       0.00000       0.00000       0.00000    
       55   55.0000       22.1627       21.3656       17.7823      0.130315      0.445322E-02  0.887510E-02  -328.057      -39.7706      -164.654       305.170       0.00000      -426.920       7.92841      0.580328       5.00000       4.00000       3.01005       0.00000       0.00000       0.00000       0.00000    
       56   56.0000       22.0461       21.3194       17.7910      0.952183E-01  0.325462E-02  0.889176E-02  -202.854      -25.5664      -103.844       118.610       0.00000      -426.247       8.20904      0.590446       5.00000       4.00000       3.01196       0.00000       0.00000       0.00000       0.00000    
       57   57.0000       21.7851       21.1639       17.7986      0.126395      0.432251E-02  0.779005E-02  -167.097      -20.8776      -79.4158       126.221       0.00000      -424.741       8.56083      0.602095       5.00000       4.00000       3.01362       0.00000       0.00000       0.00000       0.00000    
       58   58.0000       21.6540       21.0857       17.8140      0.125591      0.429615E-02  0.548570E-02  -208.333      -19.7488      -86.1740       260.532       0.00000      -423.986       8.76176      0.613054       5.00000       4.00000       3.01697       0.00000       0.00000       0.00000       0.00000    
       59   59.0000       21.7612       21.1732       17.8279      0.160463      0.548786E-02  0.972660E-02  -367.825      -47.4111      -195.647       309.500       0.00000      -424.603       8.76177      0.619211       5.00000       4.00000       3.02002       0.00000       0.00000       0.00000       0.00000    
       60   60.0000       21.5635       21.0639       17.8626      0.127731      0.437016E-02  0.863451E-02  -303.702      -35.7198      -152.222       283.001       0.00000      -423.466       9.10730      0.638302       5.00000       4.00000       3.02759       0.00000       0.00000       0.00000       0.00000    
       61   61.0000       21.4757       21.0215       17.9007      0.186373      0.637763E-02  0.887454E-02  -227.707      -12.5687      -145.452       163.823       0.00000      -422.961       9.31762      0.657266       5.00000       4.00000       3.03591       0.00000       0.00000       0.00000       0.00000    
       62   62.0000       21.2932       20.9023       17.9500      0.135544      0.463995E-02  0.462693E-02  -164.017      -9.48567      -72.7431       206.678       0.00000      -421.915       9.56547      0.680614       5.00000       4.00000       3.04669       0.00000       0.00000       0.00000       0.00000    
       63   63.0000       21.3763       20.9727       17.9649      0.274946      0.941042E-02  0.110726E-01  -428.811      -55.7733      -252.491       302.347       0.00000      -422.391       9.56547      0.688505       5.00000       4.00000       3.04994       0.00000       0.00000       0.00000       0.00000    
       64   64.0000       21.0324       20.7420       18.0339      0.226703      0.776457E-02  0.109713E-01  -414.874      -50.1860      -248.182       292.870       0.00000      -420.422       9.99239      0.718282       5.00000       4.00000       3.06500       0.00000       0.00000       0.00000       0.00000    
       65   65.0000       20.7186       20.5191       18.0415      0.207250      0.710274E-02  0.815189E-02  -277.086      -14.0375      -166.798       265.052       0.00000      -418.631       10.3515      0.718282       5.00000       4.00000       3.06666       0.00000       0.00000       0.00000       0.00000    
       66   66.0000       20.6676       20.4921       18.0435      0.198928      0.681821E-02  0.716673E-02  -189.130      -2.90002      -116.216       181.165       0.00000      -418.340       10.4750      0.718282       5.00000       4.00000       3.06709       0.00000       0.00000       0.00000       0.00000    
       67   67.0000       20.6337       20.4724       18.0448      0.998292E-01  0.342185E-02  0.337921E-02  -223.647      -21.2043      -86.9793       292.831       0.00000      -418.147       10.5481      0.718282       5.00000       4.00000       3.06738       0.00000       0.00000       0.00000       0.00000    
       68   68.0000       20.7593       20.5901       18.0433      0.859864E-01  0.294663E-02  0.595654E-02  -247.484      -25.1960      -102.102       290.906       0.00000      -418.862       10.5481      0.718282       5.00000       4.00000       3.06706       0.00000       0.00000       0.00000       0.00000    
       69   69.0000       20.8334       20.6618       18.0428      0.102539      0.351334E-02  0.971615E-02  -206.876      -26.8289      -110.333       98.3565       0.00000      -419.285       10.5614      0.718282       5.00000       4.00000       3.06696       0.00000       0.00000       0.00000       0.00000    
       70   70.0000       20.5818       20.4631       18.0483      0.150609      0.516298E-02  0.113808E-01  -216.619      -37.2532      -110.931       4.45881       0.00000      -417.852       10.7965      0.718282       5.00000       4.00000       3.06815       0.00000       0.00000       0.00000       0.00000    
       71   71.0000       20.1217       20.0797       18.0578      0.115465      0.396184E-02  0.951944E-02  -124.695      -17.1680      -47.0015       1.58504       0.00000      -415.240       11.2230      0.718282       5.00000       4.00000       3.07023       0.00000       0.00000       0.00000       0.00000    
       72   72.0000       19.8621       19.8550       18.0632      0.231166      0.793584E-02  0.901145E-02  -317.011      -39.4524      -167.408       278.426       0.00000      -413.771       11.4867      0.718282       5.00000       4.00000       3.07139       0.00000       0.00000       0.00000       0.00000    
       73   73.0000       19.7807       19.7807       19.7807      0.889701E-01  0.305480E-02  0.562441E-02  -244.680      -27.2135      -97.7969       286.330       0.00000      -413.312       11.5500      0.500000       5.00000       4.00000       3.44650       0.00000       0.00000       0.00000       0.00000    
       74   74.0000       19.8486       19.8486       19.8486      0.167517      0.575094E-02  0.979038E-02  -289.387      -41.3300      -155.405       204.383       0.00000      -413.695       11.5500      0.500000       5.00000       4.00000       3.46134       0.00000       0.00000       0.00000       0.00000    
       75   75.0000       19.6910       19.6910       19.6910      0.146199      0.502064E-02  0.604276E-02  -248.487      -24.4370      -113.514       283.140       0.00000      -412.806       11.5500      0.500000       5.00000       4.00000       3.42692       0.00000       0.00000       0.00000       0.00000    
       76   76.0000       19.7465       19.7465       19.7465      0.113852      0.390938E-02  0.830121E-02  -302.596      -44.4730      -130.521       288.594       0.00000      -413.119       11.5500      0.500000       5.00000       4.00000       3.43904       0.00000       0.00000       0.00000       0.00000    
       77   77.0000       19.7154       19.7154       19.7154      0.656507E-01  0.225442E-02  0.441819E-02  -228.417      -26.2855      -78.0368       282.040       0.00000      -412.943       11.5500      0.500000       5.00000       4.00000       3.43223       0.00000       0.00000       0.00000       0.00000    
       78   78.0000       19.8047       19.8047       19.8047      0.560884E-01  0.192571E-02  0.271602E-02  -220.402      -22.7146      -75.1887       283.931       0.00000      -413.447       11.5500      0.500000       5.00000       4.00000       3.45174       0.00000       0.00000       0.00000       0.00000    
       79   79.0000       19.9116       19.9116       19.9116      0.483171E-01  0.165854E-02  0.242930E-02  -217.566      -23.0155      -71.4374       281.304       0.00000      -414.051       11.5500      0.500000       5.00000       4.00000       3.47508       0.00000       0.00000       0.00000       0.00000    
       80   80.0000       20.0188       20.0188       20.0188      0.769650E-01  0.264136E-02  0.507906E-02  -205.749      -23.8361      -69.6632       244.579       0.00000      -414.657       11.5500      0.500000       5.00000       4.00000       3.49850       0.00000       0.00000       0.00000       0.00000    
       81   81.0000       20.0816       20.0816       20.0816      0.143010      0.490734E-02  0.979367E-02  -257.768      -47.2868      -121.045       165.452       0.00000      -415.013       11.5500      0.500000       5.00000       4.00000       3.51223       0.00000       0.00000       0.00000       0.00000    
       82   82.0000       19.9109       19.9109       19.9109      0.216189      0.742096E-02  0.123432E-01  -272.611      -58.0816      -144.625       9.87337       0.00000      -414.047       11.5500      0.500000       5.00000       4.00000       3.47494       0.00000       0.00000       0.00000       0.00000    
       83   83.0000       19.4368       19.4368       19.4368      0.110533      0.379775E-02  0.587427E-02  -126.438      -15.2101      -47.3542       126.582       0.00000      -411.374       11.5500      0.500000       5.00000       4.00000       3.37139       0.00000       0.00000       0.00000       0.00000    
       84   84.0000       19.4310       19.4310       19.4310      0.981371E-01  0.337188E-02   0.00000      -168.898      -12.7100      -48.9213       264.743       0.00000      -411.341       11.5500      0.500000       5.00000       4.00000       3.37012       0.00000       0.00000       0.00000       0.00000    
       85   85.0000       19.6010       19.5956       19.4310      0.111267      0.382171E-02  0.558041E-02  -154.219      -12.2262      -65.7781       169.939       0.00000      -412.298       10.8154      0.500000       5.00000       4.00000       3.37012       0.00000       0.00000       0.00000       0.00000    
       86   86.0000       19.6203       19.6175       19.4355      0.522683E-01  0.179521E-02  0.423854E-02  -95.5240      -8.04727      -27.0493       110.815       0.00000      -412.407       11.3057      0.718282       5.00000       4.00000       3.37112       0.00000       0.00000       0.00000       0.00000    
       87   87.0000       19.6418       19.6387       19.4354      0.118005      0.405282E-02  0.623478E-02  -235.498      -27.6733      -92.3960       262.734       0.00000      -412.529       11.3057      0.718282       5.00000       4.00000       3.37110       0.00000       0.00000       0.00000       0.00000    
       88   88.0000       19.6811       19.6811       19.6811      0.135657      0.465870E-02  0.840075E-02  -281.319      -38.8592      -125.093       256.496       0.00000      -412.750       11.5500      0.500000       5.00000       4.00000       3.42476       0.00000       0.00000       0.00000       0.00000    
       89   89.0000       19.6307       19.6307       19.6307      0.152209      0.522765E-02  0.916161E-02  -305.578      -47.5759      -138.403       254.825       0.00000      -412.466       11.5500      0.500000       5.00000       4.00000       3.41375       0.00000       0.00000       0.00000       0.00000    
       90   90.0000       19.5342       19.5342       19.5342      0.112490      0.386423E-02  0.810659E-02  -283.930      -42.6394      -112.054       270.185       0.00000      -411.922       11.5500      0.500000       5.00000       4.00000       3.39266       0.00000       0.00000       0.00000       0.00000    
       91   91.0000       19.5035       19.5035       19.5035      0.686785E-01  0.235938E-02  0.502219E-02  -229.222      -25.3455      -74.8034       275.241       0.00000      -411.750       11.5500      0.500000       5.00000       4.00000       3.38597       0.00000       0.00000       0.00000       0.00000    
       92   92.0000       19.5794       19.5794       19.5794      0.504642E-01  0.173338E-02  0.571977E-03  -207.882      -19.8936      -63.2338       271.266       0.00000      -412.177       11.5500      0.500000       5.00000       4.00000       3.40254       0.00000       0.00000       0.00000       0.00000    
       93   93.0000       19.6861       19.6861       19.6861      0.517998E-01  0.177889E-02   0.00000      -187.043      -14.7165      -55.1260       258.939       0.00000      -412.778       11.5500      0.500000       5.00000       4.00000       3.42585       0.00000       0.00000       0.00000       0.00000    
       94   94.0000       19.8093       19.8080       19.6861      0.737561E-01  0.253228E-02   0.00000      -165.758      -7.78230      -47.1182       261.964       0.00000      -413.473       11.3035      0.500000       5.00000       4.00000       3.42585       0.00000       0.00000       0.00000       0.00000    
       95   95.0000       19.9901       19.9731       19.6861      0.696697E-01  0.239113E-02   0.00000      -140.515      -7.20975      -37.8671       211.742       0.00000      -414.495       10.2628      0.500000       5.00000       4.00000       3.42585       0.00000       0.00000       0.00000       0.00000    
       96   96.0000       20.1282       20.0938       19.6861      0.137705      0.472488E-02  0.850601E-02  -207.548      -27.5305      -99.8032       146.759       0.00000      -415.276       9.75581      0.500000       5.00000       4.00000       3.42585       0.00000       0.00000       0.00000       0.00000    
       97   97.0000       19.9794       19.9794       19.9794      0.812673E-01  0.278922E-02  0.897066E-02  -189.573      -27.7976      -83.9565       115.192       0.00000      -414.434       11.5500      0.500000       5.00000       4.00000       3.48990       0.00000       0.00000       0.00000       0.00000    
       98   98.0000       19.8407       19.8407       19.8407      0.412358E-01  0.141567E-02  0.666047E-02  -201.538      -22.4349      -69.7695       208.433       0.00000      -413.650       11.5500      0.500000       5.00000       4.00000       3.45960       0.00000       0.00000       0.00000       0.00000    
       99   99.0000       19.8467       19.8467       19.8467      0.396650E-01  0.136173E-02   0.00000      -195.614      -17.0532      -55.0699       256.101       0.00000      -413.684       11.5500      0.500000       5.00000       4.00000       3.46092       0.00000       0.00000       0.00000       0.00000    
      100   100.000       19.9482       19.9482       19.9482      0.491575E-01  0.168727E-02   0.00000      -182.208      -13.8022      -48.2526       251.217       0.00000      -414.258       11.5500      0.500000       5.00000       4.00000       3.48309       0.00000       0.00000       0.00000       0.00000    
      101   101.000       20.0659       20.0648       19.9482      0.109015      0.374093E-02  0.721101E-02  -225.891      -27.5879      -83.3235       226.503       0.00000      -414.924       11.3328      0.500000       5.00000       4.00000       3.48309       0.00000       0.00000       0.00000       0.00000    
      102   102.000       20.0596       20.0596       20.0596      0.158590      0.544221E-02  0.881020E-02  -200.190      -28.2239      -93.8030       136.641       0.00000      -414.888       11.5500      0.500000       5.00000       4.00000       3.50742       0.00000       0.00000       0.00000       0.00000    
      103   103.000       19.9401       19.9401       19.9401      0.128914      0.442488E-02  0.753595E-02  -251.496      -30.5739      -97.3285       249.644       0.00000      -414.212       11.5500      0.500000       5.00000       4.00000       3.48133       0.00000       0.00000       0.00000       0.00000    
      104   104.000       19.9306       19.9306       19.9306      0.132662      0.455362E-02  0.100006E-01  -221.125      -33.7512      -116.477       104.839       0.00000      -414.158       11.5500      0.500000       5.00000       4.00000       3.47923       0.00000       0.00000       0.00000       0.00000    
      105   105.000       19.7172       19.7172       19.7172      0.323106      0.110953E-01  0.101856E-01  -244.386      -26.4883      -149.574       122.180       0.00000      -412.954       11.5500      0.500000       5.00000       4.00000       3.43264       0.00000       0.00000       0.00000       0.00000    
      106   106.000       19.4934       19.4934       19.4934      0.193704      0.665463E-02  0.135681E-01  -545.404      -128.147      -258.789       239.983       0.00000      -411.693       11.5500      0.500000       5.00000       4.00000       3.38376       0.00000       0.00000       0.00000       0.00000    
      107   107.000       18.9433       18.9433       18.9433      0.200922      0.691009E-02  0.133001E-01  -358.415      -87.2558      -193.372       7.02181       0.00000      -408.606       11.5500      0.500000       5.00000       4.00000       3.26362       0.00000       0.00000       0.00000       0.00000    
      108   108.000       18.3116       18.3116       18.3116      0.103623      0.356822E-02  0.594989E-02  -200.020      -24.7224      -61.9377       217.974       0.00000      -405.083       11.5500      0.500000       5.00000       4.00000       3.12566       0.00000       0.00000       0.00000       0.00000    
      109   109.000       18.3380       18.3380       18.3380      0.164877      0.567722E-02  0.943621E-02  -197.959      -41.2991      -93.4957       86.8722       0.00000      -405.229       11.5500      0.500000       5.00000       4.00000       3.13141       0.00000       0.00000       0.00000       0.00000    
      110   110.000       18.1345       18.1345       18.1345      0.164442      0.566448E-02  0.563903E-02  -109.043      -10.0135      -41.2944       105.188       0.00000      -404.099       11.5500      0.500000       5.00000       4.00000       3.08698       0.00000       0.00000       0.00000       0.00000    
      111   111.000       18.1221       18.1221       18.1221      0.281309      0.969042E-02  0.108821E-01  -386.350      -73.4750      -183.798       237.203       0.00000      -404.030       11.5500      0.500000       5.00000       4.00000       3.08427       0.00000       0.00000       0.00000       0.00000    
      112   112.000       17.8509       17.8509       17.8509      0.227440      0.783895E-02  0.125731E-01  -416.019      -104.538      -220.032       123.042       0.00000      -402.527       11.5500      0.500000       5.00000       4.00000       3.02503       0.00000       0.00000       0.00000       0.00000    
      113   113.000       17.3236       17.3236       17.3236      0.336438      0.116077E-01  0.952803E-02  -305.132      -29.8973      -173.622       208.266       0.00000      -399.618       11.5500      0.500000       5.00000       4.00000       2.90988       0.00000       0.00000       0.00000       0.00000    
      114   114.000       17.1459       17.1459       17.1459      0.243684      0.841044E-02  0.876856E-02  -205.504      -28.6482      -110.337       118.144       0.00000      -398.641       11.5500      0.500000       5.00000       4.00000       2.87106       0.00000       0.00000       0.00000       0.00000    
      115   115.000       16.9851       16.9851       16.9851      0.191631      0.661596E-02  0.102230E-01  -356.149      -74.0047      -152.176       224.067       0.00000      -397.758       11.5500      0.500000       5.00000       4.00000       2.83595       0.00000       0.00000       0.00000       0.00000    
      116   116.000       16.7447       16.7447       16.7447      0.208940      0.721695E-02  0.118576E-01  -464.096      -115.427      -204.866       222.951       0.00000      -396.442       11.5500      0.500000       5.00000       4.00000       2.78345       0.00000       0.00000       0.00000       0.00000    
      117   117.000       16.3102       16.3102       16.3102      0.223565      0.772864E-02  0.998594E-02  -343.621      -62.7531      -162.817       211.799       0.00000      -394.070       11.5500      0.500000       5.00000       4.00000       2.68855       0.00000       0.00000       0.00000       0.00000    
      118   118.000       16.0706       16.0706       16.0706      0.235729      0.815299E-02  0.773152E-02  -244.459      -21.6474      -120.941       207.027       0.00000      -392.767       11.5500      0.500000       5.00000       4.00000       2.63621       0.00000       0.00000       0.00000       0.00000    
      119   119.000       15.9991       15.9991       15.9991      0.256488      0.887220E-02  0.117003E-01  -472.009      -113.864      -215.616       225.500       0.00000      -392.379       11.5500      0.500000       5.00000       4.00000       2.62061       0.00000       0.00000       0.00000       0.00000    
      120   120.000       15.5553       15.5553       15.5553      0.161475      0.559042E-02  0.103199E-01  -297.178      -71.4268      -146.802       109.604       0.00000      -389.976       11.5500      0.500000       5.00000       4.00000       2.52368       0.00000       0.00000       0.00000       0.00000    
      121   121.000       15.2167       15.2167       15.2167      0.232323      0.804856E-02  0.858072E-02  -164.058      -28.1836      -87.7923       49.3499       0.00000      -388.149       11.5500      0.500000       5.00000       4.00000       2.44973       0.00000       0.00000       0.00000       0.00000    
      122   122.000       15.0080       15.0080       15.0080      0.267049      0.925536E-02  0.100847E-01  -370.739      -85.0958      -159.913       211.319       0.00000      -387.027       11.5500      0.500000       5.00000       4.00000       2.40415       0.00000       0.00000       0.00000       0.00000    
      123   123.000       14.7197       14.7197       14.7197      0.246102      0.853413E-02  0.113018E-01  -462.950      -126.371      -194.100       210.304       0.00000      -385.480       11.5500      0.500000       5.00000       4.00000       2.34119       0.00000       0.00000       0.00000       0.00000    
      124   124.000       14.2655       14.2655       14.2655      0.178431      0.619295E-02  0.955031E-02  -345.399      -76.1103      -143.747       202.607       0.00000      -383.053       11.5500      0.500000       5.00000       4.00000       2.24199       0.00000       0.00000       0.00000       0.00000    
      125   125.000       14.0071       14.0071       14.0071      0.116892      0.405912E-02  0.780480E-02  -262.614      -46.6172      -93.5739       203.793       0.00000      -381.678       11.5500      0.500000       5.00000       4.00000       2.18555       0.00000       0.00000       0.00000       0.00000    
      126   126.000       13.8984       13.8984       13.8984      0.685791E-01  0.238193E-02  0.607971E-02  -203.359      -29.7761      -51.7307       199.006       0.00000      -381.100       11.5500      0.500000       5.00000       4.00000       2.16181       0.00000       0.00000       0.00000       0.00000    
      127   127.000       13.8867       13.8867       13.8867      0.838756E-01  0.291328E-02  0.644857E-02  -168.682      -29.5018      -48.9078       140.824       0.00000      -381.038       11.5500      0.500000       5.00000       4.00000       2.15926       0.00000       0.00000       0.00000       0.00000    
      128   128.000       13.8332       13.8332       13.8332      0.249454      0.866528E-02  0.803404E-02  -147.907      -31.1944      -71.1363       38.8102       0.00000      -380.754       11.5500      0.500000       5.00000       4.00000       2.14757       0.00000       0.00000       0.00000       0.00000    
      129   129.000       13.6351       13.6351       13.6351      0.142975      0.496841E-02   0.00000      -110.850      -6.93768      -28.0486       145.536       0.00000      -379.703       11.5500      0.500000       5.00000       4.00000       2.10430       0.00000       0.00000       0.00000       0.00000    
      130   130.000       13.6930       13.6930       13.6930      0.526466E-01  0.182928E-02  0.517265E-02  -155.832      -18.6862      -38.1926       161.619       0.00000      -380.010       11.5500      0.500000       5.00000       4.00000       2.11696       0.00000       0.00000       0.00000       0.00000    
      131   131.000       13.6995       13.6995       13.6995      0.564328E-01  0.196081E-02  0.505094E-02  -112.183      -14.7150      -28.4120       107.557       0.00000      -380.045       11.5500      0.500000       5.00000       4.00000       2.11837       0.00000       0.00000       0.00000       0.00000    
      132   132.000       13.6875       13.6875       13.6875      0.336514E-01  0.116928E-02  0.431479E-02  -105.324      -11.1615      -23.7199       113.207       0.00000      -379.981       11.5500      0.500000       5.00000       4.00000       2.11574       0.00000       0.00000       0.00000       0.00000    
      133   133.000       13.6977       13.6977       13.6977      0.609279E-01  0.211700E-02  0.583072E-02  -77.2936      -11.3482      -18.1667       41.0992       0.00000      -380.035       11.5500      0.500000       5.00000       4.00000       2.11798       0.00000       0.00000       0.00000       0.00000    
      134   134.000       13.6295       13.6295       13.6295      0.132166      0.459284E-02  0.549128E-02  -75.9692      -11.0795      -23.9349       48.8612       0.00000      -379.674       11.5500      0.500000       5.00000       4.00000       2.10307       0.00000       0.00000       0.00000       0.00000    
      135   135.000       13.5774       13.5774       13.5774      0.287165      0.998018E-02   0.00000      -67.5117       4.44311      -24.5670       90.8888       0.00000      -379.398       11.5500      0.500000       5.00000       4.00000       2.09171       0.00000       0.00000       0.00000       0.00000    
      136   136.000       13.6153       13.6153       13.6153      0.224273      0.779386E-02  0.939636E-02  -276.301      -56.5713      -145.176       108.288       0.00000      -379.599       11.5500      0.500000       5.00000       4.00000       2.09998       0.00000       0.00000       0.00000       0.00000    
      137   137.000       13.3123       13.3123       13.3123      0.177488      0.617161E-02  0.925916E-02  -253.629      -63.4980      -126.371       81.7515       0.00000      -377.997       11.5500      0.500000       5.00000       4.00000       2.03380       0.00000       0.00000       0.00000       0.00000    
      138   138.000       13.0025       13.0025       13.0025      0.236905      0.824262E-02  0.100062E-01  -383.372      -98.0311      -156.657       174.948       0.00000      -376.364       11.5500      0.500000       5.00000       4.00000       1.96614       0.00000       0.00000       0.00000       0.00000    
      139   139.000       12.6277       12.6277       12.6277      0.211695      0.737081E-02  0.101292E-01  -400.549      -107.968      -157.495       170.586       0.00000      -374.396       11.5500      0.500000       5.00000       4.00000       1.88429       0.00000       0.00000       0.00000       0.00000    
      140   140.000       12.2147       12.2147       12.2147      0.418142E-01  0.145705E-02  0.724020E-02  -171.631      -37.0863      -58.4147       88.9345       0.00000      -372.237       11.5500      0.500000       5.00000       4.00000       1.79409       0.00000       0.00000       0.00000       0.00000    
      141   141.000       12.0642       12.0642       12.0642      0.774405E-01  0.269926E-02  0.611648E-02  -193.917      -29.1360      -45.0931       170.133       0.00000      -371.452       11.5500      0.500000       5.00000       4.00000       1.76122       0.00000       0.00000       0.00000       0.00000    
      142   142.000       12.0186       12.0186       12.0186      0.474899E-01  0.165545E-02  0.639967E-02  -200.558      -32.3830      -46.8436       166.199       0.00000      -371.215       11.5500      0.500000       5.00000       4.00000       1.75127       0.00000       0.00000       0.00000       0.00000    
      143   143.000       11.9543       11.9543       11.9543      0.106231      0.370358E-02  0.588866E-02  -140.936      -25.5144      -40.3701       108.896       0.00000      -370.880       11.5500      0.500000       5.00000       4.00000       1.73721       0.00000       0.00000       0.00000       0.00000    
      144   144.000       11.8941       11.8941       11.8941      0.132165      0.460825E-02  0.402475E-02  -75.5339      -9.28298      -20.8349       74.4377       0.00000      -370.567       11.5500      0.500000       5.00000       4.00000       1.72406       0.00000       0.00000       0.00000       0.00000    
      145   145.000       11.8890       11.8890       11.8890      0.108962      0.379926E-02  0.429001E-02  -125.563      -10.7475      -29.9819       134.616       0.00000      -370.540       11.5500      0.500000       5.00000       4.00000       1.72296       0.00000       0.00000       0.00000       0.00000    
      146   146.000       11.9020       11.9020       11.9020      0.753735E-01  0.262804E-02  0.696731E-02  -135.884      -28.7837      -51.9615       52.2349       0.00000      -370.608       11.5500      0.500000       5.00000       4.00000       1.72580       0.00000       0.00000       0.00000       0.00000    
      147   147.000       11.7499       11.7499       11.7499      0.635556E-01  0.221664E-02  0.761579E-02  -248.356      -45.7114      -64.9254       157.537       0.00000      -369.818       11.5500      0.500000       5.00000       4.00000       1.69259       0.00000       0.00000       0.00000       0.00000    
      148   148.000       11.5851       11.5851       11.5851      0.170129      0.593551E-02  0.874850E-02  -308.850      -75.4104      -113.101       145.079       0.00000      -368.963       11.5500      0.500000       5.00000       4.00000       1.65659       0.00000       0.00000       0.00000       0.00000    
      149   149.000       11.2904       11.2904       11.2904      0.140878      0.491777E-02  0.806104E-02  -192.896      -56.1016      -85.3874       41.7807       0.00000      -367.438       11.5500      0.500000       5.00000       4.00000       1.59223       0.00000       0.00000       0.00000       0.00000    
      150   150.000       11.0184       11.0184       11.0184      0.720416E-01  0.251615E-02  0.566728E-02  -146.114      -22.9587      -34.0718       114.908       0.00000      -366.034       11.5500      0.500000       5.00000       4.00000       1.53283       0.00000       0.00000       0.00000       0.00000    
      151   151.000       10.9601       10.9601       10.9601      0.119161      0.416232E-02  0.534549E-02  -95.4602      -19.5120      -33.3335       60.4596       0.00000      -365.734       11.5500      0.500000       5.00000       4.00000       1.52008       0.00000       0.00000       0.00000       0.00000    
      152   152.000       10.8950       10.8950       10.8950      0.176452      0.616429E-02  0.858625E-02  -272.261      -73.7719      -116.720       87.0765       0.00000      -365.399       11.5500      0.500000       5.00000       4.00000       1.50587       0.00000       0.00000       0.00000       0.00000    
      153   153.000       10.5625       10.5625       10.5625      0.537166E-01  0.187777E-02  0.756989E-02  -178.565      -47.5983      -62.5961       39.9359       0.00000      -363.691       11.5500      0.500000       5.00000       4.00000       1.43325       0.00000       0.00000       0.00000       0.00000    
      154   154.000       10.3130       10.3130       10.3130      0.276191      0.965942E-02  0.996041E-02  -461.948      -156.935      -158.144       145.645       0.00000      -362.413       11.5500      0.500000       5.00000       4.00000       1.37876       0.00000       0.00000       0.00000       0.00000    
      155   155.000       9.74714       9.74714       9.74714      0.160246      0.561052E-02  0.849651E-02  -264.681      -95.4202      -105.051       33.7729       0.00000      -359.528       11.5500      0.500000       5.00000       4.00000       1.25518       0.00000       0.00000       0.00000       0.00000    
      156   156.000       9.33363       9.33363       9.33363      0.339277      0.118881E-01  0.489804E-02  -79.7431      -9.62788      -41.9805       39.7527       0.00000      -357.430       11.5500      0.500000       5.00000       4.00000       1.16486       0.00000       0.00000       0.00000       0.00000    
      157   157.000       9.26031       9.26031       9.26031      0.285495      0.100050E-01  0.481561E-02  -121.338      -9.83852      -49.4117       96.3818       0.00000      -357.059       11.5500      0.500000       5.00000       4.00000       1.14885       0.00000       0.00000       0.00000       0.00000    
      158   158.000       9.21378       9.21378       9.21378      0.177426      0.621837E-02  0.785585E-02  -311.380      -75.5028      -111.087       134.932       0.00000      -356.824       11.5500      0.500000       5.00000       4.00000       1.13869       0.00000       0.00000       0.00000       0.00000    
      159   159.000       8.89744       8.89744       8.89744      0.187308      0.656869E-02  0.668150E-02  -237.240      -40.2786      -92.3766       131.871       0.00000      -355.228       11.5500      0.500000       5.00000       4.00000       1.06960       0.00000       0.00000       0.00000       0.00000    
      160   160.000       8.70782       8.70782       8.70782      0.109983      0.385839E-02  0.437423E-02  -124.458      -12.5727      -33.3840       110.553       0.00000      -354.273       11.5500      0.500000       5.00000       4.00000       1.02819       0.00000       0.00000       0.00000       0.00000    
      161   161.000       8.68118       8.68118       8.68118      0.416032E-01  0.145959E-02  0.368768E-02  -118.518      -9.90584      -14.2762       123.417       0.00000      -354.140       11.5500      0.500000       5.00000       4.00000       1.02237       0.00000       0.00000       0.00000       0.00000    
      162   162.000       8.68805       8.68805       8.68805      0.447718E-01  0.157073E-02  0.310308E-02  -82.8559      -7.49270      -9.62544       89.5357       0.00000      -354.174       11.5500      0.500000       5.00000       4.00000       1.02387       0.00000       0.00000       0.00000       0.00000    
      163   163.000       8.69809       8.69809       8.69809      0.136629      0.479326E-02   0.00000      -23.8684       1.84052      -1.87529       42.3989       0.00000      -354.224       11.5500      0.500000       5.00000       4.00000       1.02606       0.00000       0.00000       0.00000       0.00000    
      164   164.000       8.72925       8.72925       8.72925      0.910580E-01  0.319434E-02  0.190953E-02  -51.7528      -2.81757      -9.15840       63.2452       0.00000      -354.381       11.5500      0.500000       5.00000       4.00000       1.03287       0.00000       0.00000       0.00000       0.00000    
      165   165.000       8.74786       8.74786       8.74786      0.297360      0.104311E-01  0.572751E-02  -148.424      -23.7308      -68.5445       78.2301       0.00000      -354.475       11.5500      0.500000       5.00000       4.00000       1.03693       0.00000       0.00000       0.00000       0.00000    
      166   166.000       8.62096       8.62096       8.62096      0.218544      0.766819E-02  0.879140E-02  -424.951      -136.240      -142.820       125.571       0.00000      -353.837       11.5500      0.500000       5.00000       4.00000       1.00922       0.00000       0.00000       0.00000       0.00000    
      167   167.000       8.08590       8.08590       8.08590      0.742172E-01  0.260678E-02  0.598213E-02  -171.541      -40.2892      -49.9301       71.0920       0.00000      -351.157       11.5500      0.500000      0.367129       8.11202     -0.776720E-01   0.00000       0.00000       0.00000       0.00000    
      168   168.000       7.90711       7.90711       7.90711      0.284868      0.100090E-01  0.298902E-02  -41.1012      0.751866      -19.6351       33.7138       0.00000      -350.265       11.5500      0.500000      0.305657       8.19386      -1.02445       0.00000       0.00000       0.00000       0.00000    
      169   169.000       7.89576       7.89576       7.89576      0.127016      0.446288E-02  0.533263E-02  -170.723      -26.5485      -52.0815       109.325       0.00000      -350.208       11.5500      0.500000      0.477713       7.96329     -0.154356       0.00000       0.00000       0.00000       0.00000    
      170   170.000       7.78665       7.78665       7.78665      0.520385E-01  0.182883E-02  0.448194E-02  -138.206      -18.0451      -22.0202       111.064       0.00000      -349.665       11.5500      0.500000      0.444536       8.00690     -0.541055       0.00000       0.00000       0.00000       0.00000    
      171   171.000       7.73923       7.73923       7.73923      0.667745E-01  0.234692E-02  0.333817E-02  -86.3771      -9.25023      -10.7283       83.7324       0.00000      -349.429       11.5500      0.500000      0.452418       7.99650     -0.620980       0.00000       0.00000       0.00000       0.00000    
      172   172.000       7.73560       7.73560       7.73560      0.541163E-01  0.190204E-02   0.00000      -33.0741      -3.05970      -3.67471       44.4161       0.00000      -349.411       11.5500      0.500000      0.477022       7.96407     -0.523024       0.00000       0.00000       0.00000       0.00000    
      173   173.000       7.75682       7.75671       7.73560      0.103508      0.363787E-02  0.183630E-02  -32.2794      -2.81752      -6.17428       37.3884       0.00000      -349.516       11.4347      0.500000      0.498433       7.93592     -0.438889       0.00000       0.00000       0.00000       0.00000    
      174   174.000       7.76658       7.76658       7.76658      0.156042      0.548412E-02  0.229215E-02  -42.1079      -3.70515      -11.6386       45.6344       0.00000      -349.565       11.5500      0.500000      0.526343       7.89932     -0.275385       0.00000       0.00000       0.00000       0.00000    
      175   175.000       7.77334       7.77334       7.77334      0.970696E-01  0.341148E-02  0.331928E-02  -34.9000      -3.75969      -7.25307       17.2967       0.00000      -349.598       11.5500      0.500000      0.539600       7.88199     -0.219874       0.00000       0.00000       0.00000       0.00000    
      176   176.000       7.74237       7.74237       7.74237      0.108748      0.382215E-02  0.537124E-02  -105.484      -31.7602      -37.8366       16.9735       0.00000      -349.444       11.5500      0.500000      0.537393       7.88487     -0.289555       0.00000       0.00000       0.00000       0.00000    
      177   177.000       7.58524       7.58524       7.58524      0.204335      0.718386E-02  0.664522E-02  -243.011      -72.2054      -87.5399       78.6356       0.00000      -348.663       11.5500      0.500000      0.494199       7.94127     -0.786704       0.00000       0.00000       0.00000       0.00000    
      178   178.000       7.29385       7.29385       7.29385      0.254831      0.896418E-02  0.712918E-02  -302.355      -105.279      -110.067       74.1904       0.00000      -347.218       11.5500      0.500000      0.435879       8.01779      -1.81368       0.00000       0.00000       0.00000       0.00000    
      179   179.000       6.89067       6.89067       6.89067      0.162186      0.570961E-02  0.650879E-02  -286.153      -83.9411      -88.2718       95.8498       0.00000      -345.225       11.5500      0.500000      0.401377       8.06335      -3.19043       0.00000       0.00000       0.00000       0.00000    
      180   180.000       6.55738       6.55738       6.55738      0.156637      0.551779E-02  0.590228E-02  -221.960      -74.1537      -80.1493       55.9009       0.00000      -343.585       11.5500      0.500000      0.429083       8.02663      -3.73919       0.00000       0.00000       0.00000       0.00000    
      181   181.000       6.26825       6.26825       6.26825      0.254862      0.898290E-02  0.652948E-02  -352.453      -117.918      -110.059       103.488       0.00000      -342.166       11.5500      0.500000      0.469815       7.97280      -3.96193       0.00000       0.00000       0.00000       0.00000    
      182   182.000       5.83185       5.83185       5.83185      0.223355      0.787898E-02  0.591906E-02  -330.667      -106.587      -100.446       103.398       0.00000      -340.034       11.5500      0.500000      0.482818       7.95570      -4.80356       0.00000       0.00000       0.00000       0.00000    
      183   183.000       5.43558       5.43558       5.43558      0.195316      0.689512E-02  0.539974E-02  -323.932      -100.555      -94.8061       105.800       0.00000      -338.106       11.5500      0.500000      0.513443       7.91547      -5.27427       0.00000       0.00000       0.00000       0.00000    
      184   184.000       5.05643       5.05643       5.05643      0.206162      0.728329E-02  0.493377E-02  -332.148      -104.285      -97.5373       106.538       0.00000      -336.269       11.5500      0.500000      0.547322       7.87112      -5.61578       0.00000       0.00000       0.00000       0.00000    
      185   185.000       4.66457       4.66457       4.66457      0.178340      0.630510E-02  0.410673E-02  -305.387      -91.5482      -88.5521       102.078       0.00000      -334.378       11.5500      0.500000      0.578160       7.83091      -5.98041       0.00000       0.00000       0.00000       0.00000    
      186   186.000       4.31308       4.31308       4.31308      0.104272      0.368896E-02  0.281508E-02  -225.306      -56.5250      -50.0036       97.7718       0.00000      -332.689       11.5500      0.500000      0.613421       7.78508      -6.18079       0.00000       0.00000       0.00000       0.00000    
      187   187.000       4.09691       4.09691       4.09691      0.136351      0.482584E-02  0.206937E-02  -247.413      -61.5318      -66.5377       100.750       0.00000      -331.654       11.5500      0.500000      0.662368       7.72173      -5.97600       0.00000       0.00000       0.00000       0.00000    
      188   188.000       3.84630       3.84630       3.84630      0.157537      0.557837E-02   0.00000      -239.483      -70.7173      -73.6937       79.3011       0.00000      -330.456       11.5500      0.500000      0.700194       7.67305      -5.96808       0.00000       0.00000       0.00000       0.00000    
      189   189.000       3.57160       3.57160       3.57160      0.113440      0.401901E-02   0.00000      -183.436      -48.4514      -46.1639       78.3201       0.00000      -329.147       11.5500      0.500000      0.731331       7.63315      -6.06457       0.00000       0.00000       0.00000       0.00000    
      190   190.000       3.39516       3.39516       3.39516      0.166768      0.591030E-02   0.00000      -184.633      -59.5708      -58.6870       62.7269       0.00000      -328.309       11.5500      0.500000      0.772535       7.58055      -5.91617       0.00000       0.00000       0.00000       0.00000    
      191   191.000       3.18855       3.18855       3.18855      0.965938E-01  0.342467E-02   0.00000      -175.547      -43.6531      -43.3975       74.2178       0.00000      -327.329       11.5500      0.500000      0.805836       7.53824      -5.89433       0.00000       0.00000       0.00000       0.00000    
      192   192.000       3.01855       3.01855       3.01855      0.602592E-01  0.213715E-02   0.00000      -165.660      -40.1734      -35.4008       73.1010       0.00000      -326.524       11.5500      0.500000      0.841190       7.49350      -5.80921       0.00000       0.00000       0.00000       0.00000    
      193   193.000       2.85760       2.86401       3.01855      0.148291      0.526088E-02   0.00000      -82.8912      -29.2947      -30.6838       15.6410       0.00000      -325.763       10.6295      0.500000      0.895420       7.42517      -5.37405       0.00000       0.00000       0.00000       0.00000    
      194   194.000       2.74133       2.75380       2.98265      0.201849      0.716256E-02   0.00000      -224.671      -80.5009      -68.9292       66.3994       0.00000      -325.215       10.7190      0.718282      0.940443       7.36881      -5.09302       0.00000       0.00000       0.00000       0.00000    
      195   195.000       2.47515       2.48096       2.98846      0.202923      0.720433E-02   0.00000      -322.436      -117.146      -80.3681       95.9418       0.00000      -323.962       11.3680      0.718282      0.987858       7.30979      -4.77690       0.00000       0.00000       0.00000       0.00000    
      196   196.000       1.85921       2.08603       2.98846      0.234570      0.833769E-02   0.00000      -259.747      -115.867      -75.4756       56.4146       0.00000      -321.075       6.91014      0.500000       1.03126       7.25609      -4.51900       0.00000       0.00000       0.00000       0.00000    
      197   197.000       1.61721       1.73191       2.89830      0.174653      0.621084E-02   0.00000      -282.441      -95.0841      -67.3497       95.1769       0.00000      -319.947       9.63099      0.538879       1.05848       7.22259      -4.46126       0.00000       0.00000       0.00000       0.00000    
      198   198.000       1.13398       1.40629       2.89830      0.177950      0.633396E-02   0.00000      -118.494      -46.1665      -44.5077       37.7391       0.00000      -317.702       7.98464      0.500000       1.09809       7.17400      -4.25198       0.00000       0.00000       0.00000       0.00000    
      199   199.000      0.943608       1.27002       2.89830      0.146714      0.522403E-02   0.00000      -120.719      -33.0878      -40.7668       53.5158       0.00000      -316.821       7.69257      0.500000       1.13576       7.12805      -4.06680       0.00000       0.00000       0.00000       0.00000    
      200   200.000      0.698221       1.15755       2.89830      0.899522E-01  0.320443E-02   0.00000      -185.595      -36.6714      -31.4725       101.063       0.00000      -315.688       6.72723      0.500000       1.17158       7.08455      -3.90190       0.00000       0.00000       0.00000       0.00000    
      201   201.000      0.223955       1.01391       2.89830      0.480860E-01  0.171456E-02   0.00000      -91.8620      -25.6983      -18.4320       51.6315       0.00000      -313.507       4.72670      0.500000       1.20572       7.04329      -3.75405       0.00000       0.00000       0.00000       0.00000    
      202   202.000       0.00000      0.948920       2.89830      0.157918      0.563315E-02   0.00000       0.00000      -30.8897      -28.2653       39.5597       0.00000      -312.481       2.68634      0.500000       1.23851       7.00384      -3.61987       0.00000       0.00000       0.00000       0.00000    
      203   203.000       0.00000       1.02581       2.67342      0.264699      0.945744E-02   0.00000       0.00000      -44.9951      -56.2298       0.00000       0.00000      -308.657       2.68634      0.500000       1.23065       7.01326      -3.85089      0.235189E-01   0.00000     -0.839540     -0.839540    
      204   204.000       0.00000       1.03267       2.69129      0.150278      0.538773E-02   0.00000       0.00000      -39.6644      -34.7977       0.00000       0.00000      -300.663       2.68634      0.500000       1.26626       6.97055      -3.69035      0.547817E-01   0.00000      -2.61992      -2.61992    
      205   205.000       0.00000       1.03924       2.70842      0.153729      0.551863E-02   0.00000       0.00000       12.0148     -0.160388       0.00000       0.00000      -297.672       2.68634      0.500000       1.30043       6.92978      -3.54479      0.810730E-01   0.00000      -3.29532      -3.29532    
      206   206.000       0.00000       1.04556       2.72488      0.259141      0.924389E-02   0.00000       0.00000      0.124665      -35.0130       0.00000       0.00000      -312.481       2.68634      0.500000       1.33327       6.89076      -3.41201      0.738945E-01   0.00000       0.00000       0.00000    
      207   207.000       0.00000       1.05163       2.74071      0.223845      0.799388E-02   0.00000       0.00000      -72.6684      -67.6300       0.00000       0.00000      -309.806       2.68634      0.500000       1.36493       6.85333      -3.29026      0.786837E-01   0.00000     -0.586387     -0.586387    
      208   208.000       0.00000       1.05749       2.75599       0.00000      0.961574E-04   0.00000       0.00000      0.388920E-01 -0.107795E-01   0.00000       0.00000      -280.554       2.68634      0.500000       1.39549       6.81735      -3.17810      0.118124       0.00000      -7.26145      -7.26145    
      209   209.000       0.00000       1.06316       2.77074      0.183966      0.656229E-02   0.00000       0.00000      -107.571      -74.9123       0.00000       0.00000      -312.481       2.68634      0.500000       1.42504       6.78270      -3.07434      0.113899       0.00000       0.00000       0.00000    
      210   210.000       0.00000       1.06863       2.78501       0.00000      0.785343E-04   0.00000       0.00000      0.121774      0.318841E-01   0.00000       0.00000      -242.359       2.68634      0.500000       1.45366       6.74928      -2.97799      0.174850       0.00000      -16.8136      -16.8136    
      211   211.000       0.00000       1.07393       2.79883      0.120026      0.428147E-02   0.00000       0.00000      -37.3416      -31.9948       0.00000       0.00000      -312.481       2.68634      0.500000       1.48142       6.71701      -2.88821      0.160437       0.00000       0.00000       0.00000    
      212   212.000       0.00000       1.07908       2.81224       0.00000      0.105000E-03   0.00000       0.00000      0.735319E-01  0.271384E-01   0.00000       0.00000      -286.497       2.68634      0.500000       1.50837       6.68579      -2.80429      0.180678       0.00000      -5.86437      -5.86437    
      213   213.000       0.00000       1.08407       2.82525      0.264980      0.945218E-02   0.00000       0.00000      -88.3294      -91.2028       0.00000       0.00000      -312.481       2.68634      0.500000       1.53457       6.65555      -2.72564      0.172826       0.00000       0.00000       0.00000    
      214   214.000       0.00000       1.08893       2.83791       0.00000      0.781359E-04   0.00000       0.00000      0.152927      0.268726E-01   0.00000       0.00000      -228.559       2.68634      0.500000       1.56007       6.62624      -2.65171      0.228619       0.00000      -20.5431      -20.5431    
      215   215.000       0.00000       1.09365       2.85021      0.161208      0.575049E-02   0.00000       0.00000      -80.6484      -61.9621       0.00000       0.00000      -312.481       2.68634      0.500000       1.58491       6.59780      -2.58208      0.225471       0.00000       0.00000       0.00000    
