Results from FLAKE simulations.
 No     time         Ts            Tm            Tb            ufr_a         ufr_w         Wconv         Qw            Q_se          Q_la          I_w           Q_lwa         Q_lww         h_ML          C_T           H_B1          T_B1          Qbot          H_ice         H_snow        T_ice         T_snow   
        0   0.00000       17.2000       17.2000       8.00000       0.00000      0.838795E-04   0.00000      -61.0618      0.662225E-01 -0.202037       276.168       0.00000      -398.938       11.5500      0.500000       5.00000       4.00000      0.873600       0.00000       0.00000       0.00000       0.00000    
        1   1.00000       17.7004       17.5815       8.00000       0.00000      0.915497E-04   0.00000      -51.7350      0.637170E-01 -0.159772       228.018       0.00000      -401.696       11.2667      0.500000       5.00000       4.00000      0.873600       0.00000       0.00000       0.00000       0.00000    
        2   2.00000       18.1465       17.8938       8.00000      0.144004      0.496036E-02   0.00000      -113.786       6.66855      -60.2520       199.991       0.00000      -404.166       10.9746      0.500000       5.00000       4.00000      0.873600       0.00000       0.00000       0.00000       0.00000    
        3   3.00000       19.5818       18.0457       8.00000      0.743097E-01  0.255244E-02   0.00000      -200.612      -12.5688      -75.4882       337.782       0.00000      -412.190       8.48631      0.500000       5.00000       4.00000      0.873600       0.00000       0.00000       0.00000       0.00000    
        4   4.00000       20.2089       18.2884       8.00000      0.815150E-01  0.279645E-02   0.00000      -204.194      -8.05645      -89.1240       334.948       0.00000      -415.734       7.91615      0.500000       5.00000       4.00000      0.873600       0.00000       0.00000       0.00000       0.00000    
        5   5.00000       20.6999       18.5196       8.00000      0.988650E-01  0.338836E-02  0.488887E-02  -241.749      -13.9455      -116.547       335.884       0.00000      -418.524       7.58414      0.500000       5.00000       4.00000      0.873600       0.00000       0.00000       0.00000       0.00000    
        6   6.00000       20.8983       18.6856       8.05963      0.147151      0.504124E-02  0.852063E-02  -279.036      -25.6375      -163.371       237.448       0.00000      -419.656       7.58415      0.501954       5.00000       4.00000      0.886624       0.00000       0.00000       0.00000       0.00000    
        7   7.00000       20.7250       18.6098       7.99640      0.143888      0.493117E-02  0.105147E-01  -259.673      -51.5075      -132.206       42.6219       0.00000      -418.667       7.77051      0.507821       5.00000       4.00000      0.872815       0.00000       0.00000       0.00000       0.00000    
        8   8.00000       20.0499       18.2217       7.79649      0.859895E-01  0.295088E-02   0.00000      -202.621      -20.7704      -66.2817       320.003       0.00000      -414.833       8.22007      0.517520       5.00000       4.00000      0.829154       0.00000       0.00000       0.00000       0.00000    
        9   9.00000       20.4705       18.4292       7.79649      0.158035      0.541872E-02  0.378150E-02  -172.417      -2.65200      -89.2331       243.657       0.00000      -417.219       7.94860      0.516558       5.00000       4.00000      0.829154       0.00000       0.00000       0.00000       0.00000    
       10   10.0000       20.6257       18.5545       7.83557      0.318021      0.109010E-01  0.119966E-01  -413.523      -89.6955      -246.150       113.171       0.00000      -418.102       7.94860      0.519365       5.00000       4.00000      0.837688       0.00000       0.00000       0.00000       0.00000    
       11   11.0000       19.7076       18.0180       7.62660      0.301648      0.103586E-01  0.101381E-01  -409.623      -57.2030      -243.223       303.494       0.00000      -412.899       8.51927      0.532992       5.00000       4.00000      0.792050       0.00000       0.00000       0.00000       0.00000    
       12   12.0000       19.3660       17.8275       7.58975      0.186665      0.641442E-02  0.776326E-02  -309.368      -25.2233      -180.791       316.279       0.00000      -410.976       8.79091      0.546921       5.00000       4.00000      0.784001       0.00000       0.00000       0.00000       0.00000    
       13   13.0000       19.3445       17.8383       7.61240      0.138665      0.476518E-02  0.572057E-02  -249.659      -20.1223      -127.920       306.902       0.00000      -410.856       8.88356      0.556135       5.00000       4.00000      0.788948       0.00000       0.00000       0.00000       0.00000    
       14   14.0000       19.4621       17.9387       7.64360      0.127291      0.437330E-02  0.469016E-02  -150.727       9.53523      -103.921       188.099       0.00000      -411.516       8.89817      0.561411       5.00000       4.00000      0.795762       0.00000       0.00000       0.00000       0.00000    
       15   15.0000       19.5402       18.0038       7.66458      0.120502      0.413942E-02   0.00000      -163.881       9.81340      -96.0973       278.496       0.00000      -411.956       8.90499      0.564959       5.00000       4.00000      0.800344       0.00000       0.00000       0.00000       0.00000    
       16   16.0000       20.5338       18.2064       7.66458      0.161195      0.552639E-02  0.783612E-02  -321.256      -22.0246      -188.094       341.429       0.00000      -417.578       7.83458      0.562198       5.00000       4.00000      0.800344       0.00000       0.00000       0.00000       0.00000    
       17   17.0000       20.5406       18.2408       7.68630      0.169196      0.580062E-02  0.821435E-02  -239.039      -4.83304      -166.273       195.284       0.00000      -417.617       7.91041      0.567766       5.00000       4.00000      0.805088       0.00000       0.00000       0.00000       0.00000    
       18   18.0000       20.3767       18.1613       7.69798      0.195500      0.670458E-02  0.567620E-02  -139.238      -2.68596      -78.3486       154.753       0.00000      -416.686       8.03457      0.574075       5.00000       4.00000      0.807639       0.00000       0.00000       0.00000       0.00000    
       19   19.0000       20.3995       18.1875       7.71967      0.107393      0.368283E-02  0.610126E-02  -272.532      -35.4529      -110.493       341.217       0.00000      -416.815       8.06729      0.578550       5.00000       4.00000      0.812376       0.00000       0.00000       0.00000       0.00000    
       20   20.0000       20.5533       18.3083       7.74757      0.119006      0.407983E-02  0.868804E-02  -204.359      -30.5774      -105.106       115.530       0.00000      -417.689       8.07266      0.582304       5.00000       4.00000      0.818469       0.00000       0.00000       0.00000       0.00000    
       21   21.0000       20.2716       18.1485       7.76725      0.233349      0.800427E-02  0.486623E-02  -117.188      -9.75231      -50.3319       140.690       0.00000      -416.089       8.22543      0.589862       5.00000       4.00000      0.822768       0.00000       0.00000       0.00000       0.00000    
       22   22.0000       20.3199       18.1889       7.80541      0.269341      0.923799E-02   0.00000      -99.7575       8.21316      -40.9509       203.917       0.00000      -416.363       8.25481      0.596852       5.00000       4.00000      0.831102       0.00000       0.00000       0.00000       0.00000    
       23   23.0000       23.0008       18.3729       7.80541      0.865267E-01  0.295187E-02  0.587400E-02  -143.395      -15.1434      -46.8091       174.087       0.00000      -431.788       5.56179      0.587440       5.00000       4.00000      0.831102       0.00000       0.00000       0.00000       0.00000    
       24   24.0000       23.0726       18.4260       7.81285      0.748598E-01  0.255349E-02  0.735211E-02  -136.523      -17.0143      -45.6555       73.6586       0.00000      -432.206       5.57650      0.588765       5.00000       4.00000      0.832726       0.00000       0.00000       0.00000       0.00000    
       25   25.0000       22.7777       18.3125       7.80867      0.137023      0.467667E-02  0.908662E-02  -200.585      -35.7850      -89.7412       35.7018       0.00000      -430.488       5.71878      0.590839       5.00000       4.00000      0.831813       0.00000       0.00000       0.00000       0.00000    
       26   26.0000       22.0837       18.0173       7.79467      0.937007E-01  0.320251E-02  0.562897E-02  -177.064      -21.1986      -57.3652       237.084       0.00000      -426.464       6.01814      0.594178       5.00000       4.00000      0.828756       0.00000       0.00000       0.00000       0.00000    
       27   27.0000       22.2402       18.1227       7.80648      0.556195E-01  0.190037E-02   0.00000      -167.806      -11.4173      -40.9011       313.747       0.00000      -427.369       6.01815      0.595620       5.00000       4.00000      0.831336       0.00000       0.00000       0.00000       0.00000    
       28   28.0000       22.7355       18.3810       7.80648      0.959115E-01  0.327379E-02   0.00000      -174.230      -5.39583      -62.7728       314.114       0.00000      -430.242       5.89231      0.595457       5.00000       4.00000      0.831336       0.00000       0.00000       0.00000       0.00000    
       29   29.0000       23.1062       18.6286       7.80648      0.105124      0.358555E-02  0.195895E-02  -176.941       2.11620      -79.2983       313.719       0.00000      -432.402       5.86897      0.595002       5.00000       4.00000      0.831336       0.00000       0.00000       0.00000       0.00000    
       30   30.0000       23.4490       18.8706       7.81882      0.143261      0.488297E-02  0.535877E-02  -209.615       7.64026      -120.280       312.796       0.00000      -434.407       5.86898      0.595533       5.00000       4.00000      0.834031       0.00000       0.00000       0.00000       0.00000    
       31   31.0000       23.7140       19.0528       7.83206      0.122632      0.417759E-02  0.383045E-02  -174.802       11.2453      -96.7026       290.466       0.00000      -435.962       5.86899      0.596697       5.00000       4.00000      0.836923       0.00000       0.00000       0.00000       0.00000    
       32   32.0000       24.0065       19.2572       7.84344      0.163614      0.557040E-02  0.422547E-02  -178.917       22.8817      -116.069       290.559       0.00000      -437.682       5.86900      0.597395       5.00000       4.00000      0.839408       0.00000       0.00000       0.00000       0.00000    
       33   33.0000       24.2937       19.4544       7.85814      0.130801      0.445065E-02  0.359396E-02  -172.216       13.9341      -96.4557       290.285       0.00000      -439.377       5.86900      0.598617       5.00000       4.00000      0.842619       0.00000       0.00000       0.00000       0.00000    
       34   34.0000       24.5935       19.6631       7.86991      0.111270      0.378379E-02  0.438690E-02  -176.579       7.87562      -92.6708       283.774       0.00000      -441.151       5.86901      0.599386       5.00000       4.00000      0.845188       0.00000       0.00000       0.00000       0.00000    
       35   35.0000       24.8663       19.8525       7.88044      0.832262E-01  0.282858E-02  0.369151E-02  -139.867       4.83796      -63.1847       231.386       0.00000      -442.770       5.86902      0.600122       5.00000       4.00000      0.847489       0.00000       0.00000       0.00000       0.00000    
       36   36.0000       25.0980       20.0139       7.88863      0.139471      0.473792E-02  0.781538E-02  -236.226      -13.1653      -125.373       244.133       0.00000      -444.149       5.86903      0.600636       5.00000       4.00000      0.849278       0.00000       0.00000       0.00000       0.00000    
       37   37.0000       25.0550       20.0264       7.90052      0.110674      0.375998E-02  0.774622E-02  -265.882      -20.2777      -127.658       301.287       0.00000      -443.892       5.93437      0.602914       5.00000       4.00000      0.851873       0.00000       0.00000       0.00000       0.00000    
       38   38.0000       25.1077       20.0878       7.91530      0.121240      0.411851E-02  0.894690E-02  -187.069      -22.2879      -88.8012       70.7728       0.00000      -444.207       5.97754      0.605195       5.00000       4.00000      0.855102       0.00000       0.00000       0.00000       0.00000    
       39   39.0000       24.6230       19.8791       7.92428      0.630283E-01  0.214318E-02   0.00000      -120.345     -0.934101      -22.3764       263.335       0.00000      -441.326       6.15564      0.608267       5.00000       4.00000      0.857063       0.00000       0.00000       0.00000       0.00000    
       40   40.0000       25.6972       20.1322       7.92428      0.944969E-01  0.320619E-02  0.598251E-02  -185.542      -4.30569      -82.0169       258.576       0.00000      -447.729       5.60255      0.608078       5.00000       4.00000      0.857063       0.00000       0.00000       0.00000       0.00000    
       41   41.0000       25.8959       20.2606       7.93437      0.152078      0.515776E-02  0.996684E-02  -260.797      -35.2242      -143.736       95.5187       0.00000      -448.921       5.60256      0.609289       5.00000       4.00000      0.859267       0.00000       0.00000       0.00000       0.00000    
       42   42.0000       25.1640       19.9647       7.94260      0.671172E-01  0.227970E-02  0.654090E-02  -149.598      -14.9746      -45.1751       163.357       0.00000      -444.542       5.85794      0.612618       5.00000       4.00000      0.861064       0.00000       0.00000       0.00000       0.00000    
       43   43.0000       25.1698       19.9876       7.95341      0.608415E-01  0.206652E-02  0.509581E-02  -136.503      -7.82923      -38.4353       194.729       0.00000      -444.577       5.88969      0.614204       5.00000       4.00000      0.863425       0.00000       0.00000       0.00000       0.00000    
       44   44.0000       25.3241       20.0897       7.96176      0.157505      0.534806E-02  0.773276E-02  -207.784      -21.0494      -93.9543       200.783       0.00000      -445.497       5.88970      0.615175       5.00000       4.00000      0.865249       0.00000       0.00000       0.00000       0.00000    
       45   45.0000       25.2341       20.0756       7.97608      0.886958E-01  0.301221E-02  0.752747E-02  -240.563      -24.2921      -96.2801       271.623       0.00000      -444.960       5.95822      0.617394       5.00000       4.00000      0.868377       0.00000       0.00000       0.00000       0.00000    
       46   46.0000       25.2785       20.1293       7.99169      0.798774E-01  0.271248E-02  0.644451E-02  -209.331      -13.8603      -82.5758       273.600       0.00000      -445.225       5.99696      0.619545       5.00000       4.00000      0.871785       0.00000       0.00000       0.00000       0.00000    
       47   47.0000       25.4526       20.2421       8.00463      0.128721      0.436956E-02  0.899822E-02  -321.361      -25.0347      -174.004       308.282       0.00000      -446.265       5.99697      0.621135       5.00000       4.00000      0.874612       0.00000       0.00000       0.00000       0.00000    
       48   48.0000       25.3100       20.2172       8.02624      0.123469      0.419249E-02  0.890239E-02  -254.887      -17.4990      -146.051       199.459       0.00000      -445.413       6.09777      0.624209       5.00000       4.00000      0.879330       0.00000       0.00000       0.00000       0.00000    
       49   49.0000       25.0364       20.1168       8.04888      0.146258      0.496911E-02  0.861439E-02  -204.377      -27.6883      -97.4184       134.126       0.00000      -443.782       6.21803      0.627324       5.00000       4.00000      0.884276       0.00000       0.00000       0.00000       0.00000    
       50   50.0000       24.7300       19.9901       8.07219      0.103874      0.353132E-02  0.361560E-02  -171.127      -6.42992      -59.3781       275.839       0.00000      -441.961       6.33649      0.630381       5.00000       4.00000      0.889367       0.00000       0.00000       0.00000       0.00000    
       51   51.0000       24.9925       20.1749       8.07670      0.173784      0.590480E-02  0.644427E-02  -212.076      -1.04757      -110.907       272.679       0.00000      -443.521       6.33650      0.630947       5.00000       4.00000      0.890352       0.00000       0.00000       0.00000       0.00000    
       52   52.0000       25.1525       20.2812       8.09132      0.112377      0.381709E-02  0.879838E-02  -313.398      -29.4775      -155.447       309.833       0.00000      -444.474       6.33793      0.632721       5.00000       4.00000      0.893543       0.00000       0.00000       0.00000       0.00000    
       53   53.0000       25.0591       20.2731       8.11850      0.978803E-01  0.332531E-02  0.101716E-01  -233.388      -23.1186      -130.595       53.6157       0.00000      -443.917       6.41945      0.636003       5.00000       4.00000      0.899480       0.00000       0.00000       0.00000       0.00000    
       54   54.0000       24.3794       19.9513       8.15813      0.202011      0.687245E-02  0.758100E-02  -215.238      -17.1857      -105.118       218.480       0.00000      -439.884       6.62751      0.640517       5.00000       4.00000      0.908135       0.00000       0.00000       0.00000       0.00000    
       55   55.0000       24.3402       19.9554       8.18160      0.104878      0.356827E-02  0.592970E-02  -194.662      -12.6283      -77.6302       255.895       0.00000      -439.652       6.67770      0.643279       5.00000       4.00000      0.913262       0.00000       0.00000       0.00000       0.00000    
       56   56.0000       24.4986       20.0627       8.19545      0.124268      0.422662E-02  0.745949E-02  -174.548      -7.30481      -92.4853       158.576       0.00000      -440.589       6.67771      0.644998       5.00000       4.00000      0.916286       0.00000       0.00000       0.00000       0.00000    
       57   57.0000       24.4048       20.0326       8.21949      0.160012      0.544337E-02  0.753145E-02  -253.471      -14.1535      -129.795       284.298       0.00000      -440.034       6.73283      0.647698       5.00000       4.00000      0.921538       0.00000       0.00000       0.00000       0.00000    
       58   58.0000       24.4510       20.0858       8.24374      0.781568E-01  0.265853E-02  0.600056E-02  -227.179      -14.1455      -91.3169       306.121       0.00000      -440.307       6.76780      0.650512       5.00000       4.00000      0.926834       0.00000       0.00000       0.00000       0.00000    
       59   59.0000       24.6525       20.2246       8.25801      0.102420      0.348243E-02  0.782693E-02  -257.676      -15.0447      -131.345       276.716       0.00000      -441.501       6.76781      0.652314       5.00000       4.00000      0.929949       0.00000       0.00000       0.00000       0.00000    
       60   60.0000       24.6587       20.2568       8.28535      0.165987      0.564373E-02  0.796745E-02  -243.917      -5.60685      -142.211       246.295       0.00000      -441.537       6.81182      0.655349       5.00000       4.00000      0.935920       0.00000       0.00000       0.00000       0.00000    
       61   61.0000       24.6131       20.2593       8.31495      0.155587      0.529059E-02  0.365265E-02  -170.634       8.33582      -84.7459       262.963       0.00000      -441.267       6.86472      0.658538       5.00000       4.00000      0.942384       0.00000       0.00000       0.00000       0.00000    
       62   62.0000       24.8443       20.4219       8.32552      0.190215      0.646506E-02  0.762947E-02  -211.499      -3.63367      -119.758       213.165       0.00000      -442.639       6.86473      0.659972       5.00000       4.00000      0.944693       0.00000       0.00000       0.00000       0.00000    
       63   63.0000       24.8042       20.4231       8.35363      0.148593      0.505082E-02  0.957866E-02  -343.270      -33.8617      -182.607       299.528       0.00000      -442.401       6.90994      0.662919       5.00000       4.00000      0.950832       0.00000       0.00000       0.00000       0.00000    
       64   64.0000       24.5891       20.3434       8.40103      0.149213      0.507411E-02  0.890516E-02  -276.230      -16.4199      -158.367       240.248       0.00000      -441.125       7.01283      0.667644       5.00000       4.00000      0.961184       0.00000       0.00000       0.00000       0.00000    
       65   65.0000       24.4167       20.2775       8.44379      0.131628      0.447767E-02  0.746562E-02  -186.965     -0.808153E-01  -109.845       179.695       0.00000      -440.104       7.09557      0.671916       5.00000       4.00000      0.970523       0.00000       0.00000       0.00000       0.00000    
       66   66.0000       24.3561       20.2628       8.47406      0.825166E-01  0.280737E-02  0.403972E-02  -142.864      -1.16529      -55.2601       208.621       0.00000      -439.746       7.14013      0.675031       5.00000       4.00000      0.977134       0.00000       0.00000       0.00000       0.00000    
       67   67.0000       24.5169       20.3781       8.48046      0.104694      0.356071E-02  0.684718E-02  -241.294      -10.9460      -114.636       293.601       0.00000      -440.697       7.14014      0.675960       5.00000       4.00000      0.978533       0.00000       0.00000       0.00000       0.00000    
       68   68.0000       24.6354       20.4694       8.50403      0.148751      0.505793E-02  0.110279E-01  -416.059      -55.8798      -225.037       287.215       0.00000      -441.400       7.15447      0.678608       5.00000       4.00000      0.983681       0.00000       0.00000       0.00000       0.00000    
       69   69.0000       24.1491       20.2381       8.57874      0.977333E-01  0.332647E-02  0.895668E-02  -313.368      -35.9760      -142.078       293.857       0.00000      -438.523       7.31760      0.685469       5.00000       4.00000      0.999996       0.00000       0.00000       0.00000       0.00000    
       70   70.0000       24.0302       20.2015       8.62768      0.111051      0.378067E-02  0.109802E-01  -247.240      -33.0491      -133.433       24.3421       0.00000      -437.822       7.39131      0.690386       5.00000       4.00000       1.01068       0.00000       0.00000       0.00000       0.00000    
       71   71.0000       23.3067       19.8027       8.71302      0.167438      0.570866E-02  0.657063E-02  -212.146      -10.0900      -101.362       249.749       0.00000      -433.574       7.57702      0.698024       5.00000       4.00000       1.02932       0.00000       0.00000       0.00000       0.00000    
       72   72.0000       23.3830       19.8677       8.73963      0.140817      0.480030E-02  0.851183E-02  -296.700      -28.8854      -145.279       289.919       0.00000      -434.021       7.59504      0.701073       5.00000       4.00000       1.03514       0.00000       0.00000       0.00000       0.00000    
       73   73.0000       23.3117       19.8537       8.78837      0.777321E-01  0.265018E-02  0.534702E-02  -197.385      -10.6473      -77.3689       261.787       0.00000      -433.603       7.65589      0.706204       5.00000       4.00000       1.04578       0.00000       0.00000       0.00000       0.00000    
       74   74.0000       23.4680       19.9664       8.80499      0.213339      0.727123E-02  0.879785E-02  -237.745      -12.8599      -141.682       183.191       0.00000      -434.518       7.65590      0.708286       5.00000       4.00000       1.04941       0.00000       0.00000       0.00000       0.00000    
       75   75.0000       23.2659       19.8674       8.86075      0.178855      0.609842E-02  0.110954E-01  -429.744      -67.3139      -224.247       293.504       0.00000      -433.335       7.73290      0.713877       5.00000       4.00000       1.06159       0.00000       0.00000       0.00000       0.00000    
       76   76.0000       22.7975       19.6227       8.91134      0.965761E-01  0.329606E-02  0.779551E-02  -268.001      -26.0415      -118.110       280.129       0.00000      -430.603       7.87360      0.718282       5.00000       4.00000       1.07264       0.00000       0.00000       0.00000       0.00000    
       77   77.0000       22.7903       19.6423       8.91280      0.111980      0.382182E-02  0.837762E-02  -202.146      -9.70268      -119.043       150.431       0.00000      -430.561       7.90241      0.718282       5.00000       4.00000       1.07296       0.00000       0.00000       0.00000       0.00000    
       78   78.0000       22.6099       19.5482       8.91715      0.510819E-01  0.174404E-02   0.00000      -126.075      -2.18669      -39.7701       197.243       0.00000      -429.512       7.95454      0.718282       5.00000       4.00000       1.07390       0.00000       0.00000       0.00000       0.00000    
       79   79.0000       22.8758       19.6730       8.91715      0.744545E-01  0.254067E-02   0.00000      -152.315      -5.72863      -46.6086       236.053       0.00000      -431.059       7.85909      0.718022       5.00000       4.00000       1.07390       0.00000       0.00000       0.00000       0.00000    
       80   80.0000       23.1457       19.8202       8.91715      0.952461E-01  0.324839E-02  0.508133E-02  -198.486      -12.0709      -72.6357       267.338       0.00000      -432.633       7.78763      0.717499       5.00000       4.00000       1.07390       0.00000       0.00000       0.00000       0.00000    
       81   81.0000       23.3063       19.9408       8.92215      0.785480E-01  0.267803E-02  0.415031E-02  -191.412      -9.90459      -65.6455       272.518       0.00000      -433.572       7.78764      0.718282       5.00000       4.00000       1.07500       0.00000       0.00000       0.00000       0.00000    
       82   82.0000       23.4930       20.0832       8.91968      0.348973E-01  0.118935E-02  0.455666E-02  -128.992      -3.83861      -42.4818       171.711       0.00000      -434.665       7.78765      0.718282       5.00000       4.00000       1.07446       0.00000       0.00000       0.00000       0.00000    
       83   83.0000       23.5901       20.1573       8.91853      0.570163E-01  0.194281E-02  0.894590E-02  -139.594      -12.5477      -53.9002       27.4188       0.00000      -435.235       7.78766      0.718282       5.00000       4.00000       1.07421       0.00000       0.00000       0.00000       0.00000    
       84   84.0000       23.2411       19.9556       8.92571      0.868457E-01  0.296132E-02  0.820165E-02  -210.211      -26.5145      -83.1730       175.268       0.00000      -433.190       7.85952      0.718282       5.00000       4.00000       1.07578       0.00000       0.00000       0.00000       0.00000    
       85   85.0000       23.1067       19.8914       8.92925      0.477772E-01  0.162958E-02  0.608657E-02  -218.509      -18.0031      -73.3774       271.682       0.00000      -432.405       7.90320      0.718282       5.00000       4.00000       1.07655       0.00000       0.00000       0.00000       0.00000    
       86   86.0000       23.2260       19.9841       8.92812      0.670133E-01  0.228514E-02  0.411136E-02  -190.045      -6.80353      -69.1654       269.210       0.00000      -433.102       7.90404      0.718282       5.00000       4.00000       1.07630       0.00000       0.00000       0.00000       0.00000    
       87   87.0000       23.4064       20.1231       8.92576      0.738625E-01  0.251778E-02  0.347015E-02  -183.003      -1.08412      -75.6105       265.806       0.00000      -434.158       7.90405      0.718282       5.00000       4.00000       1.07579       0.00000       0.00000       0.00000       0.00000    
       88   88.0000       23.5953       20.2686       8.92321      0.533147E-01  0.181666E-02   0.00000      -159.654       1.41136      -55.5354       272.855       0.00000      -435.265       7.90406      0.718282       5.00000       4.00000       1.07523       0.00000       0.00000       0.00000       0.00000    
       89   89.0000       24.2738       20.4682       8.92321      0.582994E-01  0.198379E-02   0.00000      -170.071       1.72208      -64.6844       273.348       0.00000      -439.260       7.56207      0.718020       5.00000       4.00000       1.07523       0.00000       0.00000       0.00000       0.00000    
       90   90.0000       24.6540       20.6501       8.92321      0.118665      0.403476E-02  0.795453E-02  -258.559      -4.53962      -140.144       270.429       0.00000      -441.510       7.45421      0.717757       5.00000       4.00000       1.07523       0.00000       0.00000       0.00000       0.00000    
       91   91.0000       24.6441       20.6692       8.92984      0.178410      0.606631E-02  0.101372E-01  -248.047      -12.1399      -165.666       113.830       0.00000      -441.451       7.48265      0.718282       5.00000       4.00000       1.07668       0.00000       0.00000       0.00000       0.00000    
       92   92.0000       24.1959       20.4282       8.93945      0.638318E-01  0.217238E-02  0.436388E-02  -161.847      -6.63950      -46.1001       227.927       0.00000      -438.799       7.57895      0.718282       5.00000       4.00000       1.07878       0.00000       0.00000       0.00000       0.00000    
       93   93.0000       24.3502       20.5439       8.93741      0.953101E-01  0.324267E-02  0.818607E-02  -198.134      -9.40137      -101.291       163.468       0.00000      -439.711       7.57896      0.718282       5.00000       4.00000       1.07833       0.00000       0.00000       0.00000       0.00000    
       94   94.0000       24.2124       20.4802       8.94095      0.645853E-01  0.219795E-02  0.762850E-02  -197.547      -13.4690      -80.5780       188.996       0.00000      -438.897       7.62016      0.718282       5.00000       4.00000       1.07910       0.00000       0.00000       0.00000       0.00000    
       95   95.0000       24.1534       20.4630       8.94302      0.141806      0.482648E-02  0.111839E-01  -398.207      -51.9845      -210.688       250.395       0.00000      -438.549       7.64857      0.718282       5.00000       4.00000       1.07956       0.00000       0.00000       0.00000       0.00000    
       96   96.0000       23.6513       20.1977       8.95439      0.143266      0.488114E-02  0.116998E-01  -445.128      -70.5337      -225.715       264.193       0.00000      -435.593       7.77141      0.718282       5.00000       4.00000       1.08204       0.00000       0.00000       0.00000       0.00000    
       97   97.0000       23.0552       19.8734       8.96775      0.627253E-01  0.213965E-02  0.890975E-02  -296.669      -33.1324      -121.214       264.498       0.00000      -432.105       7.91816      0.718282       5.00000       4.00000       1.08496       0.00000       0.00000       0.00000       0.00000    
       98   98.0000       22.9167       19.8141       8.97179      0.124925      0.426255E-02  0.957857E-02  -322.501      -26.4549      -171.440       258.083       0.00000      -431.297       7.97237      0.718282       5.00000       4.00000       1.08584       0.00000       0.00000       0.00000       0.00000    
       99   99.0000       22.6839       19.6974       8.97770      0.807112E-01  0.275523E-02  0.737179E-02  -211.434      -10.4557      -96.8787       213.313       0.00000      -429.942       8.04622      0.718282       5.00000       4.00000       1.08713       0.00000       0.00000       0.00000       0.00000    
      100   100.000       22.6573       19.6987       8.97923      0.556985E-01  0.190148E-02  0.440534E-02  -187.906      -6.52842      -62.0607       259.061       0.00000      -429.788       8.07181      0.718282       5.00000       4.00000       1.08746       0.00000       0.00000       0.00000       0.00000    
      101   101.000       22.8170       19.8234       8.97723      0.126362      0.431246E-02  0.914084E-02  -300.283      -24.1830      -151.374       254.299       0.00000      -430.716       8.07182      0.718282       5.00000       4.00000       1.08703       0.00000       0.00000       0.00000       0.00000    
      102   102.000       22.6426       19.7395       8.98194      0.165461      0.564879E-02  0.109350E-01  -295.450      -45.9666      -168.760       107.368       0.00000      -429.702       8.13271      0.718282       5.00000       4.00000       1.08806       0.00000       0.00000       0.00000       0.00000    
      103   103.000       22.0762       19.4025       8.99395      0.184597      0.630927E-02  0.817557E-02  -210.455      -20.3904      -97.9051       171.169       0.00000      -426.420       8.26365      0.718282       5.00000       4.00000       1.09068       0.00000       0.00000       0.00000       0.00000    
      104   104.000       21.9379       19.3305       8.99753      0.133495      0.456393E-02  0.769229E-02  -224.006      -17.4296      -98.5686       213.856       0.00000      -425.622       8.31005      0.718282       5.00000       4.00000       1.09146       0.00000       0.00000       0.00000       0.00000    
      105   105.000       21.8785       19.3104       8.99971      0.122521      0.418926E-02  0.976165E-02  -212.964      -28.1536      -114.380       75.7655       0.00000      -425.279       8.34361      0.718282       5.00000       4.00000       1.09194       0.00000       0.00000       0.00000       0.00000    
      106   106.000       21.4753       19.0641       9.00823      0.163169      0.558360E-02  0.107521E-01  -229.920      -44.6467      -112.486       17.0131       0.00000      -422.959       8.44008      0.718282       5.00000       4.00000       1.09380       0.00000       0.00000       0.00000       0.00000    
      107   107.000       20.8725       18.6830       9.02055      0.260997      0.894195E-02  0.120935E-01  -488.197      -100.814      -240.449       249.831       0.00000      -419.508       8.57936      0.718282       5.00000       4.00000       1.09649       0.00000       0.00000       0.00000       0.00000    
      108   108.000       20.1814       18.2564       9.03578      0.771115E-01  0.264553E-02  0.925391E-02  -269.084      -46.6129      -100.126       179.407       0.00000      -415.578       8.77267      0.718282       5.00000       4.00000       1.09981       0.00000       0.00000       0.00000       0.00000    
      109   109.000       19.9147       18.0946       9.04198      0.131254      0.450542E-02  0.107548E-01  -247.985      -53.0865      -118.292       27.9003       0.00000      -414.068       8.85827      0.718282       5.00000       4.00000       1.10117       0.00000       0.00000       0.00000       0.00000    
      110   110.000       19.3203       17.7007       9.05418      0.100635      0.345845E-02  0.674312E-02  -192.856      -23.7551      -62.0231       192.862       0.00000      -410.720       9.01307      0.718282       5.00000       4.00000       1.10383       0.00000       0.00000       0.00000       0.00000    
      111   111.000       19.2975       17.6986       9.05548      0.167804      0.576708E-02  0.968995E-02  -276.384      -53.0635      -127.030       150.833       0.00000      -410.592       9.03973      0.718282       5.00000       4.00000       1.10412       0.00000       0.00000       0.00000       0.00000    
      112   112.000       18.9484       17.4730       9.06321      0.822647E-01  0.282921E-02  0.707803E-02  -202.972      -26.1619      -64.0340       192.363       0.00000      -408.635       9.14997      0.718282       5.00000       4.00000       1.10580       0.00000       0.00000       0.00000       0.00000    
      113   113.000       18.8985       17.4521       9.06503      0.334564      0.115073E-01  0.115939E-01  -309.765      -78.9403      -161.036       20.9418       0.00000      -408.356       9.18468      0.718282       5.00000       4.00000       1.10620       0.00000       0.00000       0.00000       0.00000    
      114   114.000       18.1511       16.9357       9.08038      0.252123      0.868454E-02  0.842465E-02  -225.238      -37.8292      -100.766       152.434       0.00000      -404.191       9.39529      0.718282       5.00000       4.00000       1.10955       0.00000       0.00000       0.00000       0.00000    
      115   115.000       17.9492       16.8040       9.08509      0.172749      0.595282E-02  0.854824E-02  -193.624      -36.3221      -90.7644       99.4690       0.00000      -403.072       9.47243      0.718282       5.00000       4.00000       1.11058       0.00000       0.00000       0.00000       0.00000    
      116   116.000       17.7010       16.6343       9.09052      0.189697      0.654000E-02  0.883406E-02  -275.525      -46.6513      -119.180       193.780       0.00000      -401.698       9.55796      0.718282       5.00000       4.00000       1.11177       0.00000       0.00000       0.00000       0.00000    
      117   117.000       17.4763       16.4866       9.09585      0.118562      0.408937E-02  0.831008E-02  -258.119      -42.8065      -96.4851       199.538       0.00000      -400.459       9.65100      0.718282       5.00000       4.00000       1.11293       0.00000       0.00000       0.00000       0.00000    
      118   118.000       17.3107       16.3802       9.10000      0.212817      0.734272E-02  0.110751E-01  -378.004      -95.9148      -178.503       147.054       0.00000      -399.547       9.72781      0.718282       5.00000       4.00000       1.11384       0.00000       0.00000       0.00000       0.00000    
      119   119.000       16.7330       15.9669       9.11236      0.131617      0.454627E-02  0.939119E-02  -233.378      -56.3069      -106.136       87.5797       0.00000      -396.378       9.93337      0.718282       5.00000       4.00000       1.11654       0.00000       0.00000       0.00000       0.00000    
      120   120.000       16.3747       15.7052       9.11997      0.261048      0.902331E-02  0.856720E-02  -228.294      -45.4516      -102.918       133.278       0.00000      -394.421       10.0660      0.718282       5.00000       4.00000       1.11820       0.00000       0.00000       0.00000       0.00000    
      121   121.000       16.1367       15.5339       9.12529      0.233882      0.808804E-02  0.102340E-01  -322.655      -80.6313      -151.682       133.043       0.00000      -393.126       10.1676      0.718282       5.00000       4.00000       1.11936       0.00000       0.00000       0.00000       0.00000    
      122   122.000       15.6815       15.1941       9.13505      0.152110      0.526489E-02  0.942344E-02  -262.631      -66.9311      -113.328       112.900       0.00000      -390.658       10.3529      0.718282       5.00000       4.00000       1.12150       0.00000       0.00000       0.00000       0.00000    
      123   123.000       15.3271       14.9254       9.14266      0.137405      0.475920E-02  0.891109E-02  -279.983      -63.8094      -104.765       169.582       0.00000      -388.744       10.5055      0.718282       5.00000       4.00000       1.12316       0.00000       0.00000       0.00000       0.00000    
      124   124.000       15.0620       14.7267       9.14864      0.745539E-01  0.258361E-02  0.776630E-02  -174.044      -37.4301      -62.6564       95.1238       0.00000      -387.317       10.6383      0.718282       5.00000       4.00000       1.12446       0.00000       0.00000       0.00000       0.00000    
      125   125.000       14.8766       14.5841       9.15272      0.253217      0.877821E-02  0.949723E-02  -209.351      -53.8196      -101.095       25.8091       0.00000      -386.321       10.7283      0.718282       5.00000       4.00000       1.12535       0.00000       0.00000       0.00000       0.00000    
      126   126.000       14.4677       14.2552       9.16112      0.163976      0.568904E-02  0.846976E-02  -270.076      -55.0768      -107.026       175.818       0.00000      -384.132       10.9063      0.718282       5.00000       4.00000       1.12719       0.00000       0.00000       0.00000       0.00000    
      127   127.000       14.2475       14.0853       9.16617      0.170855      0.593023E-02  0.913688E-02  -317.670      -71.8512      -124.849       189.428       0.00000      -382.957       11.0365      0.718282       5.00000       4.00000       1.12829       0.00000       0.00000       0.00000       0.00000    
      128   128.000       13.9565       13.8548       9.17270      0.969086E-01  0.336551E-02  0.769141E-02  -251.934      -48.2469      -76.7955       192.850       0.00000      -381.408       11.2083      0.718282       5.00000       4.00000       1.12972       0.00000       0.00000       0.00000       0.00000    
      129   129.000       13.8160       13.7475       9.17616      0.993480E-01  0.345116E-02  0.834386E-02  -147.577      -34.7810      -57.1819       16.0083       0.00000      -380.662       11.3126      0.718282       5.00000       4.00000       1.13047       0.00000       0.00000       0.00000       0.00000    
      130   130.000       13.5374       13.5111       9.18186      0.156004      0.542221E-02   0.00000      -32.2165       10.3452      -3.50401       86.1415       0.00000      -379.186       11.4529      0.718282       5.00000       4.00000       1.13172       0.00000       0.00000       0.00000       0.00000    
      131   131.000       15.0726       13.6051       9.18186      0.185177      0.641705E-02  0.771877E-02  -219.179      -58.9501      -101.340       60.7912       0.00000      -387.374       5.79556      0.500000       5.00000       4.00000       1.13172       0.00000       0.00000       0.00000       0.00000    
      132   132.000       14.4200       13.3210       8.95100      0.180519      0.626354E-02  0.899852E-02  -296.705      -94.9480      -134.430       58.6058       0.00000      -383.877       6.95039      0.504616       5.00000       4.00000       1.08130       0.00000       0.00000       0.00000       0.00000    
      133   133.000       13.6146       12.8950       8.69023      0.139439      0.484575E-02  0.826945E-02  -285.174      -72.5834      -103.252       149.460       0.00000      -379.595       8.26601      0.513986       5.00000       4.00000       1.02435       0.00000       0.00000       0.00000       0.00000    
      134   134.000       13.2033       12.6514       8.58281      0.794057E-01  0.276168E-02  0.686401E-02  -217.439      -37.8755      -61.8309       165.449       0.00000      -377.422       8.93868      0.528313       5.00000       4.00000       1.00089       0.00000       0.00000       0.00000       0.00000    
      135   135.000       13.0431       12.5569       8.55919      0.151560      0.527281E-02  0.772081E-02  -167.937      -41.3621      -76.6819       35.9151       0.00000      -376.578       9.24349      0.542951       5.00000       4.00000      0.995728       0.00000       0.00000       0.00000       0.00000    
      136   136.000       12.6973       12.3200       8.52802      0.113598      0.395474E-02  0.581006E-02  -73.1091      -10.5226      -23.1147       17.9580       0.00000      -374.761       9.70258      0.565751       5.00000       4.00000      0.988920       0.00000       0.00000       0.00000       0.00000    
      137   137.000       12.5584       12.2200       8.54046       0.00000      0.575963E-04   0.00000      -28.8215      0.188802E-01  0.770419E-02   62.5020       0.00000      -374.033       9.88649      0.584694       5.00000       4.00000      0.991635       0.00000       0.00000       0.00000       0.00000    
      138   138.000       12.6350       12.2782       8.54046       0.00000      0.759552E-04   0.00000      -39.2923      0.374887E-01  0.214758E-01   89.8221       0.00000      -374.435       9.82869      0.584692       5.00000       4.00000      0.991635       0.00000       0.00000       0.00000       0.00000    
      139   139.000       12.7512       12.3664       8.54046      0.267327      0.930559E-02   0.00000       30.9275       34.3726       19.9257       41.1919       0.00000      -375.044       9.74464      0.584688       5.00000       4.00000      0.991635       0.00000       0.00000       0.00000       0.00000    
      140   140.000       14.6161       12.4931       8.54046      0.136032      0.471817E-02  0.432923E-02  -65.4202      -3.29901      -22.8339       38.8776       0.00000      -384.926       4.00278      0.534761       5.00000       4.00000      0.991635       0.00000       0.00000       0.00000       0.00000    
      141   141.000       14.4294       12.4440       8.50168      0.162472      0.563725E-02  0.691522E-02  -196.202      -53.2924      -86.0056       15.2555       0.00000      -383.928       4.33181      0.535932       5.00000       4.00000      0.983168       0.00000       0.00000       0.00000       0.00000    
      142   142.000       13.4925       12.1200       8.32465      0.212161      0.737469E-02  0.772168E-02  -243.275      -74.2813      -112.421       51.8551       0.00000      -378.949       5.85539      0.538675       5.00000       4.00000      0.944504       0.00000       0.00000       0.00000       0.00000    
      143   143.000       12.7339       11.7774       8.19453      0.220495      0.767562E-02  0.774780E-02  -248.157      -68.7695      -111.743       85.4846       0.00000      -374.953       7.07699      0.544108       5.00000       4.00000      0.916085       0.00000       0.00000       0.00000       0.00000    
      144   144.000       12.1838       11.4860       8.11695      0.145908      0.508460E-02  0.701136E-02  -165.740      -46.5248      -69.6711       43.5601       0.00000      -372.076       7.96452      0.552774       5.00000       4.00000      0.899142       0.00000       0.00000       0.00000       0.00000    
      145   145.000       11.8155       11.2667       8.08127      0.649099E-01  0.226358E-02  0.573785E-02  -97.3452      -20.7755      -28.8720       35.1613       0.00000      -370.158       8.53779      0.563485       5.00000       4.00000      0.891348       0.00000       0.00000       0.00000       0.00000    
      146   146.000       11.6369       11.1544       8.07498      0.583025E-01  0.203386E-02  0.394945E-02  -108.315      -8.76494      -17.6565       121.724       0.00000      -369.231       8.82124      0.573369       5.00000       4.00000      0.889977       0.00000       0.00000       0.00000       0.00000    
      147   147.000       11.6583       11.1766       8.08381      0.109034      0.380345E-02  0.633498E-02  -171.284      -34.3734      -55.5578       106.746       0.00000      -369.342       8.86197      0.578974       5.00000       4.00000      0.891904       0.00000       0.00000       0.00000       0.00000    
      148   148.000       11.4713       11.0601       8.09080      0.547055E-01  0.190899E-02  0.603050E-02  -183.795      -28.5296      -43.8464       143.001       0.00000      -368.373       9.18354      0.593678       5.00000       4.00000      0.893431       0.00000       0.00000       0.00000       0.00000    
      149   149.000       11.3483       10.9858       8.10948      0.899048E-01  0.313805E-02  0.607215E-02  -136.002      -29.4766      -47.2567       73.4029       0.00000      -367.737       9.43194      0.610394       5.00000       4.00000      0.897511       0.00000       0.00000       0.00000       0.00000    
      150   150.000       11.1814       10.8727       8.13692      0.188976      0.659817E-02  0.753607E-02  -248.093      -57.5784      -95.2584       123.374       0.00000      -366.874       9.69379      0.630934       5.00000       4.00000      0.903503       0.00000       0.00000       0.00000       0.00000    
      151   151.000       10.8627       10.6489       8.19859      0.816700E-01  0.285328E-02  0.661522E-02  -174.846      -38.5306      -52.3281       91.9503       0.00000      -365.233       10.1681      0.670952       5.00000       4.00000      0.916971       0.00000       0.00000       0.00000       0.00000    
      152   152.000       10.6586       10.4996       8.27523      0.202809      0.708827E-02  0.547053E-02  -114.389      -19.5400      -47.0210       72.3306       0.00000      -364.184       10.4769      0.718282       5.00000       4.00000      0.933710       0.00000       0.00000       0.00000       0.00000    
      153   153.000       10.5567       10.4230       8.27756      0.241206      0.843194E-02  0.758971E-02  -218.468      -63.9283      -94.3478       75.0083       0.00000      -363.661       10.6067      0.718282       5.00000       4.00000      0.934218       0.00000       0.00000       0.00000       0.00000    
      154   154.000       10.2334       10.1658       8.28448      0.126157      0.441287E-02  0.751337E-02  -198.441      -64.0011      -77.0627       50.9270       0.00000      -362.006       10.9922      0.718282       5.00000       4.00000      0.935731       0.00000       0.00000       0.00000       0.00000    
      155   155.000       9.91533       9.90134       8.29122      0.147318      0.515618E-02  0.571066E-02  -117.013      -23.3654      -52.7996       59.8692       0.00000      -360.384       11.4115      0.718282       5.00000       4.00000      0.937202       0.00000       0.00000       0.00000       0.00000    
      156   156.000       9.79788       9.79788       9.79788      0.110806      0.387915E-02  0.580597E-02  -99.3492      -22.5705      -39.6443       31.0817       0.00000      -359.786       11.5500      0.500000       5.00000       4.00000       1.26626       0.00000       0.00000       0.00000       0.00000    
      157   157.000       9.67402       9.67402       9.67402      0.286042      0.100162E-01  0.761714E-02  -234.166      -73.8133      -95.9620       78.1619       0.00000      -359.156       11.5500      0.500000       5.00000       4.00000       1.23921       0.00000       0.00000       0.00000       0.00000    
      158   158.000       9.39393       9.39393       9.39393      0.216227      0.757563E-02  0.826396E-02  -334.111      -96.0557      -116.136       130.572       0.00000      -357.736       11.5500      0.500000       5.00000       4.00000       1.17803       0.00000       0.00000       0.00000       0.00000    
      159   159.000       9.02927       9.02927       9.02927      0.997605E-01  0.349761E-02  0.679436E-02  -200.363      -52.4079      -64.4065       79.4634       0.00000      -355.892       11.5500      0.500000       5.00000       4.00000       1.09839       0.00000       0.00000       0.00000       0.00000    
      160   160.000       8.81195       8.81195       8.81195      0.140604      0.493163E-02  0.601409E-02  -137.146      -40.7502      -57.6591       47.0684       0.00000      -354.797       11.5500      0.500000       5.00000       4.00000       1.05093       0.00000       0.00000       0.00000       0.00000    
      161   161.000       8.64963       8.64963       8.64963      0.214399      0.752233E-02   0.00000      -22.5004       13.0217      -14.3868       42.0842       0.00000      -353.981       11.5500      0.500000       5.00000       4.00000       1.01548       0.00000       0.00000       0.00000       0.00000    
      162   162.000       8.68269       8.68269       8.68269       0.00000      0.109223E-03   0.00000      -16.4002      0.653618E-01  0.271312E-01   54.9478       0.00000      -354.147       11.5500      0.500000       5.00000       4.00000       1.02270       0.00000       0.00000       0.00000       0.00000    
      163   163.000       8.75029       8.74951       8.68269      0.200000      0.701577E-02  0.604319E-02  -164.040      -35.4957      -71.4937       75.8203       0.00000      -354.487       11.2803      0.500000       5.00000       4.00000       1.02270       0.00000       0.00000       0.00000       0.00000    
      164   164.000       8.59053       8.59053       8.59053      0.132591      0.465255E-02  0.667064E-02  -160.493      -53.0481      -61.7433       20.8022       0.00000      -353.684       11.5500      0.500000       5.00000       4.00000       1.00257       0.00000       0.00000       0.00000       0.00000    
      165   165.000       8.33994       8.33994       8.33994      0.309776      0.108752E-01   0.00000      -36.9207       17.9769      -20.7443       63.9111       0.00000      -352.427       11.5500      0.500000       5.00000       4.00000      0.947842       0.00000       0.00000       0.00000       0.00000    
      166   166.000       8.38630       8.38630       8.38630      0.291642      0.102376E-01  0.753484E-02  -265.355      -86.6544      -116.477       61.8217       0.00000      -352.660       11.5500      0.500000       5.00000       4.00000      0.957968       0.00000       0.00000       0.00000       0.00000    
      167   167.000       8.02206       8.02206       8.02206      0.168082      0.590438E-02  0.728788E-02  -293.812      -82.6921      -100.820       102.828       0.00000      -350.838       11.5500      0.500000       5.00000       4.00000      0.878418       0.00000       0.00000       0.00000       0.00000    
      168   168.000       7.68031       7.68031       7.68031      0.184392      0.648153E-02  0.736592E-02  -331.807      -90.8477      -114.160       116.545       0.00000      -349.136       11.5500      0.500000       5.00000       4.00000      0.803779       0.00000       0.00000       0.00000       0.00000    
      169   169.000       7.29544       7.29544       7.29544      0.289899      0.101977E-01  0.727603E-02  -283.919      -102.790      -126.355       30.0836       0.00000      -347.226       11.5500      0.500000       5.00000       4.00000      0.719723       0.00000       0.00000       0.00000       0.00000    
      170   170.000       6.84204       6.84204       6.84204      0.303485      0.106849E-01  0.635647E-02  -214.287      -93.9642      -80.2812       16.7027       0.00000      -344.986       11.5500      0.500000      0.367129       6.93248     -0.269001       0.00000       0.00000       0.00000       0.00000    
      171   171.000       6.49060       6.49060       6.49060      0.314306      0.110733E-01  0.584400E-02  -243.944      -77.6100      -87.4679       85.4125       0.00000      -343.257       11.5500      0.500000      0.224132       7.06825      -2.81437       0.00000       0.00000       0.00000       0.00000    
      172   172.000       6.21323       6.21323       6.21323      0.995545E-01  0.350928E-02  0.399492E-02  -98.1054      -26.7375      -35.9807       44.3771       0.00000      -341.897       11.5500      0.500000      0.430139       6.86973      -1.66666       0.00000       0.00000       0.00000       0.00000    
      173   173.000       6.12049       6.12049       6.12049      0.927315E-01  0.326935E-02  0.331236E-02  -48.7410      -10.0790      -15.6229       13.8583       0.00000      -341.443       11.5500      0.500000      0.472702       6.82963      -1.63822       0.00000       0.00000       0.00000       0.00000    
      174   174.000       6.06127       6.06127       6.06127      0.144959      0.511125E-02   0.00000      -7.21319       9.79640      -2.63384       30.8346       0.00000      -341.154       11.5500      0.500000      0.518421       6.78677      -1.52819       0.00000       0.00000       0.00000       0.00000    
      175   175.000       6.10605       6.10605       6.10605      0.129288      0.455832E-02  0.420479E-02  -117.933      -31.7130      -44.4535       51.4461       0.00000      -341.373       11.5500      0.500000      0.587639       6.72221      -1.14499       0.00000       0.00000       0.00000       0.00000    
      176   176.000       5.98966       5.98966       5.98966      0.135119      0.476496E-02  0.399769E-02  -108.773      -32.8956      -39.0126       48.7995       0.00000      -340.804       11.5500      0.500000      0.588605       6.72132      -1.35739       0.00000       0.00000       0.00000       0.00000    
      177   177.000       5.88524       5.88524       5.88524      0.225669      0.795977E-02  0.539446E-02  -237.458      -78.6729      -87.2743       68.4597       0.00000      -340.294       11.5500      0.500000      0.600536       6.71028      -1.50022       0.00000       0.00000       0.00000       0.00000    
      178   178.000       5.58689       5.58689       5.58689      0.808139E-01  0.285209E-02  0.339612E-02  -123.116      -17.6121      -25.8762       89.2468       0.00000      -338.841       11.5500      0.500000      0.555363       6.75202      -2.29097       0.00000       0.00000       0.00000       0.00000    
      179   179.000       5.53062       5.53062       5.53062      0.727847E-01  0.256900E-02  0.259169E-02  -68.1434      -8.75326      -20.0050       56.0350       0.00000      -338.567       11.5500      0.500000      0.605011       6.70591      -2.12131       0.00000       0.00000       0.00000       0.00000    
      180   180.000       5.51281       5.51281       5.51281      0.207033      0.730766E-02  0.453970E-02  -176.967      -61.3858      -66.7619       52.0967       0.00000      -338.481       11.5500      0.500000      0.657119       6.65778      -1.90272       0.00000       0.00000       0.00000       0.00000    
      181   181.000       5.29378       5.29378       5.29378      0.891652E-01  0.314859E-02  0.421713E-02  -202.804      -42.4253      -47.0349       97.3941       0.00000      -337.418       11.5500      0.500000      0.645581       6.66838      -2.32513       0.00000       0.00000       0.00000       0.00000    
      182   182.000       5.11014       5.11014       5.11014      0.895566E-01  0.316352E-02  0.320603E-02  -83.2597      -26.2897      -25.4488       23.2148       0.00000      -336.529       11.5500      0.500000      0.654863       6.65984      -2.58417       0.00000       0.00000       0.00000       0.00000    
      183   183.000       5.00779       5.00779       5.00779      0.666690E-01  0.235550E-02  0.164361E-02  -29.6675      -4.98987      -5.87859       26.0591       0.00000      -336.034       11.5500      0.500000      0.688354       6.62909      -2.57202       0.00000       0.00000       0.00000       0.00000    
      184   184.000       5.00594       5.00594       5.00594      0.168027      0.593663E-02  0.384973E-02  -165.895      -58.2421      -55.3569       53.5430       0.00000      -336.025       11.5500      0.500000      0.742907       6.57920      -2.31254       0.00000       0.00000       0.00000       0.00000    
      185   185.000       4.80993       4.80993       4.80993      0.236894      0.837293E-02  0.272807E-02  -69.0633      -19.9384      -29.8530       18.4455       0.00000      -335.079       11.5500      0.500000      0.741696       6.58030      -2.60651       0.00000       0.00000       0.00000       0.00000    
      186   186.000       4.72441       4.72441       4.72441      0.319116      0.112809E-01  0.371570E-02  -195.122      -64.8320      -80.1421       52.7068       0.00000      -334.667       11.5500      0.500000      0.772867       6.55196      -2.58219       0.00000       0.00000       0.00000       0.00000    
      187   187.000       4.47534       4.47534       4.47534      0.294765      0.104250E-01  0.387510E-02  -335.450      -109.992      -111.516       93.5405       0.00000      -333.468       11.5500      0.500000      0.762402       6.56144      -2.98796       0.00000       0.00000       0.00000       0.00000    
      188   188.000       4.04977       4.04977       4.04977      0.629449E-01  0.222800E-02  0.155382E-02  -184.094      -41.0236      -40.0769       82.6689       0.00000      -331.428       11.5500      0.500000      0.721701       6.59834      -3.85623       0.00000       0.00000       0.00000       0.00000    
      189   189.000       3.87596       3.87596       3.87596      0.473735E-01  0.167739E-02   0.00000      -153.037      -31.7829      -32.4504       76.9512       0.00000      -330.598       11.5500      0.500000      0.750576       6.57204      -3.92248       0.00000       0.00000       0.00000       0.00000    
      190   190.000       3.74384       3.74741       3.87596      0.843142E-01  0.298613E-02   0.00000      -105.749      -22.2481      -21.5072       66.8288       0.00000      -329.968       10.9261      0.500000      0.809988       6.51810      -3.56205       0.00000       0.00000       0.00000       0.00000    
      191   191.000       3.67517       3.68441       3.87596      0.206245      0.730549E-02   0.00000      -291.876      -94.1293      -82.2073       95.0561       0.00000      -329.640       10.4868      0.500000      0.863377       6.46997      -3.28090       0.00000       0.00000       0.00000       0.00000    
      192   192.000       3.33967       3.33967       3.33967      0.168855      0.598493E-02   0.00000      -232.600      -69.5987      -69.3599       80.0059       0.00000      -328.045       11.5500      0.500000      0.800177       6.52658      -4.34917       0.00000       0.00000       0.00000       0.00000    
      193   193.000       3.07560       3.07560       3.07560      0.186151      0.660128E-02   0.00000      -163.502      -47.8795      -54.3096       63.1460       0.00000      -326.794       11.5500      0.500000      0.812301       6.51563      -4.62453       0.00000       0.00000       0.00000       0.00000    
      194   194.000       2.90508       2.90508       2.90508      0.157372      0.558254E-02   0.00000      -251.474      -79.2325      -66.5432       85.5873       0.00000      -325.988       11.5500      0.500000      0.842099       6.48878      -4.64721       0.00000       0.00000       0.00000       0.00000    
      195   195.000       2.61787       2.61787       2.61787      0.212327      0.753612E-02   0.00000      -261.810      -125.778      -84.7628       16.0787       0.00000      -324.633       11.5500      0.500000      0.850716       6.48105      -4.95887       0.00000       0.00000       0.00000       0.00000    
      196   196.000       2.18903       2.18903       2.18903      0.219139      0.778431E-02   0.00000      -60.1269      -24.3765      -21.0533       29.0675       0.00000      -322.619       11.5500      0.500000      0.839772       6.49086      -5.59390       0.00000       0.00000       0.00000       0.00000    
      197   197.000       2.14366       2.14366       2.14366      0.123093      0.437290E-02   0.00000      -132.952      -50.5446      -34.8188       48.8002       0.00000      -322.406       11.5500      0.500000      0.892572       6.44344      -5.26048       0.00000       0.00000       0.00000       0.00000    
      198   198.000       2.00314       2.00314       2.00314      0.143602      0.510286E-02   0.00000      -285.095      -98.8234      -56.9491       97.6942       0.00000      -321.748       11.5500      0.500000      0.926280       6.41337      -5.19926       0.00000       0.00000       0.00000       0.00000    
      199   199.000       1.67859       1.67859       1.67859      0.111363      0.395974E-02   0.00000      -110.817      -47.4121      -31.1411       19.5706       0.00000      -320.233       11.5500      0.500000      0.929430       6.41057      -5.55967       0.00000       0.00000       0.00000       0.00000    
      200   200.000       1.52597       1.52597       1.52597      0.116633      0.414833E-02   0.00000      -55.9827      -6.34853      -12.5493       57.8660       0.00000      -319.522       11.5500      0.500000      0.960923       6.38259      -5.51911       0.00000       0.00000       0.00000       0.00000    
      201   201.000       1.53913       1.53913       1.53913      0.112206      0.399076E-02   0.00000      -14.6674      -3.49538      -2.65709       11.0657       0.00000      -319.583       11.5500      0.500000       1.01469       6.33502      -5.16128       0.00000       0.00000       0.00000       0.00000    
      202   202.000       1.54190       1.54190       1.54190      0.193209      0.687172E-02  0.386634E-02   30.3885       26.0692       4.36848       29.8050       0.00000      -319.596       11.5500      0.500000       1.06351       6.29211      -4.87745       0.00000       0.00000       0.00000       0.00000    
      203   203.000       1.65779       1.65779       1.65779      0.130185      0.462916E-02   0.00000      -151.944      -58.2021      -42.3919       48.4835       0.00000      -320.136       11.5500      0.500000       1.12766       6.23608      -4.43351       0.00000       0.00000       0.00000       0.00000    
      204   204.000       1.48140       1.48140       1.48140      0.926015E-01  0.329386E-02   0.00000      -225.274      -61.0954      -41.2495       91.9947       0.00000      -319.315       11.5500      0.500000       1.13901       6.22625      -4.54903       0.00000       0.00000       0.00000       0.00000    
      205   205.000       1.24748       1.25209       1.48140      0.102464      0.364633E-02   0.00000      -255.093      -77.8767      -47.0545       94.1054       0.00000      -318.228       11.0951      0.500000       1.18065       6.19024      -4.35527       0.00000       0.00000       0.00000       0.00000    
      206   206.000      0.827033      0.973081       1.48140      0.995413E-01  0.354515E-02   0.00000      -163.650      -54.6120      -38.2281       58.2167       0.00000      -316.282       6.39431      0.500000       1.22036       6.15608      -4.18298       0.00000       0.00000       0.00000       0.00000    
      207   207.000      0.562676      0.792727       1.48140      0.134302      0.478557E-02   0.00000      -134.349      -21.5316      -23.7458       94.6484       0.00000      -315.063       5.76569      0.500000       1.25843       6.12350      -4.02818       0.00000       0.00000       0.00000       0.00000    
      208   208.000      0.511313      0.729160       1.45877      0.108990      0.388401E-02   0.00000      -131.768      -19.2527      -21.7514       94.8059       0.00000      -314.827       6.31616      0.507400       1.29071       6.09603      -3.92334       0.00000       0.00000       0.00000       0.00000    
      209   209.000      0.409231      0.670282       1.45877      0.129322      0.460948E-02   0.00000      -145.583      -35.4575      -30.9033       80.2636       0.00000      -314.357       5.82564      0.501858       1.32601       6.06610      -3.79422       0.00000       0.00000       0.00000       0.00000    
      210   210.000      0.285488      0.560674       1.41452      0.180276      0.642717E-02   0.00000      -234.826      -69.5978      -58.5712       93.2318       0.00000      -313.789       6.01149      0.508287       1.35151       6.04459      -3.74102       0.00000       0.00000       0.00000       0.00000    
      211   211.000      0.602927E-01  0.315114       1.34203      0.138969      0.495664E-02   0.00000      -252.885      -78.3382      -52.7993       97.7935       0.00000      -312.757       7.14075      0.520779       1.37061       6.02854      -3.73387       0.00000       0.00000       0.00000       0.00000    
      212   212.000       0.00000      0.455017E-01   1.34203      0.642576E-01  0.229215E-02   0.00000       0.00000      -53.6664      -33.2521       85.0625       0.00000      -312.481       6.10492      0.511188       1.40343       6.00102      -3.62513       0.00000       0.00000       0.00000       0.00000    
      213   213.000       0.00000      0.203432      0.844144      0.811088E-01  0.291986E-02   0.00000       0.00000      -34.2932      -24.4874       0.00000       0.00000      -291.303       6.10492      0.511188       1.33544       6.05776      -4.26323      0.559451E-01   0.00000      -4.75041      -4.75041    
      214   214.000       0.00000      0.211025      0.875651      0.547731E-01  0.196802E-02   0.00000       0.00000      -16.6928      -16.8916       0.00000       0.00000      -295.637       6.10492      0.511188       1.37633       6.02332      -4.08424      0.846478E-01   0.00000      -3.75767      -3.75767    
      215   215.000       0.00000      0.218299      0.905836      0.549065E-01  0.196875E-02   0.00000       0.00000      -16.6911      -15.4251       0.00000       0.00000      -300.365       6.10492      0.511188       1.41572       5.99033      -3.92187      0.101584       0.00000      -2.68701      -2.68701    
