238.397	13.514856	11.962404	2.3660628	0.79991413	2006-05-30 00:00:00
46.196807	12.942224	13.507162	4.0595952	1	2006-05-31 00:00:00
175.48303	16.264948	17.086356	1.6219167	0.92828518	2006-06-01 00:00:00
278.96263	20.057001	18.367624	3.047891	0.67631175	2006-06-02 00:00:00
219.52931	21.959894	21.426374	4.4406914	0.82195573	2006-06-03 00:00:00
327.79799	18.454614	17.16223	2.8244226	0.52926273	2006-06-04 00:00:00
317.13784	15.627008	12.843643	3.4238742	0.59145446	2006-06-05 00:00:00
318.48672	14.07644	10.630161	2.1729315	0.60010837	2006-06-06 00:00:00
177.28263	16.474908	14.430393	2.7515252	0.93286169	2006-06-07 00:00:00
80.894706	13.762933	12.982784	2.2758124	1	2006-06-08 00:00:00
277.57039	18.584955	16.607283	1.667114	0.69474493	2006-06-09 00:00:00
302.22158	24.058832	20.491041	3.846553	0.60556613	2006-06-10 00:00:00
162.53302	22.848077	20.389958	1.8939222	0.95350871	2006-06-11 00:00:00
23.662626	16.910425	18.557292	3.6631414	1	2006-06-12 00:00:00
352.0325	13.752039	12.1628	4.4089094	0.4840719	2006-06-13 00:00:00
286.28836	16.773248	14.150305	3.5529424	0.68370244	2006-06-14 00:00:00
340.41673	15.744958	12.993368	5.1691118	0.52270074	2006-06-15 00:00:00
351.88878	14.582086	11.087478	3.7866646	0.49401768	2006-06-16 00:00:00
275.48368	17.273859	12.450797	3.4627533	0.71982297	2006-06-17 00:00:00
31.540495	16.226648	14.965025	5.5551306	1	2006-06-18 00:00:00
93.603561	16.293207	17.795389	1.9973312	1	2006-06-19 00:00:00
151.91544	14.613458	15.400368	3.4357782	0.98349502	2006-06-20 00:00:00
272.7758	13.884271	13.060323	1.1082429	0.72467511	2006-06-21 00:00:00
296.9573	15.644403	12.884486	2.0199162	0.6604088	2006-06-22 00:00:00
167.79836	13.775415	13.445077	4.0147605	0.95581459	2006-06-23 00:00:00
301.41078	16.235315	15.014543	3.742453	0.63748583	2006-06-24 00:00:00
343.06569	16.493829	13.273163	3.5135816	0.51084967	2006-06-25 00:00:00
328.90373	18.50274	13.608842	1.5293146	0.55755664	2006-06-26 00:00:00
274.51402	20.999445	15.528089	2.0113161	0.7091608	2006-06-27 00:00:00
99.554238	19.912225	19.786995	4.2281037	1	2006-06-28 00:00:00
121.10389	18.580743	19.608279	4.3256253	1	2006-06-29 00:00:00
302.17441	18.553613	17.627395	4.3452015	0.61899428	2006-06-30 00:00:00
345.67262	18.108514	14.077372	3.6630727	0.48951548	2006-07-01 00:00:00
323.3622	20.288171	14.212088	2.7715888	0.56676247	2006-07-02 00:00:00
292.92206	23.71142	18.919894	3.7892242	0.63808413	2006-07-03 00:00:00
301.1534	26.192377	20.49599	4.5179769	0.6035551	2006-07-04 00:00:00
298.05787	26.086267	20.344837	4.2124324	0.61285545	2006-07-05 00:00:00
298.05455	23.318475	16.883307	3.6848373	0.62809565	2006-07-06 00:00:00
321.07452	20.474969	16.505154	3.9466638	0.55369031	2006-07-07 00:00:00
332.98861	19.303766	14.468771	2.9596299	0.52166129	2006-07-08 00:00:00
332.8019	20.286279	14.305292	1.7747718	0.52116195	2006-07-09 00:00:00
337.44272	23.072626	14.254443	2.5253514	0.50180208	2006-07-10 00:00:00
331.7167	23.515192	15.148394	3.24464	0.51493644	2006-07-11 00:00:00
255.49704	23.957666	19.505756	4.0889908	0.73018996	2006-07-12 00:00:00
306.64091	23.451868	20.253236	2.7076812	0.56970899	2006-07-13 00:00:00
322.41571	23.426538	16.609972	2.339787	0.53202298	2006-07-14 00:00:00
304.88772	24.063196	17.080623	4.709306	0.58777767	2006-07-15 00:00:00
329.96542	19.459802	13.318318	2.9623305	0.51884615	2006-07-16 00:00:00
315.70151	22.001794	13.944293	2.4560121	0.56290025	2006-07-17 00:00:00
297.86156	23.078577	16.578777	2.1249435	0.60557703	2006-07-18 00:00:00
315.16984	23.898309	16.847688	1.0384935	0.5415973	2006-07-19 00:00:00
312.56869	25.145959	16.932014	3.1640431	0.54714359	2006-07-20 00:00:00
293.77043	24.104364	19.208381	3.9767314	0.59697918	2006-07-21 00:00:00
195.45555	22.771448	17.223713	3.5549826	0.87037637	2006-07-22 00:00:00
240.57911	22.674768	19.692078	2.788086	0.74941257	2006-07-23 00:00:00
320.12296	22.167749	14.802462	2.4347421	0.51668851	2006-07-24 00:00:00
125.92421	20.522699	14.294185	3.5615391	1	2006-07-25 00:00:00
231.3742	21.377649	22.593152	3.4912204	0.7581208	2006-07-26 00:00:00
176.86431	20.227106	18.252466	5.3314008	0.90312191	2006-07-27 00:00:00
307.16503	19.029779	15.576073	3.7959723	0.54401337	2006-07-28 00:00:00
305.60745	21.650171	16.724259	2.8069516	0.53858975	2006-07-29 00:00:00
135.79204	21.593256	16.393944	2.1468824	0.99123629	2006-07-30 00:00:00
103.81911	18.012109	16.969913	3.0141885	1	2006-07-31 00:00:00
174.88254	17.297876	16.139294	2.7529054	0.90113195	2006-08-01 00:00:00
286.96247	20.597925	19.899326	4.3174418	0.56400291	2006-08-02 00:00:00
297.99889	20.441095	16.599483	4.753581	0.53638269	2006-08-03 00:00:00
286.0241	17.949854	13.691359	3.9518566	0.59260242	2006-08-04 00:00:00
243.95904	16.9638	12.998635	3.3340344	0.72466813	2006-08-05 00:00:00
147.1704	18.431024	14.859399	1.7122782	0.95835274	2006-08-06 00:00:00
285.86613	20.47558	16.541688	2.8193178	0.56386039	2006-08-07 00:00:00
296.06835	20.655084	14.380877	4.0100882	0.53180048	2006-08-08 00:00:00
158.6489	22.469659	15.61138	3.1910516	0.92628935	2006-08-09 00:00:00
280.03067	24.030878	17.266493	3.0718657	0.56653824	2006-08-10 00:00:00
210.50585	22.778162	16.723741	2.2602648	0.7881918	2006-08-11 00:00:00
216.34579	22.207574	21.136368	3.9142496	0.75417053	2006-08-12 00:00:00
300.05615	19.617975	14.340602	3.6507654	0.48355677	2006-08-13 00:00:00
300.81562	18.80282	12.80965	2.2045778	0.48378333	2006-08-14 00:00:00
281.95144	20.292261	14.617697	1.8477765	0.54519825	2006-08-15 00:00:00
82.191246	19.777277	18.891059	4.2590204	1	2006-08-16 00:00:00
282.04778	19.375665	17.572644	3.3503752	0.5125915	2006-08-17 00:00:00
288.27996	17.784296	12.928412	3.950445	0.50854118	2006-08-18 00:00:00
275.20836	15.597986	11.366341	2.9405133	0.56501467	2006-08-19 00:00:00
297.73554	15.043298	10.389216	3.1140082	0.46709003	2006-08-20 00:00:00
112.47503	17.269678	12.176746	3.4000994	1	2006-08-21 00:00:00
277.79408	16.847345	17.072515	3.5060646	0.49552434	2006-08-22 00:00:00
286.46594	16.461664	13.897055	1.5283839	0.46769533	2006-08-23 00:00:00
43.509388	16.083948	15.719156	3.4938866	1	2006-08-24 00:00:00
66.492735	17.052667	18.840658	3.5637135	1	2006-08-25 00:00:00
98.065547	13.015497	13.143403	4.917106	1	2006-08-26 00:00:00
293.41983	15.155847	12.990751	2.3892225	0.39398734	2006-08-27 00:00:00
230.50443	17.145227	14.152123	1.6887146	0.66108566	2006-08-28 00:00:00
238.02566	18.288904	15.462397	3.0667708	0.620116	2006-08-29 00:00:00
136.49639	16.289636	13.44896	1.8080972	0.93745786	2006-08-30 00:00:00
279.78925	17.35351	14.632359	1.601124	0.40888014	2006-08-31 00:00:00
26.245407	17.477838	18.170684	2.7789996	1	2006-09-01 00:00:00
216.8088	19.029596	18.716872	3.3224154	0.659543	2006-09-02 00:00:00
285.02219	14.561761	11.943879	3.9494512	0.35774987	2006-09-03 00:00:00
277.27332	17.965845	13.656149	3.3358677	0.37686808	2006-09-04 00:00:00
73.858909	18.308527	16.400264	3.4280151	1	2006-09-05 00:00:00
77.689531	17.321466	18.168127	2.335425	1	2006-09-06 00:00:00
137.16259	19.865533	20.457138	4.8078693	0.89616939	2006-09-07 00:00:00
183.76048	20.977289	22.06535	3.4089532	0.73197052	2006-09-08 00:00:00
132.36852	19.641199	21.251996	3.1272866	0.90169245	2006-09-09 00:00:00
89.319292	14.528375	13.129035	4.0845072	1	2006-09-10 00:00:00
27.856586	10.28927	11.450181	4.0043638	1	2006-09-11 00:00:00
42.33392	14.614557	16.06078	3.4840794	1	2006-09-12 00:00:00
38.031808	13.952783	15.653675	3.0155082	1	2006-09-13 00:00:00
222.46095	12.154108	12.551318	3.3290004	0.5544134	2006-09-14 00:00:00
243.36169	14.63595	13.20054	1.9599915	0.41813245	2006-09-15 00:00:00
241.24405	16.635065	14.55875	2.5711563	0.40526976	2006-09-16 00:00:00
119.4165	16.739526	15.583707	3.2123569	0.92090285	2006-09-17 00:00:00
29.398973	17.418024	17.899028	4.0857846	1	2006-09-18 00:00:00
222.59588	13.438409	12.830042	4.3955991	0.49651029	2006-09-19 00:00:00
237.37725	10.551813	10.095177	2.4958918	0.41010695	2006-09-20 00:00:00
47.82797	12.41308	12.68722	2.065957	1	2006-09-21 00:00:00
207.93083	14.286859	13.770718	2.4864362	0.53765924	2006-09-22 00:00:00
126.72101	14.837885	13.337112	1.7273934	0.87813761	2006-09-23 00:00:00
103.29986	16.739404	16.099364	3.100252	0.94699668	2006-09-24 00:00:00
107.93857	17.861902	18.114847	2.8628272	0.92380792	2006-09-25 00:00:00
191.07369	19.023157	18.223232	3.3256176	0.55870391	2006-09-26 00:00:00
194.16452	19.790186	17.731432	4.8693896	0.53127443	2006-09-27 00:00:00
22.379634	15.586298	15.769832	4.8434332	1	2006-09-28 00:00:00
221.91995	8.9260803	9.0336553	5.9272041	0.37423743	2006-09-29 00:00:00
161.99897	8.336908	9.3066459	2.4666514	0.71039128	2006-09-30 00:00:00
64.77268	9.8031555	9.8092455	1.7095162	1	2006-10-01 00:00:00
212.53853	9.1744934	9.1703582	3.4246434	0.39020024	2006-10-02 00:00:00
205.27817	10.265588	8.5316592	2.3447985	0.43485478	2006-10-03 00:00:00
63.806252	12.151697	11.852033	3.4530866	1	2006-10-04 00:00:00
16.551984	13.8612	15.363652	3.2919448	1	2006-10-05 00:00:00
210.24952	6.2247559	7.2775343	5.9036454	0.34246777	2006-10-06 00:00:00
205.16568	4.2303711	6.3275681	3.61075	0.37782806	2006-10-07 00:00:00
200.12625	5.1658264	6.7752114	2.503425	0.39612587	2006-10-08 00:00:00
93.189668	8.6306702	8.3902723	5.4802104	0.93868389	2006-10-09 00:00:00
180.89521	12.557092	11.260163	3.6965672	0.47463724	2006-10-10 00:00:00
129.8101	14.298547	13.352162	2.8408998	0.7569407	2006-10-11 00:00:00
68.814629	11.937616	10.624113	5.0609532	1	2006-10-12 00:00:00
193.02303	4.4358459	5.9397212	4.2688727	0.35777451	2006-10-13 00:00:00
155.04679	6.3557068	6.7751969	2.2079713	0.62077969	2006-10-14 00:00:00
156.84574	7.8557373	8.1415805	1.122883	0.58945623	2006-10-15 00:00:00
87.984147	8.3161865	8.9884977	1.975388	0.92646307	2006-10-16 00:00:00
165.41854	6.7430664	6.607747	4.8544138	0.51101147	2006-10-17 00:00:00
186.30224	2.3746582	4.1453565	3.9240789	0.32048587	2006-10-18 00:00:00
182.57333	1.8550964	3.8870955	2.995497	0.34110427	2006-10-19 00:00:00
177.91678	3.4698425	4.6779192	1.7800458	0.3580727	2006-10-20 00:00:00
175.0938	5.7666565	5.1728733	1.4504085	0.3587623	2006-10-21 00:00:00
148.56835	7.7374512	5.4409883	1.1511312	0.57012569	2006-10-22 00:00:00
138.37926	8.9743286	6.7849895	1.9871528	0.60262624	2006-10-23 00:00:00
14.547997	11.215814	11.929758	5.6880344	1	2006-10-24 00:00:00
34.036168	12.945886	14.388169	2.4337102	1	2006-10-25 00:00:00
124.02997	8.4659668	9.5571159	4.2558525	0.65452721	2006-10-26 00:00:00
156.14172	6.5756165	8.172292	2.3144424	0.36821905	2006-10-27 00:00:00
147.62767	8.3425842	8.7252304	2.4853083	0.43765479	2006-10-28 00:00:00
73.624998	8.2439514	8.3343702	1.6060782	0.92742723	2006-10-29 00:00:00
150.85026	7.0308167	7.7977986	3.0441738	0.36900862	2006-10-30 00:00:00
150.80699	6.7991577	7.806867	0.98837132	0.34552047	2006-10-31 00:00:00
119.14123	7.2724243	7.7775451	1.3746555	0.63551525	2006-11-01 00:00:00
47.385963	7.3942505	8.1970596	2.0747122	1	2006-11-02 00:00:00
53.741507	8.4287354	8.5176984	1.6386382	1	2006-11-03 00:00:00
72.588318	7.4650513	7.2413482	2.0674508	0.9077329	2006-11-04 00:00:00
93.417126	8.2384888	8.4013638	3.4794324	0.77539077	2006-11-05 00:00:00
30.774525	8.3265015	8.5167507	1.9234167	1	2006-11-06 00:00:00
134.33489	6.5228516	7.6201932	3.3121548	0.40563788	2006-11-07 00:00:00
131.49765	3.2142578	5.6616917	3.0161404	0.44029627	2006-11-08 00:00:00
36.445787	2.8915039	6.3746726	1.1349731	1	2006-11-09 00:00:00
51.247565	1.8687683	6.3092792	5.802225	0.99988519	2006-11-10 00:00:00
131.27895	-0.10056152	4.2614981	5.9088688	0.39999096	2006-11-11 00:00:00
56.298252	1.4421021	5.6599611	3.7624427	0.96699246	2006-11-12 00:00:00
39.831738	4.0112854	6.164918	2.2870294	1	2006-11-13 00:00:00
33.859818	5.8340698	8.3353339	2.5077175	1	2006-11-14 00:00:00
100.95547	5.4875122	8.0965895	3.0619508	0.63402009	2006-11-15 00:00:00
48.700794	2.3634888	4.8394586	2.9115759	0.99768506	2006-11-16 00:00:00
77.073416	1.5775696	4.545435	1.9542742	0.81929097	2006-11-17 00:00:00
109.43758	3.9690796	6.4905015	3.5325472	0.52749426	2006-11-18 00:00:00
105.47419	3.7970215	6.9132746	2.3723798	0.55475019	2006-11-19 00:00:00
13.714733	7.1892029	9.4041701	3.1663009	1	2006-11-20 00:00:00
103.98599	2.6013428	5.9102364	4.9546517	0.55479276	2006-11-21 00:00:00
41.868221	2.3359314	5.9597479	4.1179776	1	2006-11-22 00:00:00
100.74418	1.0774475	4.4939679	3.182573	0.5775665	2006-11-23 00:00:00
108.40964	-1.0116943	4.1718501	2.7490182	0.48200317	2006-11-24 00:00:00
113.60554	-2.163916	4.0888043	3.4475634	0.39722308	2006-11-25 00:00:00
113.82644	-4.441748	2.6459368	2.9795508	0.39538478	2006-11-26 00:00:00
44.74351	-3.9894165	3.0402	4.6959576	0.99443711	2006-11-27 00:00:00
29.432016	-2.1818909	4.3896385	4.5967845	1	2006-11-28 00:00:00
80.606236	0.72750244	5.8140582	3.2565522	0.71636528	2006-11-29 00:00:00
57.063373	-1.5470947	4.0153925	4.3060255	0.90304144	2006-11-30 00:00:00
49.761942	-1.5188354	3.5931572	1.7573115	0.95132949	2006-12-01 00:00:00
89.3916	-1.5304932	3.9089789	2.0892171	0.62438821	2006-12-02 00:00:00
94.078232	-0.99390259	4.70505	3.3601206	0.56105668	2006-12-03 00:00:00
105.09288	-4.9835266	2.8044487	3.7585966	0.42444652	2006-12-04 00:00:00
96.271501	-4.0652527	3.1216435	4.8012582	0.53256592	2006-12-05 00:00:00
21.144544	-2.3247131	4.2811721	2.9323778	1	2006-12-06 00:00:00
71.70526	0.011499023	4.8540145	5.5469013	0.76289742	2006-12-07 00:00:00
96.221399	-4.3115601	2.9737676	2.6132814	0.51450219	2006-12-08 00:00:00
10.952555	0.39104614	5.7870034	4.7649796	1	2006-12-09 00:00:00
93.318575	-2.2165588	4.3206339	3.0139996	0.52937546	2006-12-10 00:00:00
8.7722528	5.416803	8.0234641	5.6897907	1	2006-12-11 00:00:00
68.293348	-0.52631226	4.3707328	6.1326435	0.78123784	2006-12-12 00:00:00
98.207277	-4.0737671	3.0445142	4.6244019	0.46000085	2006-12-13 00:00:00
102.82032	-4.1199707	3.5961429	2.6322309	0.37421743	2006-12-14 00:00:00
90.484576	-3.2741455	3.6195374	2.2447864	0.55198657	2006-12-15 00:00:00
14.382954	0.43355713	5.4081149	3.4001956	1	2006-12-16 00:00:00
55.5808	-1.950354	4.2385359	5.0564025	0.88018916	2006-12-17 00:00:00
102.50231	-8.6910156	1.7645802	5.7857194	0.39103712	2006-12-18 00:00:00
89.864156	-8.8992676	1.9173469	2.9984808	0.56698391	2006-12-19 00:00:00
41.349667	-2.8855957	4.0899909	4.281406	0.98470508	2006-12-20 00:00:00
99.497808	-3.8530029	3.7379552	4.366662	0.41618226	2006-12-21 00:00:00
17.444798	-3.2735352	4.3668813	2.7577676	1	2006-12-22 00:00:00
45.302763	-0.18060913	5.762232	3.1195071	0.95361668	2006-12-23 00:00:00
23.259261	-3.8307556	4.1919971	3.099099	1	2006-12-24 00:00:00
9.5164263	-3.1473755	4.8442436	6.5077071	1	2006-12-25 00:00:00
16.912399	-3.6208862	4.6754529	5.8468098	1	2006-12-26 00:00:00
70.970704	-9.5216736	2.7415216	3.9450728	0.76203655	2006-12-27 00:00:00
96.512495	-9.2049622	2.6252657	3.7376325	0.49100594	2006-12-28 00:00:00
86.474844	-12.504614	1.9312742	5.2940741	0.62122329	2006-12-29 00:00:00
86.937791	-14.838232	1.6173939	3.9483225	0.62207607	2006-12-30 00:00:00
86.110004	-12.530157	2.0043955	2.028407	0.63202583	2006-12-31 00:00:00
