Results from FLAKE simulations.
 No     time         Ts            Tm            Tb            ufr_a         ufr_w         Wconv         Qw            Q_se          Q_la          I_w           Q_lwa         Q_lww         h_ML          C_T           H_B1          T_B1          Qbot          H_ice         H_snow        T_ice         T_snow   
        0   0.00000       17.2000       17.2000       8.00000      0.152061      0.524763E-02   0.00000      -155.701       6.06122      -72.9023       319.581       0.00000      -398.938       11.5500      0.500000       5.00000       4.00000      0.873600       0.00000       0.00000       0.00000       0.00000    
        1   1.00000       17.4902       17.4902       17.4902      0.142204      0.490468E-02  0.201193E-02  -253.147      -18.8970      -131.262       328.610       0.00000      -400.536       11.5500      0.500000       5.00000       4.00000       2.94626       0.00000       0.00000       0.00000       0.00000    
        2   2.00000       17.6193       17.6193       17.6193      0.121693      0.419617E-02   0.00000      -240.426      -19.3602      -110.684       348.539       0.00000      -401.247       11.5500      0.500000       5.00000       4.00000       2.97445       0.00000       0.00000       0.00000       0.00000    
        3   3.00000       17.8064       17.8064       17.8064      0.700107E-01  0.241320E-02   0.00000      -150.775      -8.26682      -54.1758       271.098       0.00000      -402.281       11.5500      0.500000       5.00000       4.00000       3.01532       0.00000       0.00000       0.00000       0.00000    
        4   4.00000       18.0319       18.0152       17.8064      0.636000E-01  0.219126E-02   0.00000      -113.300      -1.72109      -31.6228       259.116       0.00000      -403.530       9.84392      0.500000       5.00000       4.00000       3.01532       0.00000       0.00000       0.00000       0.00000    
        5   5.00000       18.3575       18.2695       17.8064      0.134561      0.463316E-02   0.00000      -68.3075       2.78363      -24.6055       135.216       0.00000      -405.338       7.86138      0.500000       5.00000       4.00000       3.01532       0.00000       0.00000       0.00000       0.00000    
        6   6.00000       18.5501       18.3832       17.8064      0.175489      0.604008E-02  0.828868E-02  -217.629      -42.6426      -111.568       99.3745       0.00000      -406.410       6.36841      0.500000       5.00000       4.00000       3.01532       0.00000       0.00000       0.00000       0.00000    
        7   7.00000       18.1672       18.1672       18.1672      0.133783      0.460811E-02  0.896683E-02  -170.812      -35.3703      -72.2639       74.0091       0.00000      -404.281       11.5500      0.500000       5.00000       4.00000       3.09412       0.00000       0.00000       0.00000       0.00000    
        8   8.00000       17.9893       17.9893       17.9893       0.00000      0.909061E-04   0.00000      -61.6304      0.384759E-01 -0.649319E-02   231.264       0.00000      -403.294       11.5500      0.500000       5.00000       4.00000       3.05526       0.00000       0.00000       0.00000       0.00000    
        9   9.00000       18.2892       18.2859       17.9893      0.226308      0.779322E-02   0.00000      -64.3228       23.2880      -37.8922       176.486       0.00000      -404.958       11.2951      0.500000       5.00000       4.00000       3.05526       0.00000       0.00000       0.00000       0.00000    
       10   10.0000       18.6867       18.4801       17.9893      0.127443      0.438524E-02  0.617949E-02  -244.243      -17.4535      -121.943       328.626       0.00000      -407.172       4.70970      0.500000       5.00000       4.00000       3.05526       0.00000       0.00000       0.00000       0.00000    
       11   11.0000       18.8859       18.6249       18.0133      0.142435      0.489916E-02  0.573028E-02  -214.392      -9.01804      -110.786       305.417       0.00000      -408.285       4.70971      0.504998       5.00000       4.00000       3.06050       0.00000       0.00000       0.00000       0.00000    
       12   12.0000       19.1005       18.7814       18.0417      0.669925E-01  0.230329E-02   0.00000      -139.837      -1.40193      -41.1801       324.741       0.00000      -409.486       4.70972      0.508826       5.00000       4.00000       3.06671       0.00000       0.00000       0.00000       0.00000    
       13   13.0000       19.5812       19.1052       18.0417      0.812176E-01  0.278972E-02  0.250856E-02  -153.106      -2.55536      -52.3924       321.099       0.00000      -412.187       4.52400      0.508267       5.00000       4.00000       3.06671       0.00000       0.00000       0.00000       0.00000    
       14   14.0000       19.9755       19.3988       18.1128      0.123508      0.423903E-02  0.260869E-02  -146.468       6.11365      -63.4673       305.403       0.00000      -414.412       4.52401      0.508915       5.00000       4.00000       3.08224       0.00000       0.00000       0.00000       0.00000    
       15   15.0000       20.3501       19.6763       18.1794      0.154192      0.528824E-02  0.503481E-02  -174.685       5.44678      -94.9964       283.358       0.00000      -416.535       4.52402      0.510264       5.00000       4.00000       3.09678       0.00000       0.00000       0.00000       0.00000    
       16   16.0000       20.6107       19.8643       18.2150      0.167227      0.573231E-02  0.637527E-02  -180.985      -11.4519      -95.9323       199.824       0.00000      -418.016       4.52403      0.512196       5.00000       4.00000       3.10456       0.00000       0.00000       0.00000       0.00000    
       17   17.0000       20.5949       19.8922       18.1853      0.222585      0.763015E-02  0.952250E-02  -424.370      -65.0471      -240.845       311.621       0.00000      -417.926       5.00771      0.514856       5.00000       4.00000       3.09808       0.00000       0.00000       0.00000       0.00000    
       18   18.0000       19.9900       19.6858       17.9831      0.758893E-01  0.260459E-02   0.00000      -204.926      -12.4697      -77.2394       350.888       0.00000      -414.494       8.19202      0.521445       5.00000       4.00000       3.05391       0.00000       0.00000       0.00000       0.00000    
       19   19.0000       20.3592       19.9402       17.9831      0.896444E-01  0.307442E-02   0.00000      -184.598      -3.83247      -77.6238       335.781       0.00000      -416.586       7.63274      0.519956       5.00000       4.00000       3.05391       0.00000       0.00000       0.00000       0.00000    
       20   20.0000       20.7836       20.2039       17.9831      0.816278E-01  0.279713E-02   0.00000      -198.068      -7.81990      -82.7151       334.855       0.00000      -419.001       6.93824      0.518453       5.00000       4.00000       3.05391       0.00000       0.00000       0.00000       0.00000    
       21   21.0000       21.1089       20.4420       17.9831      0.968183E-01  0.331551E-02  0.464173E-02  -163.930      -6.83544      -74.9341       231.762       0.00000      -420.859       6.78875      0.517562       5.00000       4.00000       3.05391       0.00000       0.00000       0.00000       0.00000    
       22   22.0000       21.2509       20.5573       18.0135      0.950382E-01  0.325363E-02   0.00000      -140.667       2.00044      -63.3869       246.691       0.00000      -421.672       6.78876      0.519765       5.00000       4.00000       3.06056       0.00000       0.00000       0.00000       0.00000    
       23   23.0000       21.5346       20.7406       18.0135       0.00000      0.530032E-04   0.00000      -79.1363      0.157681E-01 -0.158862       252.811       0.00000      -423.300       6.52853      0.518704       5.00000       4.00000       3.06056       0.00000       0.00000       0.00000       0.00000    
       24   24.0000       21.9384       21.0444       18.0135      0.100725      0.344360E-02   0.00000      -133.167       3.01813      -55.4489       246.834       0.00000      -425.625       6.47775      0.518704       5.00000       4.00000       3.06056       0.00000       0.00000       0.00000       0.00000    
       25   25.0000       22.2809       21.2413       18.0135      0.125388      0.428383E-02  0.661160E-02  -153.824      -16.2733      -67.1732       151.400       0.00000      -427.604       6.11490      0.517733       5.00000       4.00000       3.06056       0.00000       0.00000       0.00000       0.00000    
       26   26.0000       22.2291       21.2314       17.9960      0.117983      0.403126E-02  0.566272E-02  -173.094      -15.1651      -69.1127       225.805       0.00000      -427.304       6.32341      0.520811       5.00000       4.00000       3.05672       0.00000       0.00000       0.00000       0.00000    
       27   27.0000       22.3444       21.3198       18.0168      0.673058E-01  0.229918E-02  0.526461E-02  -139.054      -12.3889      -44.5760       181.736       0.00000      -427.972       6.32342      0.523217       5.00000       4.00000       3.06127       0.00000       0.00000       0.00000       0.00000    
       28   28.0000       22.4372       21.3903       18.0330      0.170279      0.581569E-02  0.930641E-02  -341.048      -44.0122      -186.548       276.440       0.00000      -428.509       6.32343      0.525269       5.00000       4.00000       3.06480       0.00000       0.00000       0.00000       0.00000    
       29   29.0000       22.1276       21.2697       17.9602      0.697581E-01  0.238399E-02  0.329428E-02  -205.040      -15.2558      -73.1025       316.280       0.00000      -426.717       7.07737      0.531617       5.00000       4.00000       3.04890       0.00000       0.00000       0.00000       0.00000    
       30   30.0000       22.3617       21.4623       18.0012      0.954283E-01  0.325974E-02  0.579821E-02  -231.593      -17.2876      -102.386       308.147       0.00000      -428.072       7.07738      0.532656       5.00000       4.00000       3.05785       0.00000       0.00000       0.00000       0.00000    
       31   31.0000       22.5259       21.5931       18.0298      0.131110      0.447710E-02  0.820680E-02  -315.990      -34.7312      -157.149       330.602       0.00000      -429.024       7.07739      0.535790       5.00000       4.00000       3.06412       0.00000       0.00000       0.00000       0.00000    
       32   32.0000       22.5089       21.6135       18.0276      0.872994E-01  0.298118E-02  0.650334E-02  -250.435      -23.3659      -107.833       310.967       0.00000      -428.926       7.29187      0.541953       5.00000       4.00000       3.06362       0.00000       0.00000       0.00000       0.00000    
       33   33.0000       22.6401       21.7158       18.0491      0.109410      0.373524E-02  0.786582E-02  -262.101      -25.0496      -131.530       266.448       0.00000      -429.688       7.29188      0.546128       5.00000       4.00000       3.06832       0.00000       0.00000       0.00000       0.00000    
       34   34.0000       22.6043       21.7180       18.0480      0.131508      0.448999E-02  0.860772E-02  -263.496      -23.6407      -148.079       224.789       0.00000      -429.480       7.48066      0.552147       5.00000       4.00000       3.06809       0.00000       0.00000       0.00000       0.00000    
       35   35.0000       22.4413       21.6435       18.0350      0.132826      0.453647E-02  0.653645E-02  -164.918      -12.8262      -77.6302       174.264       0.00000      -428.534       7.81478      0.559897       5.00000       4.00000       3.06525       0.00000       0.00000       0.00000       0.00000    
       36   36.0000       22.4419       21.6546       18.0413      0.263879      0.901239E-02  0.103647E-01  -372.084      -47.8252      -219.480       262.938       0.00000      -428.537       7.89326      0.565078       5.00000       4.00000       3.06662       0.00000       0.00000       0.00000       0.00000    
       37   37.0000       22.0752       21.4546       18.0239      0.222476      0.760392E-02  0.123975E-01  -371.248      -77.6299      -211.775       72.5936       0.00000      -426.414       8.49206      0.578535       5.00000       4.00000       3.06281       0.00000       0.00000       0.00000       0.00000    
       38   38.0000       21.2547       20.9172       18.0051      0.149284      0.511070E-02  0.959091E-02  -252.232      -42.6997      -129.882       158.365       0.00000      -421.694       9.56731      0.604931       5.00000       4.00000       3.05871       0.00000       0.00000       0.00000       0.00000    
       39   39.0000       21.0032       20.7446       18.0485      0.485031E-01  0.166132E-02   0.00000      -180.668      -14.2730      -58.9161       286.090       0.00000      -420.255       9.96829      0.639166       5.00000       4.00000       3.06820       0.00000       0.00000       0.00000       0.00000    
       40   40.0000       21.2975       20.9268       18.0485      0.165445      0.566348E-02  0.957194E-02  -254.610      -36.6070      -141.252       162.141       0.00000      -421.939       9.48299      0.637649       5.00000       4.00000       3.06820       0.00000       0.00000       0.00000       0.00000    
       41   41.0000       21.0473       20.7565       18.1040      0.102228      0.350118E-02  0.716111E-02  -160.220      -22.6494      -66.4711       142.554       0.00000      -420.507       9.84631      0.669643       5.00000       4.00000       3.08031       0.00000       0.00000       0.00000       0.00000    
       42   42.0000       20.9896       20.7195       18.1483      0.148643      0.509143E-02  0.806096E-02  -203.022      -25.6003      -102.870       168.455       0.00000      -420.177       9.97020      0.694864       5.00000       4.00000       3.08998       0.00000       0.00000       0.00000       0.00000    
       43   43.0000       20.8901       20.6524       18.1913      0.100008      0.342622E-02   0.00000      -197.006      -12.6423      -80.6522       296.800       0.00000      -419.608       10.1341      0.718282       5.00000       4.00000       3.09938       0.00000       0.00000       0.00000       0.00000    
       44   44.0000       21.2073       20.8245       18.1913      0.339233E-01  0.116146E-02   0.00000      -147.717      -2.92604      -38.3368       324.536       0.00000      -421.422       9.48620      0.710315       5.00000       4.00000       3.09938       0.00000       0.00000       0.00000       0.00000    
       45   45.0000       21.8165       21.1338       18.1913      0.459100E-01  0.156996E-02   0.00000      -135.459      -1.07806      -32.8064       309.503       0.00000      -424.922       8.48598      0.709825       5.00000       4.00000       3.09938       0.00000       0.00000       0.00000       0.00000    
       46   46.0000       22.5668       21.4382       18.1913      0.653194E-01  0.223033E-02   0.00000      -135.333       1.58668      -43.3918       285.825       0.00000      -429.262       7.35022      0.709379       5.00000       4.00000       3.09938       0.00000       0.00000       0.00000       0.00000    
       47   47.0000       23.2937       21.7006       18.1913      0.948913E-01  0.323532E-02  0.115352E-02  -182.935       4.01058      -88.8827       307.599       0.00000      -433.498       6.46280      0.708873       5.00000       4.00000       3.09938       0.00000       0.00000       0.00000       0.00000    
       48   48.0000       23.6124       21.9170       18.1880      0.503462E-01  0.171545E-02  0.297896E-02  -106.825      -2.28000      -30.7290       170.834       0.00000      -435.365       6.46280      0.709604       5.00000       4.00000       3.09866       0.00000       0.00000       0.00000       0.00000    
       49   49.0000       23.7726       22.0254       18.1873      0.136458      0.464805E-02  0.631424E-02  -190.234      -6.09270      -93.9846       234.459       0.00000      -436.306       6.46281      0.710202       5.00000       4.00000       3.09850       0.00000       0.00000       0.00000       0.00000    
       50   50.0000       23.8795       22.0986       18.1950      0.173711      0.591567E-02  0.871683E-02  -231.535      -21.4907      -130.800       165.246       0.00000      -436.935       6.47386      0.712845       5.00000       4.00000       3.10018       0.00000       0.00000       0.00000       0.00000    
       51   51.0000       23.5970       21.9750       18.2191      0.980134E-01  0.333973E-02  0.595465E-02  -140.228      -10.0627      -53.5598       162.538       0.00000      -435.275       6.69705      0.717844       5.00000       4.00000       3.10545       0.00000       0.00000       0.00000       0.00000    
       52   52.0000       23.6402       22.0091       18.2203      0.809903E-01  0.275944E-02  0.427063E-02  -223.005      -11.9924      -86.1459       342.147       0.00000      -435.529       6.71067      0.718282       5.00000       4.00000       3.10572       0.00000       0.00000       0.00000       0.00000    
       53   53.0000       23.9377       22.2157       18.2157      0.105156      0.358064E-02  0.609783E-02  -228.329      -7.22878      -111.912       303.813       0.00000      -437.277       6.71068      0.718282       5.00000       4.00000       3.10472       0.00000       0.00000       0.00000       0.00000    
       54   54.0000       24.1230       22.3445       18.2132      0.148209      0.504473E-02  0.804442E-02  -278.932      -16.5448      -150.715       294.971       0.00000      -438.369       6.71069      0.718282       5.00000       4.00000       3.10417       0.00000       0.00000       0.00000       0.00000    
       55   55.0000       24.1140       22.3674       18.2146      0.599863E-01  0.204185E-02  0.767961E-02  -238.639      -20.8623      -105.336       249.894       0.00000      -438.316       6.78937      0.718282       5.00000       4.00000       3.10447       0.00000       0.00000       0.00000       0.00000    
       56   56.0000       24.0989       22.3818       18.2160      0.856439E-01  0.291529E-02  0.612549E-02  -203.763      -9.62541      -90.8285       261.256       0.00000      -438.227       6.85662      0.718282       5.00000       4.00000       3.10477       0.00000       0.00000       0.00000       0.00000    
       57   57.0000       24.2363       22.4786       18.2143      0.127306      0.433223E-02  0.562650E-02  -206.139       15.0023      -132.195       281.313       0.00000      -439.038       6.85663      0.718282       5.00000       4.00000       3.10440       0.00000       0.00000       0.00000       0.00000    
       58   58.0000       24.4184       22.6069       18.2118      0.537200E-01  0.182742E-02   0.00000      -119.444       1.07524      -31.2876       237.483       0.00000      -440.114       6.85664      0.718282       5.00000       4.00000       3.10386       0.00000       0.00000       0.00000       0.00000    
       59   59.0000       24.9884       22.8115       18.2118      0.672939E-01  0.228652E-02  0.220171E-02  -137.425      -3.84948      -37.8165       229.730       0.00000      -443.496       6.38285      0.718047       5.00000       4.00000       3.10386       0.00000       0.00000       0.00000       0.00000    
       60   60.0000       25.2248       22.9703       18.2089      0.740473E-01  0.251478E-02  0.520305E-02  -137.649      -6.78288      -42.5273       187.894       0.00000      -444.904       6.38286      0.718282       5.00000       4.00000       3.10322       0.00000       0.00000       0.00000       0.00000    
       61   61.0000       25.3493       23.0542       18.2070      0.101659      0.345164E-02  0.725662E-02  -163.285      -13.2066      -67.7575       153.818       0.00000      -445.647       6.38287      0.718282       5.00000       4.00000       3.10281       0.00000       0.00000       0.00000       0.00000    
       62   62.0000       25.2750       23.0318       18.2090      0.952319E-01  0.323391E-02  0.778277E-02  -191.972      -19.9131      -78.7694       173.607       0.00000      -445.204       6.44501      0.718282       5.00000       4.00000       3.10325       0.00000       0.00000       0.00000       0.00000    
       63   63.0000       25.1643       22.9935       18.2119      0.684141E-01  0.232375E-02  0.719924E-02  -227.561      -20.6433      -83.4853       263.841       0.00000      -444.544       6.52916      0.718282       5.00000       4.00000       3.10388       0.00000       0.00000       0.00000       0.00000    
       64   64.0000       25.2343       23.0525       18.2115      0.439738E-01  0.149340E-02  0.737691E-02  -235.206      -19.8780      -91.6622       268.038       0.00000      -444.961       6.55423      0.718282       5.00000       4.00000       3.10379       0.00000       0.00000       0.00000       0.00000    
       65   65.0000       25.2908       23.1053       18.2114      0.526516E-01  0.178790E-02  0.748771E-02  -232.960      -18.6229      -94.1881       258.809       0.00000      -445.298       6.58601      0.718282       5.00000       4.00000       3.10376       0.00000       0.00000       0.00000       0.00000    
       66   66.0000       25.3240       23.1457       18.2117      0.119253      0.404921E-02  0.907640E-02  -307.778      -31.1070      -149.455       283.231       0.00000      -445.497       6.62517      0.718282       5.00000       4.00000       3.10383       0.00000       0.00000       0.00000       0.00000    
       67   67.0000       25.1708       23.0964       18.2159      0.127317      0.432440E-02  0.102441E-01  -285.456      -41.1061      -149.902       148.799       0.00000      -444.582       6.75389      0.718282       5.00000       4.00000       3.10475       0.00000       0.00000       0.00000       0.00000    
       68   68.0000       24.6628       22.8474       18.2270      0.784588E-01  0.266765E-02  0.687747E-02  -206.210      -19.6383      -72.2828       237.885       0.00000      -441.562       7.01427      0.718282       5.00000       4.00000       3.10717       0.00000       0.00000       0.00000       0.00000    
       69   69.0000       24.7227       22.8982       18.2268      0.113222      0.384917E-02  0.767373E-02  -245.364      -19.0392      -111.235       264.768       0.00000      -441.917       7.03364      0.718282       5.00000       4.00000       3.10713       0.00000       0.00000       0.00000       0.00000    
       70   70.0000       24.7352       22.9271       18.2277      0.699177E-01  0.237690E-02  0.836235E-02  -164.064      -18.5039      -64.4619       97.3242       0.00000      -441.992       7.08223      0.718282       5.00000       4.00000       3.10733       0.00000       0.00000       0.00000       0.00000    
       71   71.0000       24.4917       22.8027       18.2331      0.133015      0.452419E-02  0.103364E-01  -312.203      -42.9461      -165.090       187.661       0.00000      -440.548       7.21046      0.718282       5.00000       4.00000       3.10851       0.00000       0.00000       0.00000       0.00000    
       72   72.0000       24.0499       22.5753       18.2430      0.103961      0.353915E-02  0.903039E-02  -324.354      -36.3584      -149.665       306.025       0.00000      -437.938       7.46654      0.718282       5.00000       4.00000       3.11068       0.00000       0.00000       0.00000       0.00000    
       73   73.0000       23.9377       22.5370       18.2467      0.522710E-01  0.177987E-02  0.699868E-02  -253.775      -22.9856      -95.7660       300.648       0.00000      -437.277       7.59237      0.718282       5.00000       4.00000       3.11148       0.00000       0.00000       0.00000       0.00000    
       74   74.0000       24.0346       22.6148       18.2462      0.993790E-01  0.338327E-02  0.857055E-02  -266.982      -25.3233      -126.372       246.253       0.00000      -437.848       7.60601      0.718282       5.00000       4.00000       3.11136       0.00000       0.00000       0.00000       0.00000    
       75   75.0000       23.9279       22.5723       18.2495      0.115275      0.392528E-02  0.911410E-02  -318.811      -37.3536      -147.238       292.313       0.00000      -437.220       7.71122      0.718282       5.00000       4.00000       3.11209       0.00000       0.00000       0.00000       0.00000    
       76   76.0000       23.7982       22.5194       18.2535      0.723251E-01  0.246342E-02  0.733593E-02  -264.464      -25.3353      -101.202       301.159       0.00000      -436.457       7.84153      0.718282       5.00000       4.00000       3.11296       0.00000       0.00000       0.00000       0.00000    
       77   77.0000       23.8626       22.5792       18.2536      0.176058      0.599582E-02  0.104983E-01  -298.175      -39.3876      -168.261       161.107       0.00000      -436.835       7.87068      0.718282       5.00000       4.00000       3.11299       0.00000       0.00000       0.00000       0.00000    
       78   78.0000       23.4274       22.3294       18.2633      0.154635      0.527088E-02  0.867458E-02  -285.786      -28.3076      -140.050       266.427       0.00000      -434.280       8.13124      0.718282       5.00000       4.00000       3.11510       0.00000       0.00000       0.00000       0.00000    
       79   79.0000       23.3316       22.2893       18.2665      0.911267E-01  0.310673E-02  0.844863E-02  -183.963      -22.5933      -80.7528       127.249       0.00000      -433.720       8.24110      0.718282       5.00000       4.00000       3.11580       0.00000       0.00000       0.00000       0.00000    
       80   80.0000       23.1495       22.1827       18.2708      0.181501      0.619010E-02  0.109784E-01  -367.448      -58.7582      -192.332       225.757       0.00000      -432.655       8.36344      0.718282       5.00000       4.00000       3.11673       0.00000       0.00000       0.00000       0.00000    
       81   81.0000       22.7209       21.9247       18.2806      0.152291      0.519838E-02  0.107049E-01  -397.137      -58.0338      -200.817       291.565       0.00000      -430.157       8.66681      0.718282       5.00000       4.00000       3.11889       0.00000       0.00000       0.00000       0.00000    
       82   82.0000       22.3972       21.7310       18.2886      0.203090      0.693686E-02  0.109428E-01  -399.967      -44.6746      -233.158       276.824       0.00000      -428.278       8.94284      0.718282       5.00000       4.00000       3.12062       0.00000       0.00000       0.00000       0.00000    
       83   83.0000       22.0409       21.5060       18.2971      0.115997      0.396488E-02  0.981643E-02  -355.135      -52.9503      -159.024       293.735       0.00000      -426.216       9.25265      0.718282       5.00000       4.00000       3.12249       0.00000       0.00000       0.00000       0.00000    
       84   84.0000       21.8513       21.3910       18.3022      0.851972E-01  0.291323E-02  0.752169E-02  -268.778      -33.1775      -99.0148       284.419       0.00000      -425.122       9.46456      0.718282       5.00000       4.00000       3.12361       0.00000       0.00000       0.00000       0.00000    
       85   85.0000       21.8606       21.4132       18.3032      0.947960E-01  0.324139E-02  0.656853E-02  -205.821      -19.1216      -80.7994       226.748       0.00000      -425.176       9.52772      0.718282       5.00000       4.00000       3.12382       0.00000       0.00000       0.00000       0.00000    
       86   86.0000       21.8895       21.4449       18.3035      0.887229E-01  0.303356E-02  0.861049E-02  -149.444      -20.3455      -58.5476       73.3856       0.00000      -425.343       9.55618      0.718282       5.00000       4.00000       3.12390       0.00000       0.00000       0.00000       0.00000    
       87   87.0000       21.6924       21.3038       18.3079      0.113858      0.389448E-02  0.747612E-02  -159.788      -19.7188      -64.3895       133.905       0.00000      -424.207       9.70385      0.718282       5.00000       4.00000       3.12483       0.00000       0.00000       0.00000       0.00000    
       88   88.0000       21.6150       21.2521       18.3099      0.280452      0.959429E-02  0.128528E-01  -516.637      -94.4739      -285.367       272.556       0.00000      -423.762       9.78418      0.718282       5.00000       4.00000       3.12529       0.00000       0.00000       0.00000       0.00000    
       89   89.0000       21.0121       20.8117       18.3236      0.711837E-01  0.243813E-02  0.818117E-02  -279.173      -37.5778      -104.370       268.599       0.00000      -420.306       10.3512      0.718282       5.00000       4.00000       3.12828       0.00000       0.00000       0.00000       0.00000    
       90   90.0000       20.9641       20.7872       18.3256      0.140030      0.479665E-02  0.963237E-02  -292.782      -36.9520      -148.662       218.827       0.00000      -420.031       10.4720      0.718282       5.00000       4.00000       3.12871       0.00000       0.00000       0.00000       0.00000    
       91   91.0000       20.7782       20.6498       18.3302      0.101950      0.349355E-02  0.414819E-02  -177.725      -13.2776      -63.7258       223.831       0.00000      -418.970       10.7070      0.718282       5.00000       4.00000       3.12971       0.00000       0.00000       0.00000       0.00000    
       92   92.0000       20.8589       20.7263       18.3293      0.114697      0.392971E-02   0.00000      -141.471     -0.105604E-01  -52.3667       215.235       0.00000      -419.431       10.7070      0.718282       5.00000       4.00000       3.12952       0.00000       0.00000       0.00000       0.00000    
       93   93.0000       21.1657       20.8520       18.3293       0.00000      0.708143E-04   0.00000      -86.8543      0.238060E-01 -0.927843E-01   224.793       0.00000      -421.184       9.71158      0.694757       5.00000       4.00000       3.12952       0.00000       0.00000       0.00000       0.00000    
       94   94.0000       21.4559       21.0921       18.3293      0.143022      0.489435E-02  0.690357E-02  -155.040       4.92969      -94.6853       144.817       0.00000      -422.848       9.61549      0.694755       5.00000       4.00000       3.12952       0.00000       0.00000       0.00000       0.00000    
       95   95.0000       21.4150       21.0682       18.3660      0.140435      0.480623E-02  0.816215E-02  -261.866      -25.3479      -121.178       247.107       0.00000      -422.613       9.70851      0.713362       5.00000       4.00000       3.13753       0.00000       0.00000       0.00000       0.00000    
       96   96.0000       21.3538       21.0363       18.3776      0.622157E-01  0.212952E-02  0.287878E-02  -191.028      -13.3060      -55.9373       258.113       0.00000      -422.262       9.83462      0.718282       5.00000       4.00000       3.14007       0.00000       0.00000       0.00000       0.00000    
       97   97.0000       21.4813       21.1501       18.3760      0.892989E-01  0.305574E-02  0.504240E-02  -199.412      -13.3682      -70.9537       248.043       0.00000      -422.994       9.83463      0.718282       5.00000       4.00000       3.13973       0.00000       0.00000       0.00000       0.00000    
       98   98.0000       21.5720       21.2310       18.3752      0.132994      0.455014E-02  0.965087E-02  -257.510      -29.6851      -134.390       169.094       0.00000      -423.515       9.83464      0.718282       5.00000       4.00000       3.13954       0.00000       0.00000       0.00000       0.00000    
       99   99.0000       21.3427       21.0679       18.3805      0.241604      0.826978E-02  0.853524E-02  -226.758      -12.2795      -126.766       183.628       0.00000      -422.198       10.0583      0.718282       5.00000       4.00000       3.14071       0.00000       0.00000       0.00000       0.00000    
      100   100.000       21.2234       20.9854       18.3836      0.205535      0.703689E-02  0.925660E-02  -245.164      -16.1063      -142.925       174.303       0.00000      -421.514       10.2025      0.718282       5.00000       4.00000       3.14139       0.00000       0.00000       0.00000       0.00000    
      101   101.000       21.0428       20.8535       18.3880      0.981663E-01  0.336212E-02  0.913557E-02  -308.750      -38.2672      -131.294       266.424       0.00000      -420.481       10.4036      0.718282       5.00000       4.00000       3.14233       0.00000       0.00000       0.00000       0.00000    
      102   102.000       20.9231       20.7725       18.3914      0.136692      0.468270E-02  0.102272E-01  -269.992      -42.7072      -132.144       154.866       0.00000      -419.797       10.5935      0.718282       5.00000       4.00000       3.14307       0.00000       0.00000       0.00000       0.00000    
      103   103.000       20.6539       20.5618       18.3974      0.220033      0.754180E-02  0.886521E-02  -208.797      -20.4901      -110.256       145.316       0.00000      -418.262       10.8933      0.718282       5.00000       4.00000       3.14440       0.00000       0.00000       0.00000       0.00000    
      104   104.000       20.5040       20.4431       18.4010      0.195045      0.668728E-02  0.570324E-02  -180.539      -3.51785      -83.7910       203.927       0.00000      -417.409       11.0843      0.718282       5.00000       4.00000       3.14517       0.00000       0.00000       0.00000       0.00000    
      105   105.000       20.5389       20.4790       18.4009      0.153459      0.526113E-02  0.924614E-02  -305.023      -30.1035      -150.510       255.655       0.00000      -417.608       11.0994      0.718282       5.00000       4.00000       3.14516       0.00000       0.00000       0.00000       0.00000    
      106   106.000       20.4141       20.3854       18.4043      0.122356      0.419584E-02  0.917663E-02  -302.687      -35.1022      -135.023       256.018       0.00000      -416.898       11.3209      0.718282       5.00000       4.00000       3.14590       0.00000       0.00000       0.00000       0.00000    
      107   107.000       20.2966       20.2966       20.2966      0.913455E-01  0.313315E-02  0.856180E-02  -282.167      -34.1457      -108.780       255.535       0.00000      -416.231       11.5500      0.500000       5.00000       4.00000       3.55918       0.00000       0.00000       0.00000       0.00000    
      108   108.000       20.2427       20.2427       20.2427      0.791899E-01  0.271651E-02  0.841250E-02  -237.625      -30.2447      -86.7949       202.845       0.00000      -415.926       11.5500      0.500000       5.00000       4.00000       3.54741       0.00000       0.00000       0.00000       0.00000    
      109   109.000       20.1744       20.1744       20.1744      0.857729E-01  0.294272E-02  0.974091E-02  -169.253      -25.1975      -73.8121       53.6448       0.00000      -415.538       11.5500      0.500000       5.00000       4.00000       3.53249       0.00000       0.00000       0.00000       0.00000    
      110   110.000       19.9622       19.9622       19.9622      0.120636      0.414055E-02  0.747393E-02  -183.655      -16.8714      -77.2233       163.138       0.00000      -414.337       11.5500      0.500000       5.00000       4.00000       3.48614       0.00000       0.00000       0.00000       0.00000    
      111   111.000       19.9194       19.9194       19.9194      0.799964E-01  0.274593E-02  0.947013E-02  -139.826      -20.8025      -51.5200       26.3448       0.00000      -414.095       11.5500      0.500000       5.00000       4.00000       3.47679       0.00000       0.00000       0.00000       0.00000    
      112   112.000       19.7111       19.7111       19.7111      0.230782      0.792502E-02  0.129044E-01  -361.948      -92.9147      -189.115       72.0869       0.00000      -412.919       11.5500      0.500000       5.00000       4.00000       3.43130       0.00000       0.00000       0.00000       0.00000    
      113   113.000       19.1887       19.1887       19.1887      0.106318      0.365472E-02  0.102695E-01  -347.972      -62.8960      -131.673       245.454       0.00000      -409.981       11.5500      0.500000       5.00000       4.00000       3.31720       0.00000       0.00000       0.00000       0.00000    
      114   114.000       19.0001       19.0001       19.0001      0.107682      0.370298E-02  0.101055E-01  -298.470      -54.3108      -120.690       188.194       0.00000      -408.924       11.5500      0.500000       5.00000       4.00000       3.27602       0.00000       0.00000       0.00000       0.00000    
      115   115.000       18.7978       18.7978       18.7978      0.108594      0.373584E-02  0.804733E-02  -236.885      -31.7672      -86.7361       206.094       0.00000      -407.792       11.5500      0.500000       5.00000       4.00000       3.23183       0.00000       0.00000       0.00000       0.00000    
      116   116.000       18.7371       18.7371       18.7371      0.786537E-01  0.270615E-02  0.449465E-02  -178.686      -14.2516      -48.6898       215.168       0.00000      -407.453       11.5500      0.500000       5.00000       4.00000       3.21858       0.00000       0.00000       0.00000       0.00000    
      117   117.000       18.7963       18.7963       18.7963      0.753419E-01  0.259191E-02  0.366448E-02  -151.808      -10.0980      -39.4797       188.389       0.00000      -407.784       11.5500      0.500000       5.00000       4.00000       3.23150       0.00000       0.00000       0.00000       0.00000    
      118   118.000       18.8556       18.8556       18.8556      0.119743      0.411892E-02  0.394849E-02  -136.872     -0.157135      -52.8747       166.501       0.00000      -408.115       11.5500      0.500000       5.00000       4.00000       3.24446       0.00000       0.00000       0.00000       0.00000    
      119   119.000       18.9025       18.9025       18.9025      0.678810E-01  0.233475E-02  0.665971E-02  -67.7802      -2.65633      -14.7354       30.4572       0.00000      -408.378       11.5500      0.500000       5.00000       4.00000       3.25471       0.00000       0.00000       0.00000       0.00000    
      120   120.000       18.8303       18.8303       18.8303      0.265123      0.912013E-02  0.963875E-02  -207.900      -27.4924      -117.474       94.6236       0.00000      -407.974       11.5500      0.500000       5.00000       4.00000       3.23893       0.00000       0.00000       0.00000       0.00000    
      121   121.000       18.6227       18.6227       18.6227      0.261286      0.899182E-02  0.136279E-01  -562.793      -123.211      -282.420       227.990       0.00000      -406.815       11.5500      0.500000       5.00000       4.00000       3.19360       0.00000       0.00000       0.00000       0.00000    
      122   122.000       18.0206       18.0206       18.0206      0.103393      0.356235E-02  0.960332E-02  -281.441      -47.3319      -112.026       182.463       0.00000      -403.467       11.5500      0.500000       5.00000       4.00000       3.06210       0.00000       0.00000       0.00000       0.00000    
      123   123.000       17.8388       17.8388       17.8388      0.871843E-01  0.300496E-02  0.728352E-02  -216.584      -24.8297      -70.9919       200.961       0.00000      -402.461       11.5500      0.500000       5.00000       4.00000       3.02240       0.00000       0.00000       0.00000       0.00000    
      124   124.000       17.8055       17.8055       17.8055      0.155152      0.534793E-02  0.884063E-02  -211.872      -29.7814      -99.2707       130.062       0.00000      -402.277       11.5500      0.500000       5.00000       4.00000       3.01513       0.00000       0.00000       0.00000       0.00000    
      125   125.000       17.6544       17.6544       17.6544      0.175210      0.604111E-02  0.576520E-02  -157.608      -2.04306      -68.7961       164.628       0.00000      -401.441       11.5500      0.500000       5.00000       4.00000       2.98212       0.00000       0.00000       0.00000       0.00000    
      126   126.000       17.6615       17.6615       17.6615      0.120623      0.415895E-02  0.980528E-02  -288.485      -44.3108      -129.000       174.584       0.00000      -401.481       11.5500      0.500000       5.00000       4.00000       2.98368       0.00000       0.00000       0.00000       0.00000    
      127   127.000       17.4533       17.4533       17.4533      0.141975      0.489712E-02  0.101365E-01  -255.173      -50.6672      -121.608       106.502       0.00000      -400.332       11.5500      0.500000       5.00000       4.00000       2.93820       0.00000       0.00000       0.00000       0.00000    
      128   128.000       17.1832       17.1832       17.1832      0.156121      0.538790E-02  0.774594E-02  -161.319      -17.8823      -75.2557       107.387       0.00000      -398.846       11.5500      0.500000       5.00000       4.00000       2.87922       0.00000       0.00000       0.00000       0.00000    
      129   129.000       17.0820       17.0820       17.0820      0.129264      0.446193E-02  0.990593E-02  -321.706      -55.1913      -131.230       202.450       0.00000      -398.290       11.5500      0.500000       5.00000       4.00000       2.85711       0.00000       0.00000       0.00000       0.00000    
      130   130.000       16.8645       16.8645       16.8645      0.655270E-01  0.226282E-02  0.795158E-02  -230.267      -33.0531      -68.6102       186.174       0.00000      -397.097       11.5500      0.500000       5.00000       4.00000       2.80960       0.00000       0.00000       0.00000       0.00000    
      131   131.000       16.7809       16.7809       16.7809      0.113971      0.393637E-02  0.818193E-02  -236.735      -33.5544      -83.7375       183.573       0.00000      -396.640       11.5500      0.500000       5.00000       4.00000       2.79134       0.00000       0.00000       0.00000       0.00000    
      132   132.000       16.6811       16.6811       16.6811      0.817244E-01  0.282317E-02  0.645752E-02  -158.057      -17.3375      -45.6668       144.152       0.00000      -396.094       11.5500      0.500000       5.00000       4.00000       2.76956       0.00000       0.00000       0.00000       0.00000    
      133   133.000       16.6514       16.6514       16.6514      0.388124E-01  0.134085E-02  0.602580E-02  -95.3816      -10.8369      -27.3487       73.8821       0.00000      -395.931       11.5500      0.500000       5.00000       4.00000       2.76306       0.00000       0.00000       0.00000       0.00000    
      134   134.000       16.6081       16.6081       16.6081      0.409865E-01  0.141608E-02  0.556314E-02  -107.158      -10.1038      -26.2231       99.8976       0.00000      -395.695       11.5500      0.500000       5.00000       4.00000       2.75362       0.00000       0.00000       0.00000       0.00000    
      135   135.000       16.5903       16.5903       16.5903      0.313962E-01  0.108478E-02  0.547111E-02  -138.369      -12.3379      -29.6617       142.527       0.00000      -395.598       11.5500      0.500000       5.00000       4.00000       2.74972       0.00000       0.00000       0.00000       0.00000    
      136   136.000       16.5927       16.5927       16.5927      0.643627E-01  0.222380E-02  0.509882E-02  -134.180      -9.70299      -29.5017       144.318       0.00000      -395.611       11.5500      0.500000       5.00000       4.00000       2.75025       0.00000       0.00000       0.00000       0.00000    
      137   137.000       16.6058       16.6058       16.6058      0.189040      0.653134E-02  0.821750E-02  -137.642      -19.8202      -68.3271       50.8463       0.00000      -395.683       11.5500      0.500000       5.00000       4.00000       2.75312       0.00000       0.00000       0.00000       0.00000    
      138   138.000       16.4463       16.4463       16.4463      0.283999      0.981524E-02  0.123649E-01  -477.784      -103.767      -235.490       179.166       0.00000      -394.812       11.5500      0.500000       5.00000       4.00000       2.71828       0.00000       0.00000       0.00000       0.00000    
      139   139.000       15.9096       15.9096       15.9096      0.856991E-01  0.296494E-02  0.865735E-02  -254.115      -41.0624      -80.6013       172.255       0.00000      -391.893       11.5500      0.500000       5.00000       4.00000       2.60105       0.00000       0.00000       0.00000       0.00000    
      140   140.000       15.7591       15.7591       15.7591      0.220949      0.764645E-02  0.108726E-01  -271.971      -62.7586      -148.993       35.2030       0.00000      -391.078       11.5500      0.500000       5.00000       4.00000       2.56818       0.00000       0.00000       0.00000       0.00000    
      141   141.000       15.3328       15.3328       15.3328      0.354841      0.122903E-01  0.123788E-01  -504.670      -124.037      -240.736       169.021       0.00000      -388.775       11.5500      0.500000       5.00000       4.00000       2.47508       0.00000       0.00000       0.00000       0.00000    
      142   142.000       14.7305       14.7305       14.7305      0.993218E-01  0.344414E-02  0.905731E-02  -238.804      -49.3989      -92.1015       109.130       0.00000      -385.538       11.5500      0.500000       5.00000       4.00000       2.34354       0.00000       0.00000       0.00000       0.00000    
      143   143.000       14.4953       14.4953       14.4953      0.164675      0.571298E-02  0.806874E-02  -126.261      -23.2199      -56.2494       18.3917       0.00000      -384.280       11.5500      0.500000       5.00000       4.00000       2.29218       0.00000       0.00000       0.00000       0.00000    
      144   144.000       14.2991       14.2991       14.2991      0.102156      0.354540E-02  0.644051E-02  -93.2840      -14.8230      -32.1220       45.8794       0.00000      -383.232       11.5500      0.500000       5.00000       4.00000       2.24933       0.00000       0.00000       0.00000       0.00000    
      145   145.000       14.2107       14.2107       14.2107      0.140565      0.487921E-02  0.821690E-02  -186.041      -37.9694      -79.8336       83.8938       0.00000      -382.761       11.5500      0.500000       5.00000       4.00000       2.23001       0.00000       0.00000       0.00000       0.00000    
      146   146.000       14.0247       14.0247       14.0247      0.803677E-01  0.279070E-02  0.710552E-02  -127.000      -25.6984      -44.3643       61.0889       0.00000      -381.771       11.5500      0.500000       5.00000       4.00000       2.18940       0.00000       0.00000       0.00000       0.00000    
      147   147.000       13.9034       13.9034       13.9034      0.138934      0.482549E-02  0.863586E-02  -221.047      -50.2804      -86.5732       98.3008       0.00000      -381.127       11.5500      0.500000       5.00000       4.00000       2.16291       0.00000       0.00000       0.00000       0.00000    
      148   148.000       13.6809       13.6809       13.6809      0.900690E-01  0.312965E-02  0.775092E-02  -169.882      -34.8959      -61.5441       81.0526       0.00000      -379.946       11.5500      0.500000       5.00000       4.00000       2.11431       0.00000       0.00000       0.00000       0.00000    
      149   149.000       13.5189       13.5189       13.5189      0.620636E-01  0.215722E-02  0.717207E-02  -166.492      -27.5083      -49.9082       103.954       0.00000      -379.089       11.5500      0.500000       5.00000       4.00000       2.07893       0.00000       0.00000       0.00000       0.00000    
      150   150.000       13.4038       13.4038       13.4038      0.584147E-01  0.203084E-02  0.740948E-02  -204.023      -32.3358      -53.4231       139.778       0.00000      -378.480       11.5500      0.500000       5.00000       4.00000       2.05379       0.00000       0.00000       0.00000       0.00000    
      151   151.000       13.2857       13.2857       13.2857      0.783248E-01  0.272365E-02  0.656985E-02  -120.364      -21.2457      -39.4952       67.7882       0.00000      -377.856       11.5500      0.500000       5.00000       4.00000       2.02799       0.00000       0.00000       0.00000       0.00000    
      152   152.000       13.1884       13.1884       13.1884      0.101411      0.352713E-02  0.713661E-02  -103.694      -21.4917      -34.9999       19.6618       0.00000      -377.343       11.5500      0.500000       5.00000       4.00000       2.00674       0.00000       0.00000       0.00000       0.00000    
      153   153.000       13.0351       13.0351       13.0351      0.337918      0.117564E-01  0.110900E-01  -450.970      -111.887      -202.953       147.170       0.00000      -376.536       11.5500      0.500000       5.00000       4.00000       1.97327       0.00000       0.00000       0.00000       0.00000    
      154   154.000       12.4905       12.4905       12.4905      0.169835      0.591491E-02  0.102306E-01  -396.051      -101.101      -146.837       148.183       0.00000      -373.678       11.5500      0.500000       5.00000       4.00000       1.85432       0.00000       0.00000       0.00000       0.00000    
      155   155.000       12.0457       12.0457       12.0457      0.800346E-01  0.278978E-02  0.868117E-02  -211.488      -62.5123      -73.3224       38.3192       0.00000      -371.355       11.5500      0.500000       5.00000       4.00000       1.75717       0.00000       0.00000       0.00000       0.00000    
      156   156.000       11.7341       11.7341       11.7341      0.219127      0.764274E-02  0.625853E-02  -97.6496      -15.6053      -45.4173       34.7998       0.00000      -369.735       11.5500      0.500000       5.00000       4.00000       1.68912       0.00000       0.00000       0.00000       0.00000    
      157   157.000       11.6191       11.6191       11.6191      0.277485      0.968030E-02  0.107482E-01  -461.471      -134.121      -191.803       125.960       0.00000      -369.139       11.5500      0.500000       5.00000       4.00000       1.66402       0.00000       0.00000       0.00000       0.00000    
      158   158.000       11.0185       11.0185       11.0185      0.107910      0.376890E-02  0.914455E-02  -315.058      -92.1844      -100.680       92.8154       0.00000      -366.035       11.5500      0.500000       5.00000       4.00000       1.53285       0.00000       0.00000       0.00000       0.00000    
      159   159.000       10.6199       10.6199       10.6199      0.133297      0.465916E-02  0.880440E-02  -250.014      -90.7338      -92.3315       25.0910       0.00000      -363.985       11.5500      0.500000       5.00000       4.00000       1.44580       0.00000       0.00000       0.00000       0.00000    
      160   160.000       10.2168       10.2168       10.2168      0.163888      0.573284E-02  0.913017E-02  -375.427      -118.414      -113.006       132.365       0.00000      -361.921       11.5500      0.500000       5.00000       4.00000       1.35774       0.00000       0.00000       0.00000       0.00000    
      161   161.000       9.78139       9.78139       9.78139      0.859296E-01  0.300835E-02  0.740345E-02  -242.899      -61.1589      -58.7846       112.034       0.00000      -359.702       11.5500      0.500000       5.00000       4.00000       1.26265       0.00000       0.00000       0.00000       0.00000    
      162   162.000       9.54602       9.54602       9.54602      0.685408E-01  0.240066E-02  0.728851E-02  -252.019      -60.0512      -56.9629       125.065       0.00000      -358.506       11.5500      0.500000       5.00000       4.00000       1.21125       0.00000       0.00000       0.00000       0.00000    
      163   163.000       9.31771       9.31771       9.31771      0.592114E-01  0.207481E-02  0.718361E-02  -249.343      -60.4145      -55.8492       121.901       0.00000      -357.350       11.5500      0.500000       5.00000       4.00000       1.16139       0.00000       0.00000       0.00000       0.00000    
      164   164.000       9.08861       9.08861       9.08861      0.104377      0.365906E-02  0.716325E-02  -248.994      -62.9853      -64.8759       114.121       0.00000      -356.192       11.5500      0.500000       5.00000       4.00000       1.11135       0.00000       0.00000       0.00000       0.00000    
      165   165.000       8.84637       8.84637       8.84637      0.722932E-01  0.253549E-02  0.680179E-02  -222.711      -53.6095      -55.4445       101.168       0.00000      -354.971       11.5500      0.500000       5.00000       4.00000       1.05845       0.00000       0.00000       0.00000       0.00000    
      166   166.000       8.62797       8.62797       8.62797      0.824895E-01  0.289432E-02  0.610082E-02  -129.219      -37.8271      -41.3501       25.4821       0.00000      -353.872       11.5500      0.500000       5.00000       4.00000       1.01075       0.00000       0.00000       0.00000       0.00000    
      167   167.000       8.44140       8.44140       8.44140      0.983225E-01  0.345109E-02  0.458206E-02  -95.6254      -20.9846      -26.2843       61.6116       0.00000      -352.936       11.5500      0.500000       5.00000       4.00000      0.970002       0.00000       0.00000       0.00000       0.00000    
      168   168.000       8.37907       8.37907       8.37907      0.118747      0.416849E-02  0.654213E-02  -221.107      -52.8655      -64.7116       102.047       0.00000      -352.623       11.5500      0.500000       5.00000       4.00000      0.956389       0.00000       0.00000       0.00000       0.00000    
      169   169.000       8.16528       8.16528       8.16528      0.974596E-01  0.342261E-02  0.641323E-02  -210.687      -52.3120      -58.2039       90.2819       0.00000      -351.554       11.5500      0.500000       5.00000       4.00000      0.909697       0.00000       0.00000       0.00000       0.00000    
      170   170.000       7.94918       7.94918       7.94918      0.137820      0.484200E-02  0.732612E-02  -298.869      -86.5349      -93.0409       99.7542       0.00000      -350.475       11.5500      0.500000       5.00000       4.00000      0.862500       0.00000       0.00000       0.00000       0.00000    
      171   171.000       7.59297       7.59297       7.59297      0.176629      0.620969E-02  0.757205E-02  -356.046      -110.571      -111.623       112.548       0.00000      -348.701       11.5500      0.500000       5.00000       4.00000      0.784704       0.00000       0.00000       0.00000       0.00000    
      172   172.000       7.15784       7.15784       7.15784      0.694577E-01  0.244395E-02  0.561321E-02  -171.669      -48.9552      -47.8145       60.9555       0.00000      -346.545       11.5500      0.500000      0.367129       7.19724     -0.117194       0.00000       0.00000       0.00000       0.00000    
      173   173.000       6.96084       6.96084       6.96084      0.961753E-01  0.338531E-02  0.470650E-02  -114.515      -36.8873      -34.7005       46.9637       0.00000      -345.571       11.5500      0.500000      0.284799       7.28247      -1.23322       0.00000       0.00000       0.00000       0.00000    
      174   174.000       6.84271       6.84271       6.84271      0.147484      0.519251E-02  0.536417E-02  -168.199      -53.3228      -56.1131       61.5169       0.00000      -344.989       11.5500      0.500000      0.464644       7.09467     -0.592166       0.00000       0.00000       0.00000       0.00000    
      175   175.000       6.65373       6.65373       6.65373      0.194193      0.683949E-02  0.599141E-02  -243.992      -74.6864      -82.9536       82.7144       0.00000      -344.058       11.5500      0.500000      0.421424       7.13891      -1.25720       0.00000       0.00000       0.00000       0.00000    
      176   176.000       6.36869       6.36869       6.36869      0.186627      0.657660E-02  0.607560E-02  -284.213      -85.2001      -91.9075       95.8004       0.00000      -342.659       11.5500      0.500000      0.389229       7.17202      -2.25376       0.00000       0.00000       0.00000       0.00000    
      177   177.000       6.03710       6.03710       6.03710      0.710588E-01  0.250566E-02  0.452481E-02  -174.777      -32.4778      -37.7375       96.1320       0.00000      -341.035       11.5500      0.500000      0.394753       7.16632      -3.12375       0.00000       0.00000       0.00000       0.00000    
      178   178.000       5.90255       5.90255       5.90255      0.869364E-01  0.306631E-02  0.456306E-02  -188.987      -37.1864      -41.4591       101.829       0.00000      -340.379       11.5500      0.500000      0.466026       7.09281      -2.78903       0.00000       0.00000       0.00000       0.00000    
      179   179.000       5.75225       5.75225       5.75225      0.664175E-01  0.234327E-02  0.425951E-02  -173.943      -31.5345      -34.7778       99.2273       0.00000      -339.646       11.5500      0.500000      0.513070       7.04468      -2.75075       0.00000       0.00000       0.00000       0.00000    
      180   180.000       5.62404       5.62404       5.62404      0.481715E-01  0.169995E-02  0.412338E-02  -169.941      -30.9875      -33.7542       96.8273       0.00000      -339.022       11.5500      0.500000      0.557056       6.99990      -2.69711       0.00000       0.00000       0.00000       0.00000    
      181   181.000       5.49859       5.49859       5.49859      0.831337E-01  0.293446E-02  0.357478E-02  -131.103      -23.0859      -28.2953       82.9485       0.00000      -338.412       11.5500      0.500000      0.595155       6.96132      -2.68384       0.00000       0.00000       0.00000       0.00000    
      182   182.000       5.41758       5.41758       5.41758      0.110031      0.388450E-02  0.310395E-02  -70.6194      -21.1522      -24.2034       31.2059       0.00000      -338.019       11.5500      0.500000      0.638871       6.91723      -2.56331       0.00000       0.00000       0.00000       0.00000    
      183   183.000       5.35193       5.35193       5.35193      0.104784      0.369970E-02  0.394318E-02  -162.677      -35.0734      -42.8469       81.3496       0.00000      -337.700       11.5500      0.500000      0.680529       6.87543      -2.44466       0.00000       0.00000       0.00000       0.00000    
      184   184.000       5.21141       5.21141       5.21141      0.107215      0.378657E-02  0.357719E-02  -144.059      -30.1324      -36.5181       79.0801       0.00000      -337.019       11.5500      0.500000      0.699355       6.85664      -2.56892       0.00000       0.00000       0.00000       0.00000    
      185   185.000       5.10022       5.10022       5.10022      0.124644      0.440306E-02  0.406730E-02  -201.688      -51.4198      -53.1192       87.2099       0.00000      -336.481       11.5500      0.500000      0.725626       6.83046      -2.60384       0.00000       0.00000       0.00000       0.00000    
      186   186.000       4.90094       4.90094       4.90094      0.156794      0.554084E-02  0.420635E-02  -249.469      -70.0337      -74.6251       88.7638       0.00000      -335.518       11.5500      0.500000      0.730369       6.82575      -2.87785       0.00000       0.00000       0.00000       0.00000    
      187   187.000       4.61980       4.61980       4.61980      0.106258      0.375700E-02  0.311911E-02  -175.011      -35.1517      -43.6565       89.4180       0.00000      -334.163       11.5500      0.500000      0.721838       6.83422      -3.34997       0.00000       0.00000       0.00000       0.00000    
      188   188.000       4.47329       4.47329       4.47329      0.161391      0.570798E-02  0.317167E-02  -213.651      -51.7660      -64.9473       89.2980       0.00000      -333.459       11.5500      0.500000      0.749219       6.80701      -3.40143       0.00000       0.00000       0.00000       0.00000    
      189   189.000       4.25784       4.25784       4.25784      0.174146      0.616162E-02  0.300131E-02  -287.915      -89.0548      -84.8107       90.6024       0.00000      -332.425       11.5500      0.500000      0.761640       6.79470      -3.63723       0.00000       0.00000       0.00000       0.00000    
      190   190.000       3.91286       3.91286       3.91286      0.120915      0.428104E-02   0.00000      -250.947      -67.6904      -60.3259       97.1116       0.00000      -330.774       11.5500      0.500000      0.751904       6.80433      -4.19933       0.00000       0.00000       0.00000       0.00000    
      191   191.000       3.64631       3.64631       3.64631      0.866583E-01  0.306973E-02   0.00000      -107.574      -36.6994      -31.7686       35.2729       0.00000      -329.503       11.5500      0.500000      0.765048       6.79132      -4.48907       0.00000       0.00000       0.00000       0.00000    
      192   192.000       3.52552       3.52552       3.52552      0.140062      0.496262E-02  0.155552E-02  -4.22786       5.80589     -0.524006       29.7844       0.00000      -328.928       11.5500      0.500000      0.804596       6.75222      -4.37929       0.00000       0.00000       0.00000       0.00000    
      193   193.000       3.57883       3.57883       3.57883      0.188357      0.667308E-02   0.00000      -106.395      -28.1508      -51.4122       36.7581       0.00000      -329.182       11.5500      0.500000      0.869625       6.68823      -3.90452       0.00000       0.00000       0.00000       0.00000    
      194   194.000       3.46174       3.46174       3.46174      0.222648      0.788972E-02   0.00000      -196.532      -51.2373      -68.3640       74.8626       0.00000      -328.625       11.5500      0.500000      0.898477       6.66006      -3.88721       0.00000       0.00000       0.00000       0.00000    
      195   195.000       3.25193       3.25193       3.25193      0.135590      0.480666E-02   0.00000      -171.794      -44.1141      -51.8594       69.6987       0.00000      -327.629       11.5500      0.500000      0.908685       6.65013      -4.08374       0.00000       0.00000       0.00000       0.00000    
      196   196.000       3.07734       3.07734       3.07734      0.168023      0.595842E-02   0.00000      -93.2449      -31.9025      -37.1972       8.29108       0.00000      -326.802       11.5500      0.500000      0.926606       6.63272      -4.18999       0.00000       0.00000       0.00000       0.00000    
      197   197.000       2.93350       2.93350       2.93350      0.301619      0.106989E-01   0.00000      -269.376      -91.1635      -91.3751       74.3727       0.00000      -326.122       11.5500      0.500000      0.949997       6.61004      -4.22611       0.00000       0.00000       0.00000       0.00000    
      198   198.000       2.59368       2.59368       2.59368      0.238022      0.844852E-02   0.00000      -206.967      -61.6734      -71.8149       69.3500       0.00000      -324.519       11.5500      0.500000      0.938588       6.62107      -4.68567       0.00000       0.00000       0.00000       0.00000    
      199   199.000       2.35690       2.35690       2.35690      0.213258      0.757297E-02   0.00000      -275.350      -95.7976      -80.7082       79.7131       0.00000      -323.406       11.5500      0.500000      0.949897       6.61012      -4.88950       0.00000       0.00000       0.00000       0.00000    
      200   200.000       2.01713       2.01713       2.01713      0.123329      0.438237E-02   0.00000      -163.211      -59.4795      -48.9113       46.8165       0.00000      -321.814       11.5500      0.500000      0.946294       6.61361      -5.30422       0.00000       0.00000       0.00000       0.00000    
      201   201.000       1.81926       1.81926       1.81926      0.164462      0.584620E-02  0.124967E-02  -12.0326       1.06720      -5.78959       18.3501       0.00000      -320.889       11.5500      0.500000      0.968006       6.59261      -5.38478       0.00000       0.00000       0.00000       0.00000    
      202   202.000       1.84009       1.84009       1.84009      0.188989      0.671779E-02  0.253661E-02  -24.5293       11.3267      -9.93281       54.3625       0.00000      -320.986       11.5500      0.500000       1.02105       6.54144      -5.02802       0.00000       0.00000       0.00000       0.00000    
      203   203.000       1.90216       1.90216       1.90216      0.184104      0.654335E-02   0.00000      -233.906      -61.9985      -67.3119       90.9601       0.00000      -321.276       11.5500      0.500000       1.07708       6.48777      -4.64912       0.00000       0.00000       0.00000       0.00000    
      204   204.000       1.65582       1.65582       1.65582      0.218154      0.775722E-02   0.00000      -258.618      -100.898      -82.0514       60.2443       0.00000      -320.127       11.5500      0.500000       1.08017       6.48483      -4.88190       0.00000       0.00000       0.00000       0.00000    
      205   205.000       1.31117       1.31117       1.31117      0.381196      0.135637E-01   0.00000      -454.583      -215.537      -114.027       85.4509       0.00000      -318.524       11.5500      0.500000       1.06975       6.49473      -5.29137       0.00000       0.00000       0.00000       0.00000    
      206   206.000      0.663114      0.663114      0.663114      0.144282      0.514022E-02   0.00000      -221.640      -103.105      -59.9393       46.7227       0.00000      -315.526       11.5500      0.500000       1.01882       6.54322      -6.30245       0.00000       0.00000       0.00000       0.00000    
      207   207.000      0.362782      0.362782      0.362782      0.330086      0.117664E-01   0.00000      -336.397      -150.643      -89.6847       75.3854       0.00000      -314.144       11.5500      0.500000       1.02934       6.53314      -6.54595       0.00000       0.00000       0.00000       0.00000    
      208   208.000       0.00000       0.00000       0.00000      0.363994      0.129842E-01   0.00000       0.00000      -150.212      -87.4439       69.1271       0.00000      -312.481       11.5500      0.500000       1.03299       6.52966      -6.90269       0.00000       0.00000       0.00000       0.00000    
      209   209.000       0.00000      0.135391      0.270782      0.261624      0.957206E-02   0.00000     -0.128006E-01   27.6125      -1.44238       0.00000       0.00000      -256.730       0.00000      0.500000       1.11586       6.45039      -6.04749      0.928868E-01   0.00000      -13.0953      -13.0953    
      210   210.000       0.00000      0.146139      0.292278      0.248186      0.885314E-02   0.00000     -0.138168E-01  -152.348      -99.2435       0.00000       0.00000      -312.481       0.00000      0.500000       1.16376       6.40506      -5.73584      0.883328E-01   0.00000       0.00000       0.00000    
      211   211.000       0.00000      0.156331      0.312661       0.00000      0.931939E-04   0.00000     -0.147803E-01  0.119463      0.173875E-01   0.00000       0.00000      -226.625       0.00000      0.500000       1.20926       6.36227      -5.46299      0.168381       0.00000      -21.0792      -21.0792    
      212   212.000       0.00000      0.166034      0.332068      0.815163E-01  0.290779E-02   0.00000     -0.156978E-01  -53.8049      -38.0173       0.00000       0.00000      -312.481       0.00000      0.500000       1.25265       6.32171      -5.22147      0.166362       0.00000       0.00000       0.00000    
      213   213.000       0.00000      0.175306      0.350612       0.00000      0.729066E-04   0.00000     -0.165744E-01  0.183864E-01 -0.647391E-02   0.00000       0.00000      -273.957       0.00000      0.500000       1.29419       6.28311      -5.00569      0.194619       0.00000      -8.83843      -8.83843    
      214   214.000       0.00000      0.184192      0.368384      0.148589      0.531125E-02   0.00000     -0.174145E-01  -63.1316      -48.4172       0.00000       0.00000      -307.626       0.00000      0.500000       1.33406       6.24626      -4.81136      0.197936       0.00000      -1.06704      -1.06704    
      215   215.000       0.00000      0.192730      0.385461       0.00000      0.685427E-04   0.00000     -0.182218E-01  0.138267      0.417959E-01   0.00000       0.00000      -248.122       0.00000      0.500000       1.37244       6.21099      -4.63516      0.237571       0.00000      -15.3032      -15.3032    
