Results from FLAKE simulations.
 No     time         Ts            Tm            Tb            ufr_a         ufr_w         Wconv         Qw            Q_se          Q_la          I_w           Q_lwa         Q_lww         h_ML          C_T           H_B1          T_B1          Qbot          H_ice         H_snow        T_ice         T_snow   
        0   0.00000       17.2000       17.2000       8.00000      0.128039      0.441863E-02  0.106763E-01  -246.753      -65.4982      -107.395       52.2926       0.00000      -398.938       11.5500      0.500000       5.00000       4.00000      0.873600       0.00000       0.00000       0.00000       0.00000    
        1   1.00000       16.8521       16.8521       16.8521      0.208576      0.720284E-02  0.697869E-02  -284.157      -44.4343      -138.897       293.473       0.00000      -397.029       11.5500      0.500000       5.00000       4.00000       2.80689       0.00000       0.00000       0.00000       0.00000    
        2   2.00000       16.8636       16.8636       16.8636      0.146480      0.505836E-02  0.815340E-02  -242.002      -38.9592      -127.698       192.550       0.00000      -397.092       11.5500      0.500000       5.00000       4.00000       2.80940       0.00000       0.00000       0.00000       0.00000    
        3   3.00000       16.7704       16.7704       16.7704      0.750867E-01  0.259342E-02   0.00000      -175.912      -12.5129      -55.8076       339.345       0.00000      -396.582       11.5500      0.500000       5.00000       4.00000       2.78906       0.00000       0.00000       0.00000       0.00000    
        4   4.00000       17.0859       17.0564       16.7704      0.197646      0.682229E-02  0.658585E-02  -197.655      -16.0411      -117.352       192.680       0.00000      -398.312       9.38999      0.500000       5.00000       4.00000       2.78906       0.00000       0.00000       0.00000       0.00000    
        5   5.00000       17.0516       17.0425       16.7578      0.238687      0.823946E-02  0.627923E-02  -207.694      -12.7258      -126.493       216.132       0.00000      -398.123       10.9063      0.553749       5.00000       4.00000       2.78630       0.00000       0.00000       0.00000       0.00000    
        6   6.00000       17.0525       17.0525       17.0525      0.175167      0.604676E-02  0.895096E-02  -151.996      -25.6996      -73.0540       37.6116       0.00000      -398.128       11.5500      0.500000       5.00000       4.00000       2.85067       0.00000       0.00000       0.00000       0.00000    
        7   7.00000       16.8437       16.8437       16.8437      0.151944      0.524723E-02  0.819745E-02  -117.066      -22.1297      -42.5208       27.2980       0.00000      -396.984       11.5500      0.500000       5.00000       4.00000       2.80507       0.00000       0.00000       0.00000       0.00000    
        8   8.00000       16.6788       16.6788       16.6788      0.114292      0.394824E-02   0.00000      -129.008      -10.3866      -48.2752       217.035       0.00000      -396.081       11.5500      0.500000       5.00000       4.00000       2.76905       0.00000       0.00000       0.00000       0.00000    
        9   9.00000       16.8306       16.8306       16.8306      0.972852E-01  0.335974E-02   0.00000      -133.464      -9.09643      -49.0047       235.429       0.00000      -396.912       11.5500      0.500000       5.00000       4.00000       2.80220       0.00000       0.00000       0.00000       0.00000    
       10   10.0000       17.0149       17.0071       16.8306      0.145265      0.501491E-02   0.00000      -132.966       1.24336      -62.8225       246.412       0.00000      -397.922       10.5787      0.500000       5.00000       4.00000       2.80220       0.00000       0.00000       0.00000       0.00000    
       11   11.0000       17.2743       17.2041       16.8306      0.179272      0.618578E-02  0.628865E-02  -303.892      -25.8474      -165.977       366.458       0.00000      -399.347       7.89601      0.500000       5.00000       4.00000       2.80220       0.00000       0.00000       0.00000       0.00000    
       12   12.0000       17.3972       17.3104       16.8670      0.798901E-01  0.275594E-02   0.00000      -197.614      -13.5091      -78.3011       335.582       0.00000      -400.023       7.89601      0.517420       5.00000       4.00000       2.81016       0.00000       0.00000       0.00000       0.00000    
       13   13.0000       17.7045       17.5510       16.8670      0.212068      0.731123E-02  0.610128E-02  -243.670      -5.19029      -153.728       289.612       0.00000      -401.718       7.43540      0.514369       5.00000       4.00000       2.81016       0.00000       0.00000       0.00000       0.00000    
       14   14.0000       17.7993       17.6278       16.8884      0.178449      0.615105E-02   0.00000      -53.2863       22.1359      -16.8599       220.137       0.00000      -402.242       7.43541      0.528585       5.00000       4.00000       2.81482       0.00000       0.00000       0.00000       0.00000    
       15   15.0000       18.3275       17.9198       16.8884      0.201781      0.694807E-02   0.00000      -63.6967       13.0273      -32.0772       142.630       0.00000      -405.171       5.24538      0.518958       5.00000       4.00000       2.81482       0.00000       0.00000       0.00000       0.00000    
       16   16.0000       18.5128       18.0554       16.8884      0.193447      0.665866E-02  0.598724E-02  -205.549      -10.6707      -113.234       257.091       0.00000      -406.202       5.22038      0.513855       5.00000       4.00000       2.81482       0.00000       0.00000       0.00000       0.00000    
       17   17.0000       18.6344       18.1421       16.9009      0.918342E-01  0.316028E-02  0.517976E-02  -215.619      -18.5037      -87.9816       327.737       0.00000      -406.880       5.22039      0.518225       5.00000       4.00000       2.81755       0.00000       0.00000       0.00000       0.00000    
       18   18.0000       18.8942       18.3366       16.9404      0.104894      0.360787E-02  0.685689E-02  -225.245      -32.4739      -100.795       229.233       0.00000      -408.331       5.22040      0.520779       5.00000       4.00000       2.82619       0.00000       0.00000       0.00000       0.00000    
       19   19.0000       18.8207       18.3386       16.9075      0.106758      0.367250E-02  0.741452E-02  -163.693      -32.1726      -64.4441       79.5382       0.00000      -407.920       6.00618      0.524971       5.00000       4.00000       2.81899       0.00000       0.00000       0.00000       0.00000    
       20   20.0000       18.4835       18.1837       16.8282      0.731583E-01  0.251834E-02  0.457602E-02  -107.781      -14.7581      -32.8393       131.237       0.00000      -406.039       7.61015      0.531026       5.00000       4.00000       2.80169       0.00000       0.00000       0.00000       0.00000    
       21   21.0000       18.5294       18.2204       16.8370      0.526211E-01  0.181122E-02   0.00000      -90.9282      -8.18845      -20.8793       152.673       0.00000      -406.295       7.61015      0.535196       5.00000       4.00000       2.80361       0.00000       0.00000       0.00000       0.00000    
       22   22.0000       18.6811       18.3253       16.8370      0.587168E-01  0.202043E-02   0.00000      -101.948      -5.73836      -21.2888       213.560       0.00000      -407.141       7.38112      0.534551       5.00000       4.00000       2.80361       0.00000       0.00000       0.00000       0.00000    
       23   23.0000       19.0214       18.5191       16.8370      0.798538E-01  0.274591E-02   0.00000      -105.912      -7.54136      -28.5625       191.525       0.00000      -409.043       6.57452      0.533846       5.00000       4.00000       2.80361       0.00000       0.00000       0.00000       0.00000    
       24   24.0000       19.2489       18.6665       16.8370      0.106814      0.367132E-02   0.00000      -163.219      -7.16504      -58.2705       309.839       0.00000      -410.319       6.31637      0.532934       5.00000       4.00000       2.80361       0.00000       0.00000       0.00000       0.00000    
       25   25.0000       19.6527       18.9225       16.8370      0.888467E-01  0.305134E-02  0.261167E-02  -187.391      -8.88541      -74.8542       324.934       0.00000      -412.590       5.91486      0.531502       5.00000       4.00000       2.80361       0.00000       0.00000       0.00000       0.00000    
       26   26.0000       19.9616       19.1624       16.8844      0.225327      0.773384E-02  0.922097E-02  -255.651      -47.1559      -142.511       72.2485       0.00000      -414.334       5.91487      0.532315       5.00000       4.00000       2.81395       0.00000       0.00000       0.00000       0.00000    
       27   27.0000       19.2582       18.8307       16.7408      0.271751      0.934023E-02  0.818374E-02  -213.168      -38.0407      -111.967       144.353       0.00000      -410.371       7.91386      0.539380       5.00000       4.00000       2.78259       0.00000       0.00000       0.00000       0.00000    
       28   28.0000       19.0305       18.7031       16.7098      0.263382      0.905668E-02  0.814531E-02  -323.621      -23.7037      -200.354       313.039       0.00000      -409.094       8.61482      0.555074       5.00000       4.00000       2.77582       0.00000       0.00000       0.00000       0.00000    
       29   29.0000       18.9595       18.6792       16.7149      0.122348      0.420766E-02   0.00000      -226.750      -14.7890      -108.289       325.413       0.00000      -408.697       9.04775      0.576361       5.00000       4.00000       2.77694       0.00000       0.00000       0.00000       0.00000    
       30   30.0000       19.1543       18.8499       16.7149      0.130600      0.448973E-02  0.854875E-02  -176.281      -29.9164      -83.0237       82.5395       0.00000      -409.788       9.02338      0.570419       5.00000       4.00000       2.77694       0.00000       0.00000       0.00000       0.00000    
       31   31.0000       18.8985       18.6780       16.7124      0.128638      0.442449E-02   0.00000      -141.443      -6.19462      -50.9882       261.750       0.00000      -408.355       9.58715      0.593529       5.00000       4.00000       2.77639       0.00000       0.00000       0.00000       0.00000    
       32   32.0000       19.4260       18.8872       16.7124      0.203044      0.697642E-02  0.648909E-02  -270.655      -18.3515      -149.015       323.678       0.00000      -411.314       7.62262      0.583934       5.00000       4.00000       2.77639       0.00000       0.00000       0.00000       0.00000    
       33   33.0000       19.5385       18.9766       16.7262      0.914114E-01  0.314012E-02  0.322595E-02  -191.006      -11.4208      -85.0300       282.024       0.00000      -411.947       7.64794      0.591428       5.00000       4.00000       2.77941       0.00000       0.00000       0.00000       0.00000    
       34   34.0000       19.7341       19.1336       16.7369      0.123334      0.423507E-02  0.210890E-02  -203.323      -11.2153      -91.8676       309.067       0.00000      -413.049       7.64795      0.593014       5.00000       4.00000       2.78174       0.00000       0.00000       0.00000       0.00000    
       35   35.0000       19.9636       19.3169       16.7500      0.108156      0.371221E-02  0.567968E-02  -125.329      -13.6925      -52.4301       132.744       0.00000      -414.345       7.64796      0.595652       5.00000       4.00000       2.78461       0.00000       0.00000       0.00000       0.00000    
       36   36.0000       19.9645       19.3251       16.7562      0.217326      0.745921E-02  0.535811E-02  -134.462      -10.6280      -62.9415       156.097       0.00000      -414.350       7.71534      0.600214       5.00000       4.00000       2.78595       0.00000       0.00000       0.00000       0.00000    
       37   37.0000       20.0060       19.3586       16.7690      0.142655      0.489589E-02  0.418628E-02  -238.538      -16.5255      -110.913       340.419       0.00000      -414.585       7.75272      0.608297       5.00000       4.00000       2.78874       0.00000       0.00000       0.00000       0.00000    
       38   38.0000       20.2287       19.5350       16.7798      0.563145E-01  0.193185E-02   0.00000      -170.296      -8.17797      -51.6974       329.774       0.00000      -415.846       7.75273      0.611812       5.00000       4.00000       2.79112       0.00000       0.00000       0.00000       0.00000    
       39   39.0000       20.7551       19.8140       16.7798      0.777595E-01  0.266472E-02   0.00000      -180.319      -9.07472      -61.6175       326.118       0.00000      -418.839       7.07675      0.611284       5.00000       4.00000       2.79112       0.00000       0.00000       0.00000       0.00000    
       40   40.0000       21.2151       20.0686       16.7798      0.659304E-01  0.225729E-02   0.00000      -142.437      -6.00393      -48.1585       243.393       0.00000      -421.467       6.65998      0.610558       5.00000       4.00000       2.79112       0.00000       0.00000       0.00000       0.00000    
       41   41.0000       21.4775       20.2433       16.7798      0.117669      0.402656E-02  0.409043E-02  -195.481     -0.698698      -99.1290       300.140       0.00000      -422.971       6.57675      0.610131       5.00000       4.00000       2.79112       0.00000       0.00000       0.00000       0.00000    
       42   42.0000       21.7248       20.4247       16.7866      0.101237      0.346257E-02  0.323956E-02  -163.585      -2.72839      -72.0158       260.088       0.00000      -424.394       6.57675      0.611456       5.00000       4.00000       2.79260       0.00000       0.00000       0.00000       0.00000    
       43   43.0000       21.9520       20.5915       16.7921      0.103204      0.352823E-02  0.363253E-02  -151.224      -5.55638      -59.8157       234.546       0.00000      -425.703       6.57676      0.612378       5.00000       4.00000       2.79380       0.00000       0.00000       0.00000       0.00000    
       44   44.0000       22.1480       20.7348       16.7972      0.126529      0.432394E-02  0.540207E-02  -145.450      -7.18437      -63.7963       185.417       0.00000      -426.835       6.57677      0.613367       5.00000       4.00000       2.79491       0.00000       0.00000       0.00000       0.00000    
       45   45.0000       22.2424       20.8010       16.8035      0.132756      0.453591E-02  0.589063E-02  -162.357      -6.96126      -78.2165       197.066       0.00000      -427.381       6.57678      0.615509       5.00000       4.00000       2.79628       0.00000       0.00000       0.00000       0.00000    
       46   46.0000       22.3228       20.8577       16.8104      0.124485      0.425263E-02  0.674420E-02  -249.680      -13.7398      -128.055       306.205       0.00000      -427.847       6.58293      0.618030       5.00000       4.00000       2.79779       0.00000       0.00000       0.00000       0.00000    
       47   47.0000       22.4573       20.9533       16.8197      0.106197      0.362690E-02  0.611358E-02  -252.799      -15.8359      -117.252       339.853       0.00000      -428.626       6.59071      0.621315       5.00000       4.00000       2.79982       0.00000       0.00000       0.00000       0.00000    
       48   48.0000       22.6679       21.1033       16.8281      0.538171E-01  0.183721E-02   0.00000      -194.469      -8.33268      -68.7673       331.671       0.00000      -429.849       6.59072      0.623984       5.00000       4.00000       2.80165       0.00000       0.00000       0.00000       0.00000    
       49   49.0000       23.0166       21.3425       16.8281      0.542339E-01  0.185014E-02  0.634126E-02  -186.809      -12.9738      -78.2644       223.590       0.00000      -431.879       6.54099      0.623748       5.00000       4.00000       2.80165       0.00000       0.00000       0.00000       0.00000    
       50   50.0000       23.0983       21.4030       16.8361      0.616649E-01  0.210330E-02   0.00000      -185.015      -6.20485      -62.6040       330.676       0.00000      -432.356       6.55844      0.626423       5.00000       4.00000       2.80340       0.00000       0.00000       0.00000       0.00000    
       51   51.0000       23.5314       21.6573       16.8361      0.694233E-01  0.236586E-02  0.314693E-02  -201.811      -7.03986      -77.5664       331.407       0.00000      -434.890       6.38646      0.626130       5.00000       4.00000       2.80340       0.00000       0.00000       0.00000       0.00000    
       52   52.0000       23.8465       21.8830       16.8387      0.121507      0.413817E-02  0.838488E-02  -223.551      -17.6792      -123.419       174.844       0.00000      -436.740       6.38647      0.626730       5.00000       4.00000       2.80398       0.00000       0.00000       0.00000       0.00000    
       53   53.0000       23.6212       21.7912       16.8508      0.242589      0.826561E-02  0.106004E-01  -345.048      -55.1040      -198.251       177.639       0.00000      -435.417       6.60141      0.630876       5.00000       4.00000       2.80662       0.00000       0.00000       0.00000       0.00000    
       54   54.0000       22.9889       21.4880       16.8728      0.119423      0.407425E-02  0.806309E-02  -288.348      -26.7833      -143.527       299.445       0.00000      -431.718       7.10784      0.638086       5.00000       4.00000       2.81141       0.00000       0.00000       0.00000       0.00000    
       55   55.0000       22.9669       21.5026       16.8896      0.584410E-01  0.199386E-02  0.397209E-02  -205.815      -13.6374      -72.6802       306.702       0.00000      -431.590       7.22404      0.643295       5.00000       4.00000       2.81508       0.00000       0.00000       0.00000       0.00000    
       56   56.0000       23.1999       21.6772       16.8931      0.127558      0.434991E-02  0.878629E-02  -252.990      -31.7560      -125.775       199.705       0.00000      -432.949       7.22405      0.644615       5.00000       4.00000       2.81585       0.00000       0.00000       0.00000       0.00000    
       57   57.0000       22.9862       21.5772       16.9159      0.187404      0.639352E-02  0.976251E-02  -253.138      -45.3334      -131.019       128.223       0.00000      -431.702       7.43157      0.650931       5.00000       4.00000       2.82082       0.00000       0.00000       0.00000       0.00000    
       58   58.0000       22.5660       21.3497       16.9483      0.906859E-01  0.309647E-02  0.603024E-02  -199.306      -20.4149      -73.8882       243.716       0.00000      -429.257       7.75812      0.659513       5.00000       4.00000       2.82791       0.00000       0.00000       0.00000       0.00000    
       59   59.0000       22.6640       21.4236       16.9601      0.128628      0.439114E-02  0.663285E-02  -252.798      -16.2736      -122.910       305.744       0.00000      -429.826       7.76396      0.663389       5.00000       4.00000       2.83048       0.00000       0.00000       0.00000       0.00000    
       60   60.0000       22.7782       21.5128       16.9745      0.188005      0.641669E-02  0.937536E-02  -251.466      -29.0737      -143.512       160.372       0.00000      -430.491       7.78028      0.668045       5.00000       4.00000       2.83364       0.00000       0.00000       0.00000       0.00000    
       61   61.0000       22.4740       21.3454       17.0106      0.153245      0.523354E-02  0.910816E-02  -226.848      -36.0487      -112.298       142.250       0.00000      -428.723       8.02749      0.677310       5.00000       4.00000       2.84153       0.00000       0.00000       0.00000       0.00000    
       62   62.0000       22.2015       21.1897       17.0482      0.167721      0.573104E-02  0.759419E-02  -214.579      -21.4017      -104.966       205.851       0.00000      -427.144       8.25060      0.687329       5.00000       4.00000       2.84972       0.00000       0.00000       0.00000       0.00000    
       63   63.0000       22.1465       21.1690       17.0746      0.138085      0.471888E-02  0.612429E-02  -166.175      -12.7818      -72.3657       186.887       0.00000      -426.827       8.34821      0.695271       5.00000       4.00000       2.85549       0.00000       0.00000       0.00000       0.00000    
       64   64.0000       22.1801       21.2007       17.0915      0.146376      0.500187E-02  0.867750E-02  -155.766      -20.6954      -69.5101       65.6269       0.00000      -427.021       8.37767      0.700719       5.00000       4.00000       2.85918       0.00000       0.00000       0.00000       0.00000    
       65   65.0000       21.9142       21.0350       17.1317      0.915745E-01  0.313090E-02   0.00000      -147.279      -2.36112      -42.1487       284.975       0.00000      -425.485       8.56704      0.711782       5.00000       4.00000       2.86797       0.00000       0.00000       0.00000       0.00000    
       66   66.0000       22.7672       21.2751       17.1317      0.681812E-01  0.232711E-02   0.00000      -158.031      -6.34518      -47.2300       265.366       0.00000      -430.427       7.24360      0.710147       5.00000       4.00000       2.86797       0.00000       0.00000       0.00000       0.00000    
       67   67.0000       23.1127       21.4611       17.1317      0.160236      0.546526E-02  0.834618E-02  -249.163      -24.9902      -126.331       220.165       0.00000      -432.441       7.05554      0.709674       5.00000       4.00000       2.86797       0.00000       0.00000       0.00000       0.00000    
       68   68.0000       22.9704       21.4042       17.1560      0.102950      0.351238E-02  0.703406E-02  -271.576      -23.7051      -116.613       325.624       0.00000      -431.610       7.19982      0.715187       5.00000       4.00000       2.87328       0.00000       0.00000       0.00000       0.00000    
       69   69.0000       23.0882       21.4953       17.1663      0.757094E-01  0.258239E-02  0.611289E-02  -231.170      -18.4659      -87.3547       297.666       0.00000      -432.297       7.22462      0.718282       5.00000       4.00000       2.87553       0.00000       0.00000       0.00000       0.00000    
       70   70.0000       23.2437       21.6085       17.1646      0.181342      0.618348E-02  0.113988E-01  -332.516      -59.1705      -191.635       89.3866       0.00000      -433.206       7.22463      0.718282       5.00000       4.00000       2.87514       0.00000       0.00000       0.00000       0.00000    
       71   71.0000       22.4465       21.1703       17.1816      0.864703E-01  0.295324E-02  0.745981E-02  -182.362      -24.4184      -68.4187       162.970       0.00000      -428.564       7.65209      0.718282       5.00000       4.00000       2.87886       0.00000       0.00000       0.00000       0.00000    
       72   72.0000       22.3587       21.1306       17.1841      0.102207      0.349131E-02  0.524695E-02  -154.579      -9.83016      -58.4557       195.779       0.00000      -428.055       7.73354      0.718282       5.00000       4.00000       2.87941       0.00000       0.00000       0.00000       0.00000    
       73   73.0000       22.4484       21.1987       17.1832      0.224350      0.766225E-02  0.101730E-01  -403.652      -32.5972      -245.561       324.449       0.00000      -428.575       7.73354      0.718282       5.00000       4.00000       2.87922       0.00000       0.00000       0.00000       0.00000    
       74   74.0000       22.1546       21.0524       17.1908      0.145483      0.497164E-02  0.966408E-02  -375.023      -42.6804      -197.929       321.267       0.00000      -426.873       7.97955      0.718282       5.00000       4.00000       2.88087       0.00000       0.00000       0.00000       0.00000    
       75   75.0000       21.9466       20.9514       17.1965      0.167723      0.573403E-02  0.905253E-02  -321.694      -32.3461      -171.958       283.619       0.00000      -425.672       8.18123      0.718282       5.00000       4.00000       2.88212       0.00000       0.00000       0.00000       0.00000    
       76   76.0000       21.7953       20.8784       17.2009      0.144945      0.495681E-02   0.00000      -142.214       11.7549      -67.0826       248.339       0.00000      -424.799       8.34105      0.718282       5.00000       4.00000       2.88308       0.00000       0.00000       0.00000       0.00000    
       77   77.0000       22.4717       21.0622       17.2009      0.113333      0.387049E-02  0.758288E-02  -188.735      -16.9327      -89.6984       164.608       0.00000      -428.710       7.22739      0.714531       5.00000       4.00000       2.88308       0.00000       0.00000       0.00000       0.00000    
       78   78.0000       22.3606       21.0140       17.2163      0.892999E-01  0.305040E-02  0.710125E-02  -181.052      -20.0455      -70.0574       175.954       0.00000      -428.066       7.34096      0.718282       5.00000       4.00000       2.88644       0.00000       0.00000       0.00000       0.00000    
       79   79.0000       22.3117       20.9998       17.2181      0.910384E-01  0.311009E-02  0.820419E-02  -149.154      -20.5852      -57.1140       68.1987       0.00000      -427.782       7.40840      0.718282       5.00000       4.00000       2.88683       0.00000       0.00000       0.00000       0.00000    
       80   80.0000       22.0403       20.8504       17.2239      0.438793E-01  0.149984E-02   0.00000      -146.463      -6.39500      -30.6323       261.058       0.00000      -426.213       7.57738      0.718282       5.00000       4.00000       2.88811       0.00000       0.00000       0.00000       0.00000    
       81   81.0000       22.4428       21.0493       17.2239      0.534280E-01  0.182475E-02   0.00000      -148.563      -3.94796      -34.2474       272.994       0.00000      -428.542       7.25489      0.718039       5.00000       4.00000       2.88811       0.00000       0.00000       0.00000       0.00000    
       82   82.0000       22.9232       21.2657       17.2239      0.972061E-01  0.331672E-02  0.441965E-02  -185.855      -5.77258      -69.3838       274.132       0.00000      -431.335       6.86979      0.717735       5.00000       4.00000       2.88811       0.00000       0.00000       0.00000       0.00000    
       83   83.0000       23.1399       21.4176       17.2227      0.110053      0.375343E-02  0.724966E-02  -190.936      -15.2033      -83.4701       188.332       0.00000      -432.599       6.86980      0.718282       5.00000       4.00000       2.88783       0.00000       0.00000       0.00000       0.00000    
       84   84.0000       23.0907       21.4078       17.2245      0.704943E-01  0.240449E-02  0.534729E-02  -133.454      -7.63397      -41.2052       167.388       0.00000      -432.312       6.93696      0.718282       5.00000       4.00000       2.88822       0.00000       0.00000       0.00000       0.00000    
       85   85.0000       23.1685       21.4630       17.2236      0.860076E-01  0.293317E-02  0.534243E-02  -175.909      -8.59840      -62.4102       236.348       0.00000      -432.766       6.93696      0.718282       5.00000       4.00000       2.88804       0.00000       0.00000       0.00000       0.00000    
       86   86.0000       23.3129       21.5655       17.2217      0.730760E-01  0.249143E-02  0.548616E-02  -179.535      -11.1550      -57.6801       238.617       0.00000      -433.610       6.93697      0.718282       5.00000       4.00000       2.88763       0.00000       0.00000       0.00000       0.00000    
       87   87.0000       23.4538       21.6655       17.2199      0.170106      0.579790E-02  0.849765E-02  -254.059      -22.0803      -127.754       220.280       0.00000      -434.435       6.93698      0.718282       5.00000       4.00000       2.88723       0.00000       0.00000       0.00000       0.00000    
       88   88.0000       23.2923       21.6001       17.2242      0.160563      0.547444E-02  0.817106E-02  -226.487      -18.0846      -112.848       196.518       0.00000      -433.490       7.06567      0.718282       5.00000       4.00000       2.88816       0.00000       0.00000       0.00000       0.00000    
       89   89.0000       23.1521       21.5415       17.2279      0.416201E-01  0.141945E-02  0.528360E-02  -146.817      -9.84973      -39.4984       188.842       0.00000      -432.671       7.17824      0.718282       5.00000       4.00000       2.88897       0.00000       0.00000       0.00000       0.00000    
       90   90.0000       23.2482       21.6111       17.2268      0.361390E-01  0.123227E-02  0.524458E-02  -164.152      -10.2705      -46.6166       217.530       0.00000      -433.232       7.17825      0.718282       5.00000       4.00000       2.88873       0.00000       0.00000       0.00000       0.00000    
       91   91.0000       23.3721       21.7010       17.2253      0.780502E-01  0.266071E-02  0.577125E-02  -201.085      -12.2738      -67.8041       262.223       0.00000      -433.957       7.17826      0.718282       5.00000       4.00000       2.88840       0.00000       0.00000       0.00000       0.00000    
       92   92.0000       23.5151       21.8046       17.2236      0.130001      0.443042E-02  0.849473E-02  -226.935      -19.9038      -111.847       180.193       0.00000      -434.795       7.17826      0.718282       5.00000       4.00000       2.88803       0.00000       0.00000       0.00000       0.00000    
       93   93.0000       23.3256       21.7162       17.2283      0.180336      0.614816E-02  0.118329E-01  -331.051      -65.3836      -181.251       42.5009       0.00000      -433.684       7.30564      0.718282       5.00000       4.00000       2.88905       0.00000       0.00000       0.00000       0.00000    
       94   94.0000       22.4053       21.1971       17.2477      0.288128      0.984132E-02  0.138349E-01  -506.543      -131.019      -279.915       42.1074       0.00000      -428.325       7.78308      0.718282       5.00000       4.00000       2.89330       0.00000       0.00000       0.00000       0.00000    
       95   95.0000       21.0557       20.3647       17.2769      0.173741      0.595032E-02  0.115104E-01  -431.184      -88.1569      -208.317       235.608       0.00000      -420.555       8.60974      0.718282       5.00000       4.00000       2.89967       0.00000       0.00000       0.00000       0.00000    
       96   96.0000       20.4998       20.0111       17.2896      0.108723      0.372770E-02  0.852960E-02  -305.023      -40.9495      -125.194       281.000       0.00000      -417.385       9.10236      0.718282       5.00000       4.00000       2.90244       0.00000       0.00000       0.00000       0.00000    
       97   97.0000       20.4049       19.9631       17.2927      0.168030      0.576220E-02  0.960144E-02  -302.746      -37.2758      -159.690       214.088       0.00000      -416.846       9.26741      0.718282       5.00000       4.00000       2.90313       0.00000       0.00000       0.00000       0.00000    
       98   98.0000       20.1559       19.7999       17.2987      0.104011      0.356858E-02  0.755700E-02  -144.486      -20.3223      -59.3956       100.294       0.00000      -415.434       9.54652      0.718282       5.00000       4.00000       2.90444       0.00000       0.00000       0.00000       0.00000    
       99   99.0000       20.0351       19.7160       17.3016      0.259734      0.891351E-02  0.115308E-01  -337.568      -77.5046      -180.216       113.018       0.00000      -414.749       9.67296      0.718282       5.00000       4.00000       2.90506       0.00000       0.00000       0.00000       0.00000    
      100   100.000       19.4876       19.3109       17.3135      0.207947      0.714403E-02  0.107959E-01  -412.498      -67.6867      -206.152       281.038       0.00000      -411.660       10.2430      0.718282       5.00000       4.00000       2.90766       0.00000       0.00000       0.00000       0.00000    
      101   101.000       19.1645       19.0714       17.3212      0.139455      0.479404E-02  0.919210E-02  -331.316      -45.5314      -150.694       277.512       0.00000      -409.845       10.7386      0.718282       5.00000       4.00000       2.90936       0.00000       0.00000       0.00000       0.00000    
      102   102.000       19.0239       18.9703       17.3251      0.103335      0.355332E-02  0.739602E-02  -267.969      -31.1229      -105.345       271.060       0.00000      -409.057       11.0427      0.718282       5.00000       4.00000       2.91019       0.00000       0.00000       0.00000       0.00000    
      103   103.000       19.0097       18.9706       17.3262      0.571959E-01  0.196682E-02  0.487663E-02  -215.352      -20.7505      -65.9706       260.316       0.00000      -408.978       11.1762      0.718282       5.00000       4.00000       2.91045       0.00000       0.00000       0.00000       0.00000    
      104   104.000       19.0863       19.0454       17.3255      0.173418      0.596251E-02  0.937554E-02  -284.266      -42.3572      -134.395       207.883       0.00000      -409.407       11.1762      0.718282       5.00000       4.00000       2.91029       0.00000       0.00000       0.00000       0.00000    
      105   105.000       18.9097       18.9041       17.3298      0.380491      0.130867E-01  0.108236E-01  -266.877      -54.3683      -147.786       98.3263       0.00000      -408.418       11.4924      0.718282       5.00000       4.00000       2.91123       0.00000       0.00000       0.00000       0.00000    
      106   106.000       18.5987       18.5987       18.5987      0.294389      0.101315E-01  0.984792E-02  -197.184      -39.5406      -99.1127       65.8970       0.00000      -406.681       11.5500      0.500000       5.00000       4.00000       3.18835       0.00000       0.00000       0.00000       0.00000    
      107   107.000       18.3591       18.3591       18.3591      0.933615E-01  0.321458E-02  0.613769E-02  -101.412      -11.8555      -34.8082       85.2319       0.00000      -405.347       11.5500      0.500000       5.00000       4.00000       3.13603       0.00000       0.00000       0.00000       0.00000    
      108   108.000       18.3247       18.3247       18.3247      0.709638E-01  0.244356E-02   0.00000      -96.6787      -5.87062      -20.2362       134.836       0.00000      -405.155       11.5500      0.500000       5.00000       4.00000       3.12851       0.00000       0.00000       0.00000       0.00000    
      109   109.000       18.3881       18.3870       18.3247      0.995343E-01  0.342692E-02   0.00000      -148.574      -8.06857      -45.3247       198.240       0.00000      -405.508       11.1768      0.500000       5.00000       4.00000       3.12851       0.00000       0.00000       0.00000       0.00000    
      110   110.000       18.4726       18.4699       18.3247      0.108244      0.372618E-02  0.805117E-02  -155.386      -26.0792      -64.1975       94.3138       0.00000      -405.978       11.1232      0.500000       5.00000       4.00000       3.12851       0.00000       0.00000       0.00000       0.00000    
      111   111.000       18.3555       18.3555       18.3555      0.138419      0.476602E-02  0.731493E-02  -174.914      -22.9266      -69.3515       148.491       0.00000      -405.327       11.5500      0.500000       5.00000       4.00000       3.13524       0.00000       0.00000       0.00000       0.00000    
      112   112.000       18.3028       18.3028       18.3028      0.132024      0.454631E-02  0.648049E-02  -208.962      -18.3897      -82.1714       217.030       0.00000      -405.034       11.5500      0.500000       5.00000       4.00000       3.12373       0.00000       0.00000       0.00000       0.00000    
      113   113.000       18.3115       18.3115       18.3115      0.145446      0.500840E-02  0.878107E-02  -289.725      -32.9816      -133.099       239.673       0.00000      -405.082       11.5500      0.500000       5.00000       4.00000       3.12563       0.00000       0.00000       0.00000       0.00000    
      114   114.000       18.2167       18.2167       18.2167      0.105687      0.363997E-02  0.855140E-02  -256.729      -34.4074      -104.986       206.339       0.00000      -404.555       11.5500      0.500000       5.00000       4.00000       3.10493       0.00000       0.00000       0.00000       0.00000    
      115   115.000       18.1214       18.1214       18.1214      0.225697      0.777474E-02  0.108377E-01  -296.380      -62.5674      -150.930       123.023       0.00000      -404.026       11.5500      0.500000       5.00000       4.00000       3.08411       0.00000       0.00000       0.00000       0.00000    
      116   116.000       17.8071       17.8071       17.8071      0.704453E-01  0.242817E-02  0.818795E-02  -166.949      -28.9056      -60.3885       101.547       0.00000      -402.285       11.5500      0.500000       5.00000       4.00000       3.01546       0.00000       0.00000       0.00000       0.00000    
      117   117.000       17.6852       17.6852       17.6852      0.158021      0.544810E-02  0.103288E-01  -311.735      -62.7472      -139.568       171.238       0.00000      -401.611       11.5500      0.500000       5.00000       4.00000       2.98884       0.00000       0.00000       0.00000       0.00000    
      118   118.000       17.4296       17.4296       17.4296      0.180757      0.623512E-02  0.114594E-01  -415.902      -88.6630      -191.231       214.920       0.00000      -400.201       11.5500      0.500000       5.00000       4.00000       2.93301       0.00000       0.00000       0.00000       0.00000    
      119   119.000       17.0663       17.0663       17.0663      0.543379E-01  0.187569E-02  0.838495E-02  -275.703      -44.3201      -87.9399       227.806       0.00000      -398.204       11.5500      0.500000       5.00000       4.00000       2.85368       0.00000       0.00000       0.00000       0.00000    
      120   120.000       16.9758       16.9758       16.9758      0.875138E-01  0.302143E-02  0.795875E-02  -256.413      -37.8609      -84.2088       220.969       0.00000      -397.707       11.5500      0.500000       5.00000       4.00000       2.83392       0.00000       0.00000       0.00000       0.00000    
      121   121.000       16.9076       16.9076       16.9076      0.116728      0.403060E-02  0.892878E-02  -175.889      -34.9005      -78.8190       68.1961       0.00000      -397.333       11.5500      0.500000       5.00000       4.00000       2.81901       0.00000       0.00000       0.00000       0.00000    
      122   122.000       16.7107       16.7107       16.7107      0.143930      0.497179E-02  0.595324E-02  -105.558      -12.7037      -38.8098       89.1968       0.00000      -396.256       11.5500      0.500000       5.00000       4.00000       2.77602       0.00000       0.00000       0.00000       0.00000    
      123   123.000       16.6766       16.6766       16.6766      0.176919      0.611171E-02   0.00000      -55.7105       21.7871      -8.52445       154.029       0.00000      -396.069       11.5500      0.500000       5.00000       4.00000       2.76857       0.00000       0.00000       0.00000       0.00000    
      124   124.000       16.8467       16.8467       16.8467      0.198113      0.684159E-02  0.915366E-02  -287.214      -38.3157      -135.304       200.162       0.00000      -397.000       11.5500      0.500000       5.00000       4.00000       2.80572       0.00000       0.00000       0.00000       0.00000    
      125   125.000       16.6866       16.6866       16.6866      0.101020      0.348969E-02  0.943884E-02  -251.432      -45.6035      -107.619       134.210       0.00000      -396.124       11.5500      0.500000       5.00000       4.00000       2.77076       0.00000       0.00000       0.00000       0.00000    
      126   126.000       16.4728       16.4728       16.4728      0.108143      0.373731E-02  0.100134E-01  -209.181      -51.0695      -88.5610       37.4954       0.00000      -394.957       11.5500      0.500000       5.00000       4.00000       2.72407       0.00000       0.00000       0.00000       0.00000    
      127   127.000       16.1622       16.1622       16.1622      0.241445      0.834918E-02  0.122409E-01  -370.756      -113.984      -183.930       42.6696       0.00000      -393.265       11.5500      0.500000       5.00000       4.00000       2.65622       0.00000       0.00000       0.00000       0.00000    
      128   128.000       15.5731       15.5731       15.5731      0.113526      0.393023E-02  0.949915E-02  -312.193      -61.6208      -115.578       190.780       0.00000      -390.072       11.5500      0.500000       5.00000       4.00000       2.52757       0.00000       0.00000       0.00000       0.00000    
      129   129.000       15.3523       15.3523       15.3523      0.705206E-01  0.244246E-02  0.834504E-02  -268.399      -45.8508      -81.0596       200.537       0.00000      -388.880       11.5500      0.500000       5.00000       4.00000       2.47934       0.00000       0.00000       0.00000       0.00000    
      130   130.000       15.2269       15.2269       15.2269      0.151767      0.525767E-02  0.104268E-01  -375.685      -84.5405      -149.574       194.955       0.00000      -388.204       11.5500      0.500000       5.00000       4.00000       2.45196       0.00000       0.00000       0.00000       0.00000    
      131   131.000       14.9006       14.9006       14.9006      0.153250      0.531241E-02  0.954676E-02  -309.805      -59.8454      -135.068       170.847       0.00000      -386.450       11.5500      0.500000       5.00000       4.00000       2.38069       0.00000       0.00000       0.00000       0.00000    
      132   132.000       14.6488       14.6488       14.6488      0.122454      0.424695E-02  0.832713E-02  -266.230      -42.8107      -102.287       188.857       0.00000      -385.101       11.5500      0.500000       5.00000       4.00000       2.32570       0.00000       0.00000       0.00000       0.00000    
      133   133.000       14.5068       14.5068       14.5068      0.898068E-01  0.311554E-02  0.804026E-02  -259.305      -43.1728      -80.4408       193.726       0.00000      -384.341       11.5500      0.500000       5.00000       4.00000       2.29469       0.00000       0.00000       0.00000       0.00000    
      134   134.000       14.3858       14.3858       14.3858      0.659283E-01  0.228770E-02  0.779639E-02  -247.930      -41.1825      -70.3394       190.118       0.00000      -383.695       11.5500      0.500000       5.00000       4.00000       2.26827       0.00000       0.00000       0.00000       0.00000    
      135   135.000       14.2788       14.2788       14.2788      0.650759E-01  0.225859E-02  0.777122E-02  -206.493      -38.2258      -65.6412       135.954       0.00000      -383.124       11.5500      0.500000       5.00000       4.00000       2.24488       0.00000       0.00000       0.00000       0.00000    
      136   136.000       14.1491       14.1491       14.1491      0.130877      0.454348E-02  0.863397E-02  -231.148      -50.3260      -94.5287       116.200       0.00000      -382.433       11.5500      0.500000       5.00000       4.00000       2.21656       0.00000       0.00000       0.00000       0.00000    
      137   137.000       13.9404       13.9404       13.9404      0.259315      0.900594E-02  0.101787E-01  -258.981      -80.6254      -120.822       27.7360       0.00000      -381.323       11.5500      0.500000       5.00000       4.00000       2.17098       0.00000       0.00000       0.00000       0.00000    
      138   138.000       13.5246       13.5246       13.5246      0.963021E-01  0.334724E-02  0.750280E-02  -133.314      -31.7498      -47.7649       44.3192       0.00000      -379.119       11.5500      0.500000       5.00000       4.00000       2.08018       0.00000       0.00000       0.00000       0.00000    
      139   139.000       13.3624       13.3624       13.3624      0.177565      0.617368E-02  0.772741E-02  -239.622      -39.4659      -90.7508       168.613       0.00000      -378.261       11.5500      0.500000       5.00000       4.00000       2.04475       0.00000       0.00000       0.00000       0.00000    
      140   140.000       13.2322       13.2322       13.2322      0.119332      0.415005E-02  0.701542E-02  -198.588      -29.8934      -68.5933       149.821       0.00000      -377.574       11.5500      0.500000       5.00000       4.00000       2.01632       0.00000       0.00000       0.00000       0.00000    
      141   141.000       13.1417       13.1417       13.1417      0.169976      0.591235E-02  0.724602E-02  -160.606      -23.2669      -79.2596       87.9186       0.00000      -377.097       11.5500      0.500000       5.00000       4.00000       1.99655       0.00000       0.00000       0.00000       0.00000    
      142   142.000       13.0087       13.0087       13.0087      0.180392      0.627628E-02  0.586973E-02  -151.268      -7.67790      -65.6139       131.779       0.00000      -376.397       11.5500      0.500000       5.00000       4.00000       1.96750       0.00000       0.00000       0.00000       0.00000    
      143   143.000       12.9704       12.9704       12.9704      0.205864      0.716303E-02  0.616368E-02  -97.9782      -17.5900      -40.2618       51.5464       0.00000      -376.196       11.5500      0.500000       5.00000       4.00000       1.95914       0.00000       0.00000       0.00000       0.00000    
      144   144.000       12.8842       12.8842       12.8842      0.230382      0.801747E-02  0.624059E-02  -112.684      -21.1052      -46.3989       67.0783       0.00000      -375.742       11.5500      0.500000       5.00000       4.00000       1.94031       0.00000       0.00000       0.00000       0.00000    
      145   145.000       12.7995       12.7995       12.7995      0.263572      0.917402E-02  0.748157E-02  -132.628      -32.0374      -57.4676       33.9509       0.00000      -375.297       11.5500      0.500000       5.00000       4.00000       1.92181       0.00000       0.00000       0.00000       0.00000    
      146   146.000       12.6203       12.6203       12.6203      0.340284      0.118482E-01  0.786758E-02  -188.321      -40.8439      -88.9910       80.6123       0.00000      -374.358       11.5500      0.500000       5.00000       4.00000       1.88268       0.00000       0.00000       0.00000       0.00000    
      147   147.000       12.4251       12.4251       12.4251      0.224624      0.782404E-02  0.802130E-02  -221.916      -39.5827      -103.203       110.539       0.00000      -373.336       11.5500      0.500000       5.00000       4.00000       1.84004       0.00000       0.00000       0.00000       0.00000    
      148   148.000       12.2234       12.2234       12.2234      0.151155      0.526702E-02  0.699201E-02  -207.493      -29.5007      -72.4493       149.284       0.00000      -372.282       11.5500      0.500000       5.00000       4.00000       1.79600       0.00000       0.00000       0.00000       0.00000    
      149   149.000       12.1165       12.1165       12.1165      0.112200      0.391046E-02  0.632420E-02  -176.769      -23.8624      -51.8514       139.602       0.00000      -371.725       11.5500      0.500000       5.00000       4.00000       1.77264       0.00000       0.00000       0.00000       0.00000    
      150   150.000       12.0471       12.0471       12.0471      0.226834      0.790679E-02  0.830960E-02  -274.328      -43.6412      -122.402       149.599       0.00000      -371.363       11.5500      0.500000       5.00000       4.00000       1.75749       0.00000       0.00000       0.00000       0.00000    
      151   151.000       11.8218       11.8218       11.8218      0.196391      0.684859E-02  0.954302E-02  -335.479      -84.5997      -145.041       113.069       0.00000      -370.191       11.5500      0.500000       5.00000       4.00000       1.70827       0.00000       0.00000       0.00000       0.00000    
      152   152.000       11.4225       11.4225       11.4225      0.210150      0.733406E-02  0.968025E-02  -372.681      -100.884      -149.356       129.226       0.00000      -368.121       11.5500      0.500000       5.00000       4.00000       1.62108       0.00000       0.00000       0.00000       0.00000    
      153   153.000       10.9860       10.9860       10.9860      0.139448      0.487069E-02  0.853401E-02  -314.918      -73.5148      -103.267       151.033       0.00000      -365.867       11.5500      0.500000       5.00000       4.00000       1.52574       0.00000       0.00000       0.00000       0.00000    
      154   154.000       10.6913       10.6913       10.6913      0.103049      0.360139E-02  0.746502E-02  -219.684      -50.4049      -70.2720       105.070       0.00000      -364.352       11.5500      0.500000       5.00000       4.00000       1.46139       0.00000       0.00000       0.00000       0.00000    
      155   155.000       10.4846       10.4846       10.4846      0.106569      0.372590E-02  0.650605E-02  -145.174      -37.4241      -51.9785       65.3991       0.00000      -363.291       11.5500      0.500000       5.00000       4.00000       1.41623       0.00000       0.00000       0.00000       0.00000    
      156   156.000       10.3399       10.3399       10.3399      0.181606      0.635111E-02   0.00000      -42.0041       5.91782      -9.01456       67.8396       0.00000      -362.551       11.5500      0.500000       5.00000       4.00000       1.38464       0.00000       0.00000       0.00000       0.00000    
      157   157.000       10.3835       10.3835       10.3835      0.157130      0.549467E-02  0.643390E-02  -182.604      -23.3210      -74.2971       116.435       0.00000      -362.773       11.5500      0.500000       5.00000       4.00000       1.39415       0.00000       0.00000       0.00000       0.00000    
      158   158.000       10.2631       10.2631       10.2631      0.912512E-01  0.319170E-02  0.685846E-02  -199.086      -40.2639      -57.0516       109.362       0.00000      -362.158       11.5500      0.500000       5.00000       4.00000       1.36786       0.00000       0.00000       0.00000       0.00000    
      159   159.000       10.1008       10.1008       10.1008      0.161417      0.564765E-02  0.711461E-02  -151.466      -48.6070      -59.8029       25.2672       0.00000      -361.329       11.5500      0.500000       5.00000       4.00000       1.33242       0.00000       0.00000       0.00000       0.00000    
      160   160.000       9.87366       9.87366       9.87366      0.989134E-01  0.346229E-02  0.591426E-02  -105.121      -28.6231      -35.0397       34.3351       0.00000      -360.171       11.5500      0.500000       5.00000       4.00000       1.28281       0.00000       0.00000       0.00000       0.00000    
      161   161.000       9.74529       9.74529       9.74529      0.315350      0.110410E-01  0.724209E-02  -166.933      -56.1223      -71.8144       24.8034       0.00000      -359.518       11.5500      0.500000       5.00000       4.00000       1.25477       0.00000       0.00000       0.00000       0.00000    
      162   162.000       9.48990       9.48990       9.48990      0.210679      0.737990E-02  0.818710E-02  -301.100      -92.6169      -108.605       101.108       0.00000      -358.222       11.5500      0.500000       5.00000       4.00000       1.19899       0.00000       0.00000       0.00000       0.00000    
      163   163.000       9.13153       9.13153       9.13153      0.179235      0.628277E-02  0.770129E-02  -236.878      -78.9833      -101.656       49.3267       0.00000      -356.409       11.5500      0.500000       5.00000       4.00000       1.12073       0.00000       0.00000       0.00000       0.00000    
      164   164.000       8.79547       8.79547       8.79547      0.122012      0.427965E-02  0.679548E-02  -205.892      -55.1303      -70.7860       77.7474       0.00000      -354.714       11.5500      0.500000       5.00000       4.00000       1.04733       0.00000       0.00000       0.00000       0.00000    
      165   165.000       8.56534       8.56534       8.56534      0.123704      0.434092E-02  0.610774E-02  -194.060      -39.6676      -58.9997       107.655       0.00000      -353.558       11.5500      0.500000       5.00000       4.00000      0.997071       0.00000       0.00000       0.00000       0.00000    
      166   166.000       8.40964       8.40964       8.40964      0.140263      0.492348E-02  0.497260E-02  -109.159      -18.8007      -47.5269       61.1221       0.00000      -352.777       11.5500      0.500000       5.00000       4.00000      0.963065       0.00000       0.00000       0.00000       0.00000    
      167   167.000       8.32234       8.32234       8.32234      0.108409      0.380600E-02  0.475045E-02  -120.289      -21.7431      -30.6946       84.6431       0.00000      -352.339       11.5500      0.500000       5.00000       4.00000      0.944000       0.00000       0.00000       0.00000       0.00000    
      168   168.000       8.25715       8.25715       8.25715      0.924384E-01  0.324570E-02  0.456920E-02  -91.6206      -20.5372      -29.0169       54.2164       0.00000      -352.013       11.5500      0.500000       5.00000       4.00000      0.929761       0.00000       0.00000       0.00000       0.00000    
      169   169.000       8.18885       8.18885       8.18885      0.133428      0.468555E-02  0.567421E-02  -144.739      -36.7017      -55.4664       61.7006       0.00000      -351.671       11.5500      0.500000       5.00000       4.00000      0.914845       0.00000       0.00000       0.00000       0.00000    
      170   170.000       8.03930       8.03930       8.03930      0.173838      0.610635E-02  0.648473E-02  -204.607      -52.5205      -84.3985       70.1764       0.00000      -350.924       11.5500      0.500000       5.00000       4.00000      0.882184       0.00000       0.00000       0.00000       0.00000    
      171   171.000       7.79828       7.79828       7.79828      0.191775      0.673954E-02  0.720554E-02  -267.660      -87.8112      -106.443       62.2071       0.00000      -349.723       11.5500      0.500000       5.00000       4.00000      0.829543       0.00000       0.00000       0.00000       0.00000    
      172   172.000       7.43085       7.43085       7.43085      0.758734E-01  0.266829E-02  0.612012E-02  -234.397      -50.8555      -53.5238       111.249       0.00000      -347.897       11.5500      0.500000       5.00000       4.00000      0.749298       0.00000       0.00000       0.00000       0.00000    
      173   173.000       7.21014       7.21014       7.21014      0.103463      0.364011E-02  0.598342E-02  -183.908      -65.6924      -58.4074       45.6828       0.00000      -346.803       11.5500      0.500000       5.00000       4.00000      0.701095       0.00000       0.00000       0.00000       0.00000    
      174   174.000       6.96269       6.96269       6.96269      0.789310E-01  0.277831E-02  0.483718E-02  -144.936      -33.1171      -32.6509       77.9578       0.00000      -345.581       11.5500      0.500000       5.00000       4.00000      0.647051       0.00000       0.00000       0.00000       0.00000    
      175   175.000       6.84221       6.84221       6.84221      0.148470      0.522724E-02  0.461744E-02  -142.976      -30.9256      -38.9975       85.8051       0.00000      -344.986       11.5500      0.500000       5.00000       4.00000      0.620740       0.00000       0.00000       0.00000       0.00000    
      176   176.000       6.73925       6.73925       6.73925      0.128138      0.451230E-02  0.268052E-02  -26.0711      -1.57165      -4.55240       13.5706       0.00000      -344.479       11.5500      0.500000       5.00000       4.00000      0.598253       0.00000       0.00000       0.00000       0.00000    
      177   177.000       6.71592       6.71592       6.71592      0.352448      0.124118E-01  0.477592E-02  -99.0364      -31.7817      -41.5437       12.5737       0.00000      -344.364       11.5500      0.500000       5.00000       4.00000      0.593156       0.00000       0.00000       0.00000       0.00000    
      178   178.000       6.56086       6.56086       6.56086      0.198429      0.698992E-02  0.449812E-02  -118.277      -34.0647      -46.1083       51.0272       0.00000      -343.602       11.5500      0.500000       5.00000       4.00000      0.559292       0.00000       0.00000       0.00000       0.00000    
      179   179.000       6.44007       6.44007       6.44007      0.802776E-01  0.282854E-02  0.356575E-02  -109.729      -14.3438      -17.9425       89.2015       0.00000      -343.009       11.5500      0.500000       5.00000       4.00000      0.532911       0.00000       0.00000       0.00000       0.00000    
      180   180.000       6.40253       6.40253       6.40253      0.163937      0.577666E-02  0.322501E-02  -50.6246      -12.4840      -15.8815       25.4956       0.00000      -342.825       11.5500      0.500000       5.00000       4.00000      0.524712       0.00000       0.00000       0.00000       0.00000    
      181   181.000       6.35683       6.35683       6.35683      0.243970      0.859755E-02   0.00000       19.2933       18.1540       15.3491       11.0561       0.00000      -342.600       11.5500      0.500000       5.00000       4.00000      0.514731       0.00000       0.00000       0.00000       0.00000    
      182   182.000       6.40996       6.40996       6.40996      0.135641      0.477954E-02   0.00000      -27.3236       5.48802      -5.29435       49.7915       0.00000      -342.861       11.5500      0.500000       5.00000       4.00000      0.526336       0.00000       0.00000       0.00000       0.00000    
      183   183.000       6.44902       6.44902       6.44902      0.742790E-01  0.261714E-02  0.274282E-02  -73.2156      -5.47976      -12.1135       71.0623       0.00000      -343.053       11.5500      0.500000       5.00000       4.00000      0.534867       0.00000       0.00000       0.00000       0.00000    
      184   184.000       6.44421       6.44421       6.44421      0.188795      0.665205E-02  0.484684E-02  -127.224      -36.1452      -60.3879       30.6387       0.00000      -343.029       11.5500      0.500000       5.00000       4.00000      0.533816       0.00000       0.00000       0.00000       0.00000    
      185   185.000       6.27122       6.27122       6.27122      0.159232      0.561228E-02  0.511762E-02  -171.287      -47.0697      -68.9387       52.1263       0.00000      -342.181       11.5500      0.500000       5.00000       4.00000      0.496035       0.00000       0.00000       0.00000       0.00000    
      186   186.000       6.05809       6.05809       6.05809      0.810679E-01  0.285848E-02  0.446055E-02  -147.135      -30.0216      -39.8709       66.8772       0.00000      -341.138       11.5500      0.500000       5.00000       4.00000      0.449487       0.00000       0.00000       0.00000       0.00000    
      187   187.000       5.91432       5.91432       5.91432      0.882007E-01  0.311084E-02  0.436684E-02  -150.972      -34.5197      -37.2916       70.8789       0.00000      -340.436       11.5500      0.500000       5.00000       4.00000      0.418087       0.00000       0.00000       0.00000       0.00000    
      188   188.000       5.77090       5.77090       5.77090      0.108469      0.382676E-02  0.441691E-02  -172.409      -39.3265      -41.7423       84.0123       0.00000      -339.737       11.5500      0.500000       5.00000       4.00000      0.386764       0.00000       0.00000       0.00000       0.00000    
      189   189.000       5.61274       5.61274       5.61274      0.203752      0.719048E-02  0.413336E-02  -151.370      -32.1108      -55.7490       70.8109       0.00000      -338.967       11.5500      0.500000       5.00000       4.00000      0.352222       0.00000       0.00000       0.00000       0.00000    
      190   190.000       5.46861       5.46861       5.46861      0.254311      0.897720E-02  0.472007E-02  -202.701      -52.7697      -89.7969       57.5346       0.00000      -338.266       11.5500      0.500000       5.00000       4.00000      0.320743       0.00000       0.00000       0.00000       0.00000    
      191   191.000       5.20946       5.20946       5.20946      0.153942      0.543686E-02  0.442035E-02  -225.354      -54.0911      -69.9625       88.2443       0.00000      -337.010       11.5500      0.500000      0.367129       5.30685     -0.289690       0.00000       0.00000       0.00000       0.00000    
      192   192.000       4.96574       4.96574       4.96574      0.179897      0.635648E-02  0.304961E-02  -123.718      -9.60679      -49.3404       77.1502       0.00000      -335.831       11.5500      0.500000      0.189087       5.38219      -2.40502       0.00000       0.00000       0.00000       0.00000    
      193   193.000       4.88706       4.88706       4.88706      0.161969      0.572387E-02  0.418050E-02  -212.118      -82.7161      -75.6865       40.8001       0.00000      -335.451       11.5500      0.500000      0.412962       5.28571      -1.05415       0.00000       0.00000       0.00000       0.00000    
      194   194.000       4.58379       4.58379       4.58379      0.391410      0.138402E-01  0.430359E-02  -330.334      -161.246      -107.826       44.2766       0.00000      -333.990       11.5500      0.500000      0.331623       5.31991      -2.42394       0.00000       0.00000       0.00000       0.00000    
      195   195.000       4.07860       4.07860       4.07860      0.232307      0.822228E-02  0.226928E-02  -330.668      -124.090      -94.9518       84.2290       0.00000      -331.566       11.5500      0.500000      0.494730       5.25073      -2.58720       0.00000       0.00000       0.00000       0.00000    
      196   196.000       3.64426       3.64426       3.64426      0.140559      0.497909E-02   0.00000      -192.180      -49.7053      -45.7421       87.8185       0.00000      -329.493       11.5500      0.500000      0.459237       5.26551      -3.85512       0.00000       0.00000       0.00000       0.00000    
      197   197.000       3.46522       3.46522       3.46522      0.935302E-01  0.331430E-02   0.00000      -69.9719      -21.4242      -17.1277       43.5588       0.00000      -328.642       11.5500      0.500000      0.536356       5.23327      -3.59969       0.00000       0.00000       0.00000       0.00000    
      198   198.000       3.42457       3.42457       3.42457      0.204028      0.723042E-02   0.00000      -140.009      -33.7900      -44.0920       68.7208       0.00000      -328.448       11.5500      0.500000      0.626669       5.19584      -3.08653       0.00000       0.00000       0.00000       0.00000    
      199   199.000       3.30307       3.30307       3.30307      0.106022      0.375814E-02   0.00000      -75.0214      -16.4460      -18.7711       52.9667       0.00000      -327.872       11.5500      0.500000      0.676343       5.17547      -3.02311       0.00000       0.00000       0.00000       0.00000    
      200   200.000       3.26916       3.26916       3.26916      0.149855      0.531219E-02   0.00000      -146.560      -38.1599      -39.7405       69.9241       0.00000      -327.711       11.5500      0.500000      0.743585       5.14805      -2.75926       0.00000       0.00000       0.00000       0.00000    
      201   201.000       3.13756       3.13756       3.13756      0.793743E-01  0.281444E-02   0.00000      -173.519      -47.3494      -36.6087       68.5006       0.00000      -327.087       11.5500      0.500000      0.772445       5.13637      -2.82571       0.00000       0.00000       0.00000       0.00000    
      202   202.000       2.95508       2.95552       3.13756      0.553821E-01  0.196441E-02   0.00000      -125.332      -39.8226      -29.2597       48.1304       0.00000      -326.224       11.4939      0.500000      0.838648       5.10968      -2.56789       0.00000       0.00000       0.00000       0.00000    
      203   203.000       2.68174       2.82257       3.13756      0.112520      0.399319E-02   0.00000      -100.286      -40.0187      -30.0774       30.6042       0.00000      -324.934       4.41261      0.500000      0.898390       5.08578      -2.36809       0.00000       0.00000       0.00000       0.00000    
      204   204.000       2.57734       2.70267       3.09592      0.128341      0.455556E-02   0.00000      -79.1308      -32.6255      -23.8046       21.4461       0.00000      -324.442       6.06438      0.508871      0.939106       5.06962      -2.29503       0.00000       0.00000       0.00000       0.00000    
      205   205.000       2.49836       2.60401       3.07083       0.00000      0.856877E-04  0.898329E-03  -53.8580      0.656755E-01  0.334212E-01   86.2247       0.00000      -324.071       7.48537      0.524415      0.982487       5.05248      -2.20253       0.00000       0.00000       0.00000       0.00000    
      206   206.000       2.58508       2.66555       3.08923      0.120583      0.428013E-02   0.00000      -32.9836      -8.41836      -11.8484       20.9619       0.00000      -324.479       8.04045      0.525297       1.03804       5.03065      -2.04234       0.00000       0.00000       0.00000       0.00000    
      207   207.000       2.57126       2.64777       3.08444      0.191934      0.681294E-02   0.00000      -93.1534      -23.0397      -34.8274       49.3756       0.00000      -324.414       8.43338      0.552497       1.08195       5.01351      -1.94699       0.00000       0.00000       0.00000       0.00000    
      208   208.000       2.53866       2.57325       3.06804      0.986074E-01  0.350041E-02   0.00000      -199.390      -41.9960      -40.2325       97.8560       0.00000      -324.260       10.3592      0.633791       1.11873       4.99924      -1.88507       0.00000       0.00000       0.00000       0.00000    
      209   209.000       2.25222       2.39573       3.06804      0.179344      0.636991E-02   0.00000      -138.979      -55.3368      -50.5725       38.3168       0.00000      -322.915       7.82365      0.545261       1.15992       4.98333      -1.80313       0.00000       0.00000       0.00000       0.00000    
      210   210.000       2.10796       2.21965       3.03743      0.122637      0.435701E-02   0.00000      -176.206      -38.2599      -38.3645       92.3175       0.00000      -322.239       9.17989      0.585540       1.18676       4.97302      -1.78104       0.00000       0.00000       0.00000       0.00000    
      211   211.000       1.85998       2.07337       3.03743      0.159563      0.567161E-02   0.00000      -117.964      -21.6380      -27.7506       78.8289       0.00000      -321.079       7.75669      0.551833       1.22502       4.95838      -1.71236       0.00000       0.00000       0.00000       0.00000    
      212   212.000       1.79895       2.00669       3.02168      0.288946      0.102717E-01   0.00000      -71.0080      -22.2265      -29.1109       40.6492       0.00000      -320.794       8.14232      0.575859       1.25495       4.94698      -1.67530       0.00000       0.00000       0.00000       0.00000    
      213   213.000       1.93597       1.95559       2.99176      0.311951      0.110865E-01   0.00000      -294.176      -110.001      -92.1606       76.3057       0.00000      -321.434       11.2275      0.665566       1.27767       4.93837      -1.66373       0.00000       0.00000       0.00000       0.00000    
      214   214.000       1.30132       1.57049       2.99176      0.175921      0.625972E-02   0.00000      -230.524      -94.5960      -71.0410       51.7270       0.00000      -318.478       7.87183      0.500000       1.31260       4.92516      -1.60846       0.00000       0.00000       0.00000       0.00000    
      215   215.000      0.904641       1.25488       2.99176      0.864022E-01  0.307675E-02   0.00000      -213.897      -53.5353      -35.4410       98.5456       0.00000      -316.641       7.67357      0.500000       1.34637       4.91245      -1.55781       0.00000       0.00000       0.00000       0.00000    
